63.5 -0.351 0.435 
63.5 -0.352 0.431 
63.6 -0.367 0.403 
63.6 -0.364 0.396 
63.5 -0.334 0.439 
63.4 -0.329 0.512 
63.5 -0.361 0.4 
63.4 -0.353 0.396 
63.5 -0.364 0.398 
63.4 -0.356 0.408 
63.4 -0.343 0.406 
63.3 -0.259 0.405 
63.3 -0.264 0.412 
63.3 -0.265 0.402 
63.3 -0.261 0.435 
63.2 -0.247 0.425 
63.2 -0.247 0.436 
63.2 -0.249 0.433 
63.2 -0.242 0.459 
63.2 -0.224 0.47 
63.2 -0.204 0.48 
63.1 -0.179 0.521 
63.1 -0.183 0.523 
63.1 -0.195 0.525 
63.1 -0.201 0.488 
63.1 -0.19 0.488 
63.1 -0.188 0.482 
63.1 -0.217 0.434 
63.1 -0.209 0.432 
63.1 -0.216 0.439 
63.1 -0.23 0.434 
63.2 -0.253 0.375 
63.2 -0.25 0.376 
63.2 -0.251 0.374 
63.2 -0.249 0.376 
63.2 -0.278 0.294 
63.2 -0.275 0.301 
63.2 -0.264 0.317 
63.2 -0.261 0.329 
63.3 -0.283 0.297 
63.3 -0.3 0.301 
63.3 -0.3 0.3 
63.3 -0.303 0.267 
63.3 -0.292 0.263 
63.4 -0.322 0.222 
63.4 -0.318 0.221 
63.4 -0.306 0.198 
63.4 -0.314 0.205 
63.4 -0.325 0.204 
63.4 -0.315 0.207 
63.5 -0.342 0.202 
63.5 -0.342 0.191 
63.5 -0.337 0.2 
63.4 -0.333 0.197 
63.4 -0.322 0.19 
63.4 -0.322 0.191 
63.5 -0.326 0.184 
63.5 -0.327 0.187 
63.4 -0.322 0.188 
63.4 -0.321 0.187 
63.4 -0.327 0.184 
63.5 -0.337 0.182 
63.5 -0.337 0.184 
63.5 -0.336 0.187 
63.5 -0.336 0.185 
63.5 -0.334 0.184 
63.4 -0.323 0.18 
63.5 -0.331 0.171 
63.5 -0.334 0.166 
63.5 -0.332 0.167 
63.5 -0.329 0.169 
63.5 -0.329 0.173 
63.5 -0.349 0.163 
63.5 -0.348 0.158 
63.5 -0.346 0.159 
63.5 -0.332 0.166 
63.5 -0.341 0.157 
63.5 -0.335 0.162 
63.5 -0.337 0.162 
63.5 -0.366 0.163 
63.5 -0.364 0.165 
63.5 -0.363 0.159 
63.5 -0.368 0.163 
63.5 -0.365 0.171 
63.5 -0.361 0.171 
63.6 -0.371 0.175 
63.5 -0.369 0.174 
63.5 -0.369 0.174 
63.5 -0.371 0.163 
63.5 -0.361 0.173 
63.5 -0.355 0.174 
63.6 -0.37 0.177 
63.6 -0.371 0.172 
63.6 -0.374 0.168 
63.5 -0.378 0.173 
63.5 -0.377 0.171 
63.5 -0.374 0.173 
63.5 -0.384 0.181 
63.5 -0.382 0.179 
63.5 -0.385 0.174 
63.5 -0.4 0.17 
63.5 -0.396 0.171 
63.5 -0.39 0.171 
63.5 -0.389 0.175 
63.5 -0.387 0.167 
63.5 -0.386 0.159 
63.5 -0.384 0.141 
63.5 -0.381 0.142 
63.5 -0.382 0.143 
63.5 -0.378 0.145 
63.4 -0.37 0.153 
63.5 -0.379 0.143 
63.5 -0.382 0.144 
63.4 -0.377 0.159 
63.4 -0.38 0.148 
63.4 -0.372 0.146 
63.4 -0.372 0.134 
63.4 -0.373 0.144 
63.4 -0.383 0.141 
63.4 -0.384 0.144 
63.4 -0.381 0.148 
63.4 -0.372 0.151 
63.4 -0.371 0.151 
63.4 -0.364 0.15 
63.4 -0.37 0.154 
63.4 -0.373 0.151 
63.4 -0.369 0.152 
63.4 -0.363 0.15 
63.3 -0.339 0.155 
63.3 -0.326 0.163 
63.3 -0.322 0.161 
63.3 -0.316 0.16 
63.2 -0.308 0.155 
63.2 -0.311 0.154 
63.2 -0.306 0.152 
63.2 -0.304 0.154 
63.2 -0.303 0.16 
63.2 -0.302 0.155 
63.2 -0.299 0.155 
63.2 -0.306 0.156 
63.2 -0.304 0.16 
63.2 -0.3 0.16 
63.2 -0.306 0.165 
63.2 -0.294 0.161 
63.2 -0.287 0.177 
63.2 -0.328 0.156 
63.2 -0.331 0.159 
63.2 -0.328 0.154 
63.2 -0.323 0.15 
63.2 -0.318 0.149 
63.2 -0.305 0.138 
63.2 -0.302 0.136 
63.2 -0.299 0.133 
63.2 -0.298 0.127 
63.2 -0.309 0.138 
63.2 -0.302 0.135 
63.1 -0.281 0.138 
63.1 -0.281 0.138 
63.2 -0.29 0.135 
63.2 -0.28 0.136 
63.2 -0.282 0.144 
63.2 -0.283 0.139 
63.2 -0.278 0.142 
63.1 -0.25 0.153 
63.1 -0.255 0.145 
63.1 -0.251 0.141 
63.1 -0.251 0.134 
63.1 -0.218 0.149 
63.1 -0.221 0.145 
63.1 -0.227 0.147 
63.1 -0.229 0.143 
63.1 -0.214 0.157 
63 -0.215 0.149 
63 -0.216 0.152 
63 -0.201 0.151 
63 -0.202 0.15 
63 -0.213 0.146 
63 -0.211 0.152 
63 -0.21 0.154 
63 -0.208 0.156 
63 -0.211 0.16 
63 -0.214 0.157 
63 -0.213 0.156 
63 -0.213 0.156 
63 -0.214 0.152 
63 -0.24 0.143 
63 -0.238 0.141 
63 -0.234 0.144 
63 -0.235 0.144 
62.9 -0.234 0.137 
62.9 -0.231 0.137 
62.9 -0.224 0.137 
62.9 -0.225 0.133 
62.9 -0.216 0.129 
62.9 -0.225 0.126 
62.9 -0.229 0.123 
62.9 -0.223 0.136 
62.9 -0.228 0.133 
62.9 -0.23 0.132 
62.9 -0.24 0.144 
62.9 -0.242 0.143 
62.9 -0.226 0.147 
62.9 -0.227 0.145 
63 -0.237 0.143 
63 -0.236 0.145 
63 -0.233 0.144 
63 -0.235 0.144 
63 -0.247 0.142 
63 -0.245 0.138 
63 -0.242 0.135 
63 -0.232 0.14 
63 -0.237 0.142 
63 -0.231 0.145 
63 -0.241 0.13 
63 -0.238 0.133 
63 -0.238 0.129 
63 -0.239 0.119 
63 -0.246 0.119 
63 -0.247 0.112 
62.9 -0.242 0.11 
62.9 -0.235 0.108 
62.9 -0.251 0.107 
62.9 -0.246 0.104 
62.9 -0.22 0.103 
62.9 -0.215 0.102 
62.9 -0.235 0.12 
62.9 -0.235 0.12 
62.8 -0.232 0.12 
62.8 -0.221 0.121 
62.8 -0.219 0.117 
62.8 -0.222 0.117 
62.8 -0.213 0.121 
62.7 -0.202 0.141 
62.7 -0.205 0.137 
62.7 -0.204 0.136 
62.7 -0.201 0.134 
62.7 -0.187 0.162 
62.7 -0.191 0.155 
62.7 -0.198 0.14 
62.7 -0.193 0.153 
62.7 -0.185 0.158 
62.7 -0.185 0.156 
62.7 -0.188 0.155 
62.7 -0.189 0.149 
62.7 -0.19 0.146 
62.6 -0.187 0.144 
62.6 -0.176 0.155 
62.6 -0.188 0.137 
62.6 -0.188 0.134 
62.6 -0.185 0.134 
62.6 -0.183 0.137 
62.6 -0.174 0.145 
62.6 -0.161 0.168 
62.6 -0.162 0.164 
62.6 -0.167 0.167 
62.6 -0.167 0.171 
62.6 -0.166 0.171 
62.6 -0.167 0.165 
62.6 -0.163 0.172 
62.6 -0.157 0.173 
62.6 -0.157 0.173 
62.6 -0.157 0.174 
62.6 -0.16 0.174 
62.6 -0.159 0.178 
62.6 -0.158 0.18 
62.6 -0.161 0.18 
62.5 -0.148 0.197 
62.6 -0.166 0.195 
62.6 -0.165 0.197 
62.6 -0.159 0.201 
62.6 -0.17 0.207 
62.6 -0.175 0.192 
62.6 -0.184 0.181 
62.6 -0.182 0.183 
62.6 -0.182 0.179 
62.6 -0.185 0.177 
62.6 -0.18 0.192 
62.6 -0.181 0.194 
62.6 -0.181 0.194 
62.6 -0.177 0.2 
62.6 -0.173 0.191 
62.6 -0.181 0.194 
62.5 -0.168 0.231 
62.5 -0.164 0.243 
62.6 -0.171 0.233 
62.6 -0.192 0.233 
62.6 -0.19 0.223 
62.6 -0.183 0.216 
62.6 -0.189 0.224 
62.6 -0.213 0.21 
62.6 -0.209 0.209 
62.6 -0.209 0.205 
62.6 -0.206 0.2 
62.6 -0.205 0.199 
62.6 -0.203 0.204 
62.5 -0.197 0.205 
62.6 -0.208 0.205 
62.6 -0.206 0.204 
62.5 -0.203 0.216 
62.5 -0.199 0.217 
62.5 -0.197 0.207 
62.5 -0.2 0.207 
62.5 -0.204 0.206 
62.5 -0.204 0.207 
62.5 -0.201 0.216 
62.5 -0.201 0.208 
62.5 -0.185 0.238 
62.5 -0.213 0.23 
62.5 -0.214 0.227 
62.5 -0.214 0.225 
62.5 -0.212 0.238 
62.5 -0.204 0.231 
62.5 -0.2 0.232 
62.5 -0.21 0.244 
62.5 -0.211 0.239 
62.5 -0.209 0.235 
62.5 -0.178 0.251 
62.5 -0.18 0.25 
62.5 -0.223 0.243 
62.5 -0.215 0.237 
62.5 -0.209 0.238 
62.5 -0.202 0.243 
62.5 -0.199 0.243 
62.4 -0.189 0.26 
62.4 -0.183 0.261 
62.5 -0.181 0.263 
62.4 -0.178 0.264 
62.5 -0.199 0.26 
62.4 -0.196 0.26 
62.5 -0.212 0.239 
62.5 -0.23 0.237 
62.5 -0.228 0.241 
62.5 -0.247 0.24 
62.5 -0.255 0.24 
62.5 -0.248 0.242 
62.5 -0.256 0.248 
62.5 -0.258 0.249 
62.5 -0.282 0.249 
62.5 -0.279 0.265 
62.5 -0.285 0.258 
62.5 -0.294 0.26 
62.5 -0.297 0.261 
62.5 -0.299 0.261 
62.5 -0.295 0.256 
62.5 -0.313 0.261 
62.5 -0.302 0.26 
62.5 -0.305 0.27 
62.4 -0.297 0.269 
62.4 -0.293 0.275 
62.4 -0.284 0.271 
62.4 -0.279 0.27 
62.4 -0.278 0.275 
62.4 -0.279 0.277 
62.3 -0.27 0.277 
62.3 -0.264 0.275 
62.3 -0.263 0.274 
62.3 -0.271 0.268 
62.3 -0.27 0.264 
62.3 -0.27 0.261 
62.3 -0.266 0.268 
62.3 -0.257 0.263 
62.3 -0.265 0.258 
62.3 -0.261 0.257 
62.3 -0.257 0.247 
62.2 -0.254 0.244 
62.2 -0.254 0.246 
62.3 -0.254 0.248 
62.3 -0.255 0.252 
62.3 -0.257 0.252 
62.3 -0.27 0.259 
62.3 -0.267 0.257 
62.3 -0.274 0.265 
62.3 -0.266 0.262 
62.3 -0.254 0.262 
62.3 -0.259 0.262 
62.3 -0.254 0.26 
62.2 -0.246 0.263 
62.2 -0.246 0.267 
62.2 -0.245 0.276 
62.2 -0.246 0.28 
62.2 -0.239 0.269 
62.2 -0.229 0.272 
62.2 -0.231 0.269 
62.2 -0.236 0.289 
62.1 -0.221 0.26 
62.1 -0.213 0.265 
62.1 -0.215 0.265 
62.1 -0.212 0.265 
62.1 -0.214 0.265 
62.1 -0.215 0.265 
62.1 -0.217 0.263 
62.1 -0.217 0.26 
62.1 -0.215 0.26 
62.1 -0.217 0.259 
62.1 -0.221 0.26 
62.2 -0.222 0.262 
62.2 -0.223 0.267 
62.2 -0.225 0.269 
62.2 -0.225 0.271 
62.2 -0.226 0.275 
62.2 -0.239 0.281 
62.2 -0.241 0.28 
62.2 -0.243 0.281 
62.2 -0.254 0.284 
62.2 -0.253 0.287 
62.2 -0.254 0.29 
62.3 -0.26 0.291 
62.3 -0.261 0.293 
62.3 -0.261 0.295 
62.3 -0.261 0.299 
62.3 -0.263 0.302 
62.3 -0.263 0.302 
62.3 -0.263 0.307 
62.3 -0.265 0.312 
62.3 -0.266 0.316 
62.3 -0.267 0.32 
62.3 -0.269 0.322 
62.3 -0.278 0.327 
62.3 -0.28 0.327 
62.3 -0.281 0.33 
62.3 -0.277 0.349 
62.3 -0.274 0.339 
62.3 -0.282 0.339 
62.3 -0.28 0.338 
62.3 -0.286 0.34 
62.3 -0.289 0.339 
62.3 -0.291 0.341 
62.5 -0.344 0.408 
62.3 -0.293 0.337 
62.3 -0.281 0.343 
62.5 -0.327 0.418 
62.3 -0.282 0.353 
62.3 -0.275 0.351 
62.2 -0.272 0.348 
62.2 -0.266 0.349 
62.2 -0.268 0.351 
62.2 -0.267 0.351 
62.2 -0.264 0.356 
62.2 -0.261 0.357 
62.1 -0.256 0.357 
62.1 -0.253 0.355 
62.1 -0.252 0.369 
62.1 -0.24 0.346 
62 -0.231 0.341 
62 -0.232 0.341 
62 -0.227 0.336 
62 -0.229 0.341 
62 -0.237 0.363 
62 -0.237 0.364 
62 -0.239 0.366 
62.1 -0.242 0.364 
62 -0.242 0.366 
62 -0.234 0.371 
62 -0.241 0.368 
62 -0.241 0.362 
62 -0.23 0.347 
62 -0.226 0.346 
61.9 -0.218 0.349 
61.9 -0.206 0.354 
61.9 -0.201 0.346 
61.9 -0.204 0.358 
61.9 -0.192 0.358 
61.9 -0.193 0.357 
61.9 -0.191 0.359 
61.9 -0.196 0.362 
61.9 -0.192 0.364 
61.9 -0.195 0.381 
61.9 -0.192 0.37 
61.9 -0.189 0.37 
61.9 -0.19 0.373 
61.9 -0.192 0.375 
61.9 -0.193 0.377 
61.9 -0.193 0.377 
61.9 -0.195 0.375 
61.9 -0.195 0.375 
61.9 -0.192 0.376 
61.9 -0.192 0.376 
61.9 -0.194 0.376 
61.9 -0.196 0.377 
61.9 -0.2 0.378 
61.9 -0.199 0.376 
61.9 -0.197 0.375 
61.9 -0.194 0.374 
61.9 -0.189 0.373 
61.9 -0.186 0.366 
61.9 -0.188 0.366 
61.9 -0.182 0.362 
61.9 -0.181 0.361 
61.8 -0.157 0.365 
61.9 -0.17 0.371 
61.8 -0.168 0.37 
61.8 -0.157 0.364 
61.8 -0.156 0.356 
61.8 -0.143 0.329 
61.8 -0.146 0.356 
61.8 -0.143 0.352 
61.8 -0.138 0.354 
61.7 -0.133 0.353 
61.7 -0.134 0.353 
61.7 -0.127 0.359 
61.7 -0.13 0.353 
61.7 -0.128 0.357 
61.7 -0.127 0.356 
61.7 -0.124 0.36 
61.7 -0.125 0.361 
61.7 -0.124 0.362 
61.7 -0.126 0.369 
61.7 -0.127 0.367 
61.7 -0.126 0.366 
61.7 -0.126 0.366 
61.7 -0.128 0.368 
61.7 -0.13 0.37 
61.7 -0.134 0.371 
61.7 -0.135 0.37 
61.7 -0.129 0.425 
61.6 -0.117 0.423 
61.7 -0.137 0.374 
61.7 -0.137 0.374 
61.7 -0.139 0.375 
61.7 -0.139 0.377 
61.7 -0.141 0.377 
61.7 -0.142 0.378 
61.7 -0.14 0.379 
61.7 -0.139 0.38 
61.7 -0.138 0.38 
61.7 -0.14 0.382 
61.7 -0.139 0.382 
61.7 -0.136 0.384 
61.7 -0.137 0.387 
61.7 -0.138 0.387 
61.7 -0.133 0.368 
61.7 -0.137 0.375 
61.7 -0.128 0.353 
61.7 -0.117 0.339 
61.7 -0.114 0.341 
61.6 -0.0985 0.325 
61.7 -0.11 0.339 
61.5 -0.0573 0.335 
61.6 -0.0709 0.301 
61.4 -0.0433 0.278 
61.4 -0.0132 0.194 
61.4 0.000529 0.17 
61.4 0.0108 0.158 
61.4 0.0162 0.149 
61.4 0.0166 0.152 
61.4 0.0263 0.136 
61.4 0.0218 0.149 
61.4 0.0215 0.15 
61.4 0.0202 0.153 
61.4 0.0206 0.153 
61.4 0.0209 0.153 
61.4 0.0205 0.153 
61.4 0.0275 0.154 
61.4 0.0294 0.152 
61.4 0.0339 0.151 
61.4 0.035 0.149 
61.4 0.0377 0.147 
61.4 0.0388 0.145 
61.4 0.0352 0.143 
61.4 0.0379 0.141 
61.4 0.0451 0.14 
61.4 0.0418 0.147 
61.4 0.0407 0.147 
61.4 0.041 0.148 
61.4 0.0407 0.149 
61.4 0.0401 0.15 
61.4 0.0383 0.152 
61.4 0.0426 0.15 
61.4 0.0423 0.149 
61.4 0.0418 0.149 
61.4 0.0433 0.149 
61.4 0.0425 0.147 
61.4 0.0472 0.143 
61.4 0.0477 0.143 
61.4 0.0564 0.14 
61.4 0.0585 0.138 
61.4 0.0641 0.134 
61.4 0.0629 0.133 
61.4 0.0651 0.133 
61.4 0.0654 0.132 
61.4 0.0637 0.133 
61.4 0.0693 0.133 
61.4 0.0699 0.136 
61.4 0.0706 0.137 
61.4 0.0734 0.141 
61.4 0.0741 0.142 
61.4 0.0751 0.143 
61.4 0.0766 0.143 
61.4 0.0843 0.138 
61.4 0.083 0.14 
61.4 0.0773 0.145 
61.4 0.0776 0.144 
61.4 0.0768 0.142 
61.4 0.078 0.141 
61.4 0.0766 0.144 
61.4 0.0768 0.143 
61.4 0.0777 0.142 
61.4 0.0783 0.141 
61.4 0.0788 0.141 
61.4 0.0798 0.142 
61.4 0.0813 0.142 
61.4 0.0852 0.142 
61.4 0.0878 0.139 
61.4 0.0872 0.139 
61.4 0.0871 0.139 
61.4 0.0903 0.136 
61.4 0.09 0.134 
61.4 0.0903 0.133 
61.4 0.0906 0.133 
61.4 0.0914 0.134 
61.4 0.0952 0.137 
61.4 0.0947 0.136 
61.4 0.0933 0.138 
61.4 0.0991 0.138 
61.4 0.0963 0.139 
61.4 0.104 0.145 
61.4 0.11 0.145 
61.4 0.115 0.148 
61.4 0.116 0.149 
61.4 0.119 0.152 
61.4 0.117 0.153 
61.4 0.121 0.158 
61.4 0.121 0.159 
61.4 0.123 0.165 
61.4 0.124 0.166 
61.4 0.129 0.17 
61.4 0.125 0.17 
61.4 0.121 0.169 
61.4 0.118 0.169 
61.4 0.119 0.17 
61.4 0.119 0.171 
61.4 0.119 0.172 
61.4 0.116 0.175 
61.4 0.115 0.175 
61.4 0.114 0.175 
61.4 0.113 0.176 
61.4 0.113 0.177 
61.4 0.112 0.18 
61.4 0.115 0.18 
61.4 0.115 0.184 
61.4 0.115 0.185 
61.4 0.115 0.186 
61.4 0.116 0.19 
61.4 0.113 0.191 
61.4 0.114 0.194 
61.5 0.112 0.193 
61.5 0.11 0.197 
61.4 0.115 0.192 
61.4 0.115 0.195 
61.4 0.116 0.195 
61.4 0.12 0.197 
61.4 0.121 0.196 
61.4 0.129 0.196 
61.4 0.13 0.195 
61.4 0.136 0.198 
61.4 0.135 0.198 
61.4 0.134 0.204 
61.4 0.134 0.21 
61.4 0.131 0.215 
61.4 0.128 0.224 
61.4 0.126 0.223 
61.5 0.125 0.219 
61.5 0.122 0.218 
61.5 0.119 0.217 
61.5 0.116 0.216 
61.5 0.112 0.215 
61.5 0.102 0.22 
61.5 0.0997 0.219 
61.5 0.0983 0.22 
61.6 0.0835 0.233 
61.6 0.0885 0.227 
61.6 0.0883 0.228 
61.6 0.0888 0.228 
61.6 0.0807 0.238 
61.6 0.08 0.238 
61.6 0.0756 0.25 
61.6 0.0737 0.258 
61.6 0.0754 0.264 
61.6 0.0743 0.27 
61.6 0.0779 0.274 
61.6 0.0796 0.28 
61.6 0.0818 0.284 
61.6 0.0811 0.289 
61.6 0.0799 0.294 
61.6 0.0772 0.294 
61.6 0.0758 0.292 
61.7 0.0751 0.289 
61.7 0.0719 0.286 
61.7 0.0698 0.283 
61.7 0.0663 0.279 
61.7 0.0615 0.277 
61.7 0.0546 0.273 
61.8 0.0537 0.271 
61.8 0.0508 0.27 
61.8 0.0427 0.268 
61.8 0.0423 0.266 
61.8 0.0355 0.266 
61.8 0.0342 0.265 
61.8 0.0318 0.264 
61.8 0.0289 0.262 
61.9 0.0271 0.259 
61.9 0.0205 0.259 
61.9 0.021 0.259 
61.9 0.0195 0.258 
61.9 0.0171 0.257 
61.9 0.0148 0.258 
61.9 0.0117 0.258 
61.9 0.00943 0.258 
61.9 0.00108 0.26 
61.9 0.00128 0.26 
61.9 -0.00249 0.261 
61.9 -0.00412 0.261 
61.9 -0.0106 0.265 
61.9 -0.0118 0.265 
61.9 -0.0173 0.267 
61.9 -0.0195 0.269 
61.9 -0.0213 0.271 
61.9 -0.0269 0.271 
62 -0.0367 0.275 
62 -0.0414 0.274 
62 -0.0533 0.278 
62 -0.0571 0.278 
62 -0.0741 0.278 
62 -0.0747 0.278 
62 -0.0751 0.276 
62 -0.0812 0.275 
62 -0.0811 0.282 
62 -0.0838 0.275 
62 -0.0859 0.276 
62.1 -0.0901 0.275 
62.1 -0.0901 0.274 
62.1 -0.091 0.275 
62.1 -0.0923 0.275 
62.1 -0.0949 0.275 
62.1 -0.0961 0.275 
62.1 -0.0973 0.274 
62.1 -0.0983 0.273 
62.1 -0.0986 0.273 
62.1 -0.0991 0.273 
62.1 -0.0998 0.272 
62.1 -0.0998 0.273 
62.1 -0.0995 0.274 
62.1 -0.0995 0.274 
62.1 -0.101 0.275 
62.1 -0.0999 0.276 
62.1 -0.1 0.277 
62.1 -0.1 0.277 
62 -0.0946 0.28 
62 -0.0931 0.279 
62 -0.0912 0.279 
62 -0.0884 0.284 
62 -0.0855 0.281 
62 -0.085 0.281 
62 -0.0665 0.284 
62 -0.0726 0.284 
62 -0.0711 0.283 
62 -0.0645 0.282 
62 -0.0653 0.282 
62 -0.0665 0.282 
62 -0.0624 0.278 
62 -0.0618 0.278 
62 -0.0701 0.274 
62 -0.0694 0.274 
62 -0.0655 0.27 
62 -0.0641 0.27 
62 -0.0635 0.271 
62 -0.049 0.272 
62 -0.0481 0.276 
62 -0.0465 0.277 
61.9 -0.0234 0.279 
61.9 -0.0232 0.279 
61.8 -0.00184 0.28 
61.8 -0.00173 0.281 
61.8 0.0142 0.277 
61.8 0.0144 0.277 
61.8 0.0144 0.277 
61.8 0.0141 0.275 
61.8 0.0152 0.273 
61.8 0.0145 0.271 
61.8 0.0281 0.265 
61.8 0.0284 0.267 
61.8 0.029 0.266 
61.8 0.0291 0.265 
61.8 0.0292 0.264 
61.8 0.0412 0.256 
61.8 0.0412 0.256 
61.8 0.0411 0.256 
61.8 0.0415 0.255 
61.8 0.0545 0.247 
61.8 0.0557 0.247 
61.8 0.057 0.246 
61.8 0.064 0.243 
61.8 0.065 0.244 
61.7 0.0712 0.24 
61.7 0.0714 0.241 
61.7 0.0765 0.238 
61.7 0.0775 0.238 
61.7 0.0796 0.234 
61.7 0.0797 0.234 
61.7 0.0816 0.23 
61.7 0.0826 0.229 
61.7 0.0843 0.226 
61.7 0.0845 0.226 
61.7 0.085 0.225 
61.7 0.087 0.223 
61.7 0.0874 0.221 
61.7 0.0873 0.221 
61.7 0.0878 0.22 
61.7 0.0879 0.216 
61.7 0.0872 0.213 
61.7 0.0869 0.213 
61.7 0.0842 0.21 
61.7 0.084 0.21 
61.7 0.0832 0.211 
61.8 0.081 0.209 
61.7 0.0826 0.208 
61.7 0.0829 0.207 
61.8 0.08 0.206 
61.8 0.0801 0.205 
61.8 0.0811 0.203 
61.8 0.0769 0.202 
61.8 0.0778 0.203 
61.8 0.0783 0.201 
61.8 0.0753 0.199 
61.8 0.0769 0.197 
61.8 0.0774 0.197 
61.8 0.0774 0.196 
61.8 0.0777 0.194 
61.8 0.0774 0.194 
61.8 0.0758 0.194 
61.8 0.0764 0.195 
61.8 0.0759 0.195 
61.8 0.0741 0.195 
61.8 0.0748 0.196 
61.8 0.0748 0.196 
61.8 0.0761 0.195 
61.8 0.0765 0.196 
61.8 0.0763 0.196 
61.8 0.0745 0.196 
61.8 0.0741 0.195 
61.8 0.0758 0.196 
61.9 0.0717 0.194 
61.8 0.0716 0.197 
61.9 0.0641 0.191 
61.9 0.0726 0.196 
61.9 0.0691 0.198 
61.9 0.069 0.197 
61.9 0.0686 0.198 
61.9 0.0689 0.199 
61.9 0.0667 0.197 
61.9 0.0684 0.195 
61.9 0.0646 0.196 
61.9 0.0631 0.197 
61.9 0.0608 0.199 
61.9 0.0619 0.198 
61.9 0.0619 0.2 
61.9 0.0621 0.199 
61.9 0.0607 0.197 
61.9 0.0601 0.197 
61.9 0.0483 0.195 
61.9 0.0476 0.195 
62 0.0434 0.194 
61.9 0.0466 0.193 
61.9 0.0484 0.195 
61.9 0.0551 0.196 
61.9 0.0553 0.196 
61.9 0.0546 0.195 
61.9 0.0475 0.194 
61.9 0.0516 0.19 
61.9 0.0543 0.189 
61.9 0.0492 0.188 
62 0.0456 0.187 
62 0.0419 0.186 
62 0.0395 0.183 
62 0.0391 0.176 
62 0.04 0.173 
62 0.0381 0.172 
62 0.0389 0.172 
62 0.0389 0.173 
62 0.038 0.173 
62 0.0383 0.173 
62 0.036 0.172 
62 0.0351 0.171 
62 0.0336 0.17 
62 0.0337 0.17 
61.9 0.0367 0.171 
61.9 0.0369 0.171 
61.9 0.0364 0.172 
61.9 0.0364 0.173 
62 0.0315 0.175 
62 0.0321 0.174 
62 0.0327 0.174 
62 0.0328 0.175 
62 0.0325 0.176 
62 0.0326 0.176 
61.9 0.0336 0.178 
61.9 0.0344 0.179 
61.9 0.034 0.179 
61.9 0.0344 0.179 
61.9 0.0348 0.18 
61.9 0.0354 0.181 
61.9 0.0352 0.181 
61.9 0.0352 0.182 
61.9 0.0355 0.181 
61.9 0.0379 0.185 
61.9 0.0376 0.185 
62 -0.00597 0.167 
61.9 0.0377 0.181 
61.9 0.0373 0.181 
61.9 0.038 0.182 
61.9 0.0387 0.182 
61.9 0.0391 0.183 
61.9 0.0391 0.183 
61.9 0.0415 0.186 
61.9 0.041 0.186 
61.9 0.0411 0.186 
61.9 0.0411 0.186 
61.9 0.0413 0.186 
61.9 0.0411 0.187 
61.9 0.041 0.187 
61.9 0.0409 0.187 
61.9 0.0409 0.187 
61.9 0.0383 0.185 
61.9 0.0414 0.188 
61.9 0.0413 0.188 
61.9 0.0421 0.188 
61.9 0.041 0.187 
61.9 0.042 0.186 
61.9 0.0412 0.183 
61.9 0.042 0.183 
61.9 0.0393 0.182 
61.9 0.0394 0.182 
61.9 0.0406 0.182 
61.9 0.0406 0.182 
61.9 0.0407 0.182 
61.9 0.0388 0.182 
61.9 0.0357 0.182 
61.9 0.0361 0.181 
61.9 0.034 0.182 
61.9 0.0353 0.181 
61.9 0.0334 0.181 
61.9 0.0335 0.18 
61.9 0.0337 0.18 
61.9 0.0342 0.18 
61.9 0.0332 0.181 
61.9 0.0329 0.181 
61.9 0.0296 0.181 
61.9 0.031 0.182 
61.9 0.0313 0.182 
61.9 0.0267 0.182 
61.9 0.0269 0.182 
61.9 0.0268 0.181 
61.9 0.0266 0.181 
61.9 0.0282 0.18 
61.9 0.028 0.18 
61.9 0.0282 0.18 
61.9 0.0283 0.181 
61.9 0.0291 0.181 
61.9 0.0272 0.182 
61.9 0.0279 0.182 
61.9 0.0284 0.182 
61.9 0.0298 0.183 
61.9 0.027 0.183 
61.9 0.0274 0.183 
61.9 0.0232 0.185 
61.9 0.0247 0.185 
61.9 0.0246 0.184 
61.9 0.023 0.184 
61.9 0.0189 0.184 
61.9 0.0192 0.183 
61.9 0.0164 0.179 
61.9 0.0146 0.178 
61.9 0.0123 0.177 
61.9 0.012 0.176 
61.9 0.0116 0.176 
61.9 0.0116 0.176 
61.9 0.0111 0.177 
62 0.00655 0.175 
62 0.00686 0.175 
62 0.00842 0.175 
62 0.00578 0.173 
62 0.0064 0.172 
62 0.00602 0.172 
62 0.00232 0.17 
62 0.0047 0.172 
62 0.00331 0.171 
62 -0.000276 0.171 
62 -0.00141 0.17 
62 -0.00923 0.168 
62 -0.00826 0.169 
62 -0.0107 0.168 
62 -0.00806 0.168 
62 -0.00684 0.166 
62 -0.00801 0.165 
62 -0.0072 0.165 
62 -0.00822 0.165 
62 -0.00843 0.165 
62 -0.00827 0.165 
62 -0.00791 0.165 
62 -0.00818 0.166 
62 -0.00852 0.166 
62 -0.00849 0.167 
62 -0.00757 0.167 
62 -0.00551 0.167 
62 -0.0042 0.166 
62 -0.00483 0.166 
62 -0.00556 0.166 
62 -0.00594 0.165 
62 -0.00704 0.168 
62 -0.00696 0.168 
62 -0.00761 0.167 
62 -0.00872 0.165 
62 -0.00805 0.164 
62 -0.0071 0.169 
62 -0.00787 0.17 
62 -0.00922 0.173 
62 -0.0103 0.174 
62 -0.00898 0.171 
62 -0.0104 0.174 
62 -0.0102 0.174 
62 -0.01 0.174 
62 -0.00866 0.174 
62 -0.00867 0.174 
62 -0.00932 0.175 
62 -0.00991 0.177 
62 -0.00862 0.173 
62 -0.00878 0.173 
62 -0.00986 0.175 
62 -0.0111 0.177 
62.1 -0.0141 0.181 
62 -0.0134 0.18 
62.1 -0.0142 0.181 
62.1 -0.0183 0.182 
62.1 -0.0174 0.18 
62 -0.0158 0.179 
62.1 -0.0186 0.181 
62.1 -0.0186 0.181 
62.1 -0.0218 0.185 
62.1 -0.0203 0.183 
62.1 -0.0224 0.186 
62.1 -0.0226 0.185 
62.1 -0.0227 0.186 
62.1 -0.025 0.189 
62.1 -0.0248 0.189 
62.1 -0.0246 0.19 
62.1 -0.0255 0.191 
62.1 -0.0256 0.192 
62.1 -0.0266 0.196 
62.1 -0.0264 0.195 
62.1 -0.0278 0.199 
62.1 -0.0279 0.199 
62.1 -0.028 0.203 
62.1 -0.0265 0.2 
62.1 -0.0268 0.201 
62.1 -0.0287 0.206 
62.1 -0.0282 0.206 
62.1 -0.0284 0.206 
62.1 -0.0285 0.205 
62.1 -0.0316 0.207 
62.1 -0.0317 0.207 
62.1 -0.0316 0.208 
62.1 -0.0306 0.207 
62.1 -0.0323 0.211 
62.1 -0.0322 0.211 
62.1 -0.0324 0.212 
62.1 -0.032 0.213 
62.1 -0.0318 0.213 
62.1 -0.0316 0.213 
62.1 -0.0325 0.212 
62.1 -0.032 0.212 
62.1 -0.0313 0.212 
62.1 -0.0326 0.213 
62.1 -0.0335 0.213 
62.1 -0.0335 0.213 
62.1 -0.0326 0.212 
62.1 -0.0329 0.212 
62.1 -0.0335 0.212 
62.1 -0.0333 0.213 
62.1 -0.0345 0.214 
62.1 -0.0345 0.214 
62.1 -0.0355 0.215 
62.1 -0.0357 0.216 
62.1 -0.0354 0.216 
62.1 -0.0363 0.215 
62.1 -0.0357 0.215 
62.1 -0.0363 0.214 
62.1 -0.0354 0.215 
62.1 -0.0361 0.215 
62.1 -0.0373 0.216 
62.1 -0.0374 0.215 
62.1 -0.038 0.216 
62.1 -0.0378 0.217 
62.1 -0.0375 0.217 
62.1 -0.0379 0.217 
62.1 -0.0382 0.218 
62.1 -0.0374 0.222 
62.1 -0.0375 0.221 
62.1 -0.0375 0.222 
62.1 -0.037 0.222 
62.1 -0.0368 0.221 
62.1 -0.0381 0.222 
62.1 -0.0383 0.222 
62.1 -0.0383 0.223 
62.1 -0.0384 0.223 
62.1 -0.0385 0.223 
62.1 -0.0407 0.225 
62.1 -0.04 0.225 
62.1 -0.0402 0.225 
62.1 -0.0398 0.225 
62.2 -0.0419 0.227 
62.1 -0.0411 0.226 
62.1 -0.04 0.225 
62.1 -0.04 0.226 
62.1 -0.0388 0.225 
62.1 -0.0386 0.226 
62.2 -0.0406 0.227 
62.2 -0.0414 0.227 
62.1 -0.0404 0.227 
62.1 -0.0387 0.227 
62.1 -0.0389 0.227 
62.2 -0.0422 0.23 
62.2 -0.041 0.23 
62.2 -0.0412 0.23 
62.2 -0.0397 0.23 
62.2 -0.0401 0.231 
62.2 -0.0406 0.231 
62.2 -0.0426 0.232 
62.2 -0.0431 0.233 
62.2 -0.041 0.231 
62.2 -0.0401 0.231 
62.2 -0.0395 0.23 
62.2 -0.0384 0.229 
62.2 -0.0345 0.228 
62.2 -0.0284 0.228 
62.2 -0.0241 0.227 
62.2 -0.023 0.227 
62.2 -0.0199 0.223 
62.2 -0.0176 0.218 
62.2 -0.0175 0.214 
62.1 -0.0131 0.209 
62.1 -0.0107 0.208 
62.1 -0.0109 0.209 
62.2 -0.0105 0.208 
62.2 -0.0112 0.209 
62.2 -0.011 0.206 
62.2 -0.0113 0.207 
62.2 -0.0112 0.206 
62.2 -0.00927 0.206 
62.2 -0.00656 0.198 
62.2 -0.00483 0.195 
62.2 -0.000303 0.19 
62.2 0.00449 0.183 
62.2 0.00885 0.18 
62.1 0.0146 0.174 
62.1 0.0192 0.17 
62.1 0.0235 0.168 
62.1 0.0268 0.166 
62.1 0.0299 0.164 
62.1 0.0332 0.163 
62.1 0.0381 0.157 
62.1 0.038 0.159 
62.1 0.0402 0.158 
62.1 0.0414 0.158 
62.1 0.0436 0.158 
62.1 0.0438 0.158 
62.1 0.0446 0.157 
62.1 0.0461 0.156 
62 0.0477 0.155 
62 0.0495 0.153 
62 0.0501 0.151 
62 0.0506 0.15 
62 0.0509 0.148 
62 0.0514 0.147 
62 0.0521 0.146 
62 0.052 0.145 
62 0.055 0.143 
62 0.0542 0.142 
62 0.0534 0.141 
62 0.0526 0.138 
62 0.0516 0.137 
62 0.0519 0.132 
62 0.0512 0.132 
62 0.0503 0.133 
62 0.0492 0.132 
62 0.0477 0.132 
62 0.0449 0.129 
62 0.0442 0.128 
62 0.0422 0.128 
62 0.041 0.127 
62 0.0411 0.126 
62 0.0405 0.126 
62 0.0374 0.128 
62 0.0373 0.129 
62 0.0371 0.129 
62 0.0367 0.128 
62 0.0357 0.127 
62 0.0342 0.126 
62 0.0333 0.125 
62 0.0322 0.125 
62 0.0279 0.124 
62 0.0272 0.124 
62 0.0262 0.124 
62.1 0.0214 0.124 
62.1 0.0212 0.124 
62.1 0.0163 0.126 
62.1 0.0171 0.125 
62.1 0.0133 0.127 
62.1 0.0139 0.126 
62.1 0.011 0.126 
62.1 0.0069 0.129 
62.1 0.00254 0.131 
62.1 -0.00169 0.135 
62.2 -0.00687 0.141 
62.2 -0.011 0.144 
62.2 -0.015 0.148 
62.1 -0.0193 0.151 
62.1 -0.024 0.153 
62.1 -0.0273 0.157 
62.1 -0.0299 0.16 
62.1 -0.0342 0.165 
62.1 -0.039 0.17 
62.1 -0.045 0.175 
62.1 -0.0483 0.179 
62.1 -0.0506 0.181 
62.1 -0.0532 0.183 
62.1 -0.0541 0.183 
62.1 -0.0543 0.184 
62.1 -0.0539 0.186 
62.1 -0.0552 0.187 
62.1 -0.0557 0.188 
62.1 -0.0564 0.189 
62.1 -0.0575 0.188 
62.1 -0.0563 0.188 
62.1 -0.0573 0.188 
62.1 -0.0578 0.188 
62.1 -0.0584 0.187 
62.1 -0.0591 0.187 
62.1 -0.0606 0.186 
62.1 -0.0608 0.184 
62.1 -0.0599 0.184 
62.1 -0.0577 0.184 
62.1 -0.0554 0.184 
62.1 -0.055 0.184 
62.1 -0.0541 0.182 
62.1 -0.0532 0.181 
62.1 -0.0546 0.183 
62.1 -0.055 0.182 
62.1 -0.056 0.182 
62.1 -0.0557 0.182 
62.1 -0.0557 0.181 
62.1 -0.0556 0.181 
62.1 -0.056 0.179 
62.1 -0.0562 0.178 
62 -0.0548 0.174 
62 -0.0538 0.175 
62 -0.0532 0.172 
62 -0.0525 0.173 
62 -0.0526 0.172 
62 -0.0513 0.17 
62 -0.0519 0.17 
62 -0.0522 0.169 
62 -0.0506 0.169 
62 -0.045 0.166 
62 -0.0429 0.166 
62 -0.0407 0.165 
62 -0.0392 0.164 
62 -0.0371 0.163 
62 -0.0354 0.162 
61.9 -0.0333 0.161 
61.9 -0.0321 0.161 
61.9 -0.0246 0.16 
61.9 -0.0257 0.161 
61.9 -0.0252 0.16 
61.9 -0.0246 0.16 
61.9 -0.0232 0.16 
61.9 -0.0232 0.16 
61.9 -0.0222 0.159 
61.9 -0.0206 0.159 
61.9 -0.0205 0.16 
61.9 -0.0199 0.16 
61.9 -0.0183 0.16 
61.9 -0.0184 0.161 
61.9 -0.0189 0.16 
61.9 -0.019 0.162 
61.9 -0.0213 0.163 
61.9 -0.0234 0.163 
62 -0.0236 0.163 
62 -0.0254 0.162 
62 -0.0266 0.161 
62 -0.0259 0.159 
62 -0.0257 0.158 
62 -0.0235 0.157 
62 -0.0196 0.153 
62 -0.0175 0.151 
62 -0.0165 0.152 
62 -0.0168 0.15 
62 -0.0183 0.148 
62 -0.0195 0.147 
62.1 -0.0243 0.146 
62.1 -0.0283 0.145 
62.1 -0.0323 0.144 
62.1 -0.0337 0.142 
62.1 -0.0328 0.143 
62.1 -0.0344 0.143 
62.1 -0.0361 0.143 
62.1 -0.0373 0.143 
62.1 -0.0388 0.141 
62.1 -0.0413 0.14 
62.1 -0.0406 0.141 
62.1 -0.0412 0.141 
62.1 -0.0406 0.141 
62.1 -0.0407 0.141 
62.1 -0.041 0.142 
62.1 -0.041 0.142 
62.1 -0.041 0.142 
62.1 -0.0388 0.143 
62.1 -0.0376 0.143 
62.1 -0.0383 0.144 
62.1 -0.0369 0.144 
62.1 -0.0374 0.144 
62.1 -0.0387 0.145 
62.1 -0.0384 0.145 
62.2 -0.0389 0.147 
62.1 -0.0383 0.146 
62.1 -0.0373 0.146 
62.1 -0.0364 0.146 
62.2 -0.0382 0.146 
62.1 -0.0346 0.147 
62.1 -0.0333 0.147 
62.1 -0.0332 0.147 
62.1 -0.0336 0.147 
62.1 -0.0351 0.146 
62.1 -0.0345 0.146 
62.1 -0.0345 0.146 
62.1 -0.0347 0.145 
62.1 -0.0348 0.144 
62.1 -0.0365 0.142 
62.1 -0.0363 0.142 
62.1 -0.0367 0.142 
62.1 -0.0369 0.141 
62.1 -0.0374 0.141 
62.1 -0.0389 0.139 
62.1 -0.0381 0.139 
62.1 -0.0379 0.139 
62.1 -0.0373 0.139 
62.1 -0.0382 0.14 
62.5 -0.103 0.148 
62.1 -0.0388 0.14 
62.1 -0.0386 0.141 
62.1 -0.0391 0.141 
62.1 -0.0387 0.141 
62.1 -0.0386 0.142 
62.1 -0.04 0.14 
62.1 -0.0398 0.14 
62.1 -0.0398 0.14 
62.2 -0.0407 0.14 
62.1 -0.04 0.14 
62.1 -0.0396 0.14 
62.1 -0.0376 0.137 
62.1 -0.0389 0.138 
62.1 -0.0384 0.137 
62.1 -0.0393 0.134 
62.1 -0.0387 0.135 
62.1 -0.0387 0.134 
62.1 -0.0381 0.134 
62.1 -0.0378 0.131 
62.1 -0.0378 0.131 
62.1 -0.0371 0.131 
62.1 -0.0372 0.132 
62.1 -0.0399 0.129 
62.1 -0.0372 0.129 
62.1 -0.0331 0.129 
62.1 -0.028 0.127 
62.1 -0.0316 0.128 
62.1 -0.0315 0.129 
62.1 -0.0314 0.128 
62.1 -0.0315 0.128 
62.2 -0.0347 0.128 
62.1 -0.0309 0.127 
62.1 -0.0309 0.127 
62.1 -0.0308 0.128 
62.1 -0.0307 0.128 
62.1 -0.0307 0.127 
62.1 -0.0304 0.128 
62.1 -0.0305 0.128 
62.1 -0.0306 0.128 
62.2 -0.0305 0.126 
62.2 -0.0302 0.126 
62.1 -0.0301 0.127 
62.2 -0.0286 0.127 
62.2 -0.0292 0.127 
62.2 -0.0293 0.127 
62.2 -0.0282 0.128 
62.2 -0.0287 0.128 
62.2 -0.0278 0.128 
62.2 -0.0276 0.129 
62.2 -0.0274 0.129 
62.2 -0.0286 0.128 
62.2 -0.0287 0.128 
62.2 -0.0275 0.129 
62.2 -0.0281 0.129 
62.2 -0.0277 0.129 
62.2 -0.0275 0.128 
62.2 -0.0278 0.127 
62.2 -0.0274 0.127 
62.2 -0.0269 0.127 
62.2 -0.0268 0.127 
62.2 -0.0261 0.127 
62.2 -0.0259 0.127 
62.2 -0.0256 0.127 
62.2 -0.0259 0.127 
62.2 -0.0257 0.127 
62.2 -0.026 0.127 
62.2 -0.0261 0.127 
62.2 -0.0268 0.127 
62.2 -0.0264 0.128 
62.2 -0.026 0.128 
62.2 -0.0258 0.129 
62.2 -0.0257 0.129 
62.2 -0.0253 0.13 
62.2 -0.0245 0.13 
62.2 -0.0242 0.13 
62.2 -0.0243 0.131 
62.2 -0.0234 0.131 
62.2 -0.0228 0.131 
62.2 -0.0218 0.131 
62.2 -0.0217 0.131 
62.2 -0.0211 0.131 
62.2 -0.0205 0.132 
62.2 -0.0204 0.132 
62.2 -0.0203 0.133 
62.2 -0.0206 0.133 
62.3 -0.0212 0.133 
62.2 -0.0211 0.133 
62.2 -0.021 0.133 
62.2 -0.0209 0.133 
62.3 -0.0216 0.133 
62.3 -0.0215 0.133 
62.3 -0.0224 0.133 
62.3 -0.0225 0.132 
62.3 -0.0225 0.132 
62.3 -0.0228 0.132 
62.3 -0.0233 0.132 
62.3 -0.0235 0.133 
62.3 -0.0238 0.133 
62.3 -0.0246 0.133 
62.3 -0.0251 0.133 
62.3 -0.0254 0.134 
62.3 -0.0257 0.133 
62.3 -0.0258 0.133 
62.3 -0.026 0.134 
62.3 -0.0262 0.134 
62.3 -0.0264 0.134 
62.3 -0.0268 0.134 
62.3 -0.0267 0.135 
62.3 -0.0267 0.135 
62.3 -0.0266 0.135 
62.3 -0.0264 0.135 
62.3 -0.026 0.135 
62.3 -0.0256 0.135 
62.3 -0.0254 0.135 
62.3 -0.0248 0.135 
62.3 -0.0248 0.135 
62.3 -0.0247 0.136 
62.3 -0.0244 0.136 
62.3 -0.0243 0.136 
62.3 -0.0242 0.137 
62.3 -0.0241 0.137 
62.3 -0.024 0.137 
62.3 -0.0239 0.137 
62.3 -0.0238 0.137 
62.3 -0.0238 0.137 
62.3 -0.0238 0.138 
62.3 -0.0238 0.138 
62.3 -0.0236 0.138 
62.3 -0.0237 0.138 
62.3 -0.0243 0.137 
62.3 -0.0245 0.137 
62.3 -0.0246 0.137 
62.3 -0.0246 0.137 
62.3 -0.0249 0.137 
62.3 -0.0249 0.138 
62.3 -0.0252 0.138 
62.3 -0.0255 0.138 
62.2 -0.0215 0.141 
62.2 -0.0242 0.14 
62.3 -0.0277 0.136 
62.3 -0.0728 0.455 
62.3 -0.0468 0.136 
62.2 -0.0626 0.496 
62.3 -0.0491 0.134 
62.3 -0.0319 0.136 
62.3 -0.0338 0.137 
62.2 -0.0351 0.138 
62.2 -0.0366 0.138 
62.2 -0.0376 0.138 
62.2 -0.0391 0.138 
62.2 -0.0397 0.138 
62.2 -0.0413 0.139 
62.2 -0.0411 0.139 
62.2 -0.0412 0.139 
62.2 -0.0425 0.14 
62.2 -0.0427 0.14 
62.2 -0.0427 0.14 
62.2 -0.0439 0.141 
62.2 -0.0439 0.14 
62.2 -0.0439 0.14 
62.2 -0.0438 0.14 
62.2 -0.0438 0.141 
62.2 -0.0437 0.141 
62.2 -0.0434 0.141 
62.2 -0.0444 0.142 
62.2 -0.0446 0.141 
62.2 -0.0453 0.142 
62.2 -0.046 0.142 
62.2 -0.0471 0.143 
62.2 -0.0481 0.143 
62.2 -0.049 0.145 
62.2 -0.0505 0.149 
62.1 -0.0502 0.148 
62.1 -0.0525 0.149 
62.1 -0.0541 0.149 
62.1 -0.0339 0.147 
62.1 -0.0561 0.15 
62.1 -0.057 0.149 
62.1 -0.0578 0.149 
62.1 -0.0591 0.149 
62.1 -0.0588 0.149 
62.1 -0.0585 0.149 
62.1 -0.0582 0.15 
62.1 -0.0574 0.15 
62.1 -0.0577 0.15 
62.1 -0.0575 0.15 
62.1 -0.0571 0.15 
62.1 -0.0558 0.15 
62.1 -0.0555 0.15 
62.1 -0.0554 0.15 
62.1 -0.0553 0.15 
62.1 -0.0554 0.15 
62.1 -0.0558 0.15 
62.1 -0.0563 0.149 
62.1 -0.0574 0.149 
62.1 -0.0575 0.149 
62.1 -0.0576 0.149 
62.1 -0.0579 0.149 
62.1 -0.0575 0.149 
62.1 -0.0574 0.148 
62.1 -0.0574 0.148 
62.1 -0.0582 0.148 
62.1 -0.0584 0.148 
62.1 -0.0582 0.148 
62.1 -0.0587 0.148 
62.2 -0.059 0.149 
62.2 -0.0586 0.148 
62.2 -0.0594 0.149 
62.2 -0.0643 0.147 
62.2 -0.0587 0.148 
62.2 -0.0587 0.148 
62.2 -0.0588 0.148 
62.2 -0.0588 0.147 
62.2 -0.058 0.146 
62.2 -0.0581 0.146 
62.2 -0.0583 0.146 
62.2 -0.0586 0.146 
62.2 -0.0589 0.146 
62.2 -0.0588 0.146 
62.2 -0.0594 0.146 
62.2 -0.0595 0.146 
62.2 -0.0596 0.146 
62.2 -0.0598 0.146 
62.2 -0.0599 0.146 
62.2 -0.0599 0.146 
62.2 -0.0608 0.146 
62.2 -0.0612 0.146 
62.2 -0.0615 0.146 
62.2 -0.0614 0.146 
62.2 -0.0606 0.146 
62.2 -0.0607 0.145 
62.2 -0.0609 0.145 
62.2 -0.0608 0.145 
62.2 -0.0616 0.145 
62.2 -0.0609 0.146 
62.2 -0.061 0.146 
62.2 -0.0619 0.146 
62.2 -0.0617 0.146 
62.2 -0.0619 0.146 
62.2 -0.0621 0.145 
62.2 -0.0625 0.145 
62.2 -0.0626 0.145 
62.2 -0.0624 0.145 
62.2 -0.0633 0.145 
62.2 -0.0645 0.145 
62.2 -0.0642 0.145 
62.2 -0.0642 0.145 
62.2 -0.067 0.143 
62.2 -0.0671 0.143 
62.2 -0.067 0.143 
62.2 -0.067 0.143 
62.2 -0.0672 0.143 
62.2 -0.0668 0.143 
62.2 -0.0671 0.143 
62.2 -0.0672 0.143 
62.2 -0.0674 0.143 
62.2 -0.068 0.143 
62.2 -0.0678 0.143 
62.2 -0.0682 0.143 
62.2 -0.0679 0.143 
62.2 -0.0674 0.143 
62.2 -0.0667 0.143 
62.2 -0.0662 0.143 
62.2 -0.0661 0.142 
62.2 -0.066 0.142 
62.2 -0.0652 0.142 
62.2 -0.0629 0.14 
62.2 -0.0621 0.14 
62.2 -0.0618 0.14 
62.2 -0.0605 0.139 
62.2 -0.0606 0.14 
62.2 -0.0591 0.139 
62.2 -0.0583 0.139 
62.2 -0.0581 0.14 
62.2 -0.0579 0.14 
62.2 -0.0575 0.139 
62.2 -0.0558 0.139 
62.2 -0.0556 0.139 
62.2 -0.0544 0.137 
62.2 -0.0542 0.138 
62.2 -0.0561 0.142 
62.2 -0.0556 0.143 
62.2 -0.0553 0.143 
62.2 -0.0551 0.143 
62.1 -0.0536 0.144 
62.2 -0.0549 0.143 
62.2 -0.0547 0.143 
62.1 -0.055 0.144 
62.1 -0.0553 0.144 
62.1 -0.0555 0.144 
62.2 -0.0557 0.144 
62.2 -0.0565 0.145 
62.2 -0.0564 0.144 
62.2 -0.056 0.144 
62.1 -0.0559 0.167 
61.8 0.0108 0.139 
61.9 -0.00881 0.134 
62.1 -0.0485 0.143 
62.1 -0.0484 0.141 
62.1 -0.0478 0.14 
62.1 -0.0555 0.141 
62.1 -0.0572 0.142 
62.1 -0.057 0.143 
62.1 -0.0565 0.145 
62.1 -0.0565 0.144 
62.1 -0.0564 0.144 
62.1 -0.0572 0.144 
62.1 -0.0558 0.144 
62.1 -0.0548 0.144 
62.1 -0.0556 0.144 
62.1 -0.056 0.144 
62.1 -0.0555 0.144 
62.1 -0.0553 0.144 
62.1 -0.0556 0.143 
62.1 -0.0558 0.143 
62.1 -0.056 0.143 
62.1 -0.0561 0.143 
62.1 -0.0561 0.143 
62.1 -0.0552 0.142 
62.1 -0.0554 0.142 
62.1 -0.0554 0.142 
62.1 -0.055 0.143 
62.1 -0.0551 0.143 
62.1 -0.0551 0.143 
62.1 -0.0543 0.145 
62.1 -0.0543 0.145 
62.1 -0.0546 0.145 
62.1 -0.0544 0.15 
62.1 -0.0547 0.149 
62.1 -0.0554 0.15 
62.1 -0.0555 0.15 
62.1 -0.056 0.149 
62.1 -0.0562 0.149 
62.1 -0.0559 0.147 
62.1 -0.0558 0.147 
62.1 -0.056 0.146 
62.1 -0.056 0.146 
62.1 -0.0562 0.146 
62.1 -0.057 0.145 
62.1 -0.0568 0.145 
62.1 -0.0568 0.146 
62.2 -0.0574 0.145 
62.2 -0.0575 0.146 
62.2 -0.0575 0.144 
62.2 -0.0574 0.145 
62.2 -0.058 0.145 
62.2 -0.0581 0.146 
62.1 -0.0581 0.146 
62.2 -0.0581 0.146 
62.2 -0.0581 0.147 
62.2 -0.0579 0.147 
62.2 -0.0581 0.147 
62.2 -0.0606 0.145 
62.2 -0.0606 0.145 
62.2 -0.0605 0.144 
62.2 -0.0604 0.145 
62.2 -0.0602 0.145 
62.2 -0.0609 0.146 
62.2 -0.0608 0.147 
62.2 -0.0607 0.147 
62.2 -0.0603 0.148 
62.2 -0.0607 0.148 
62.2 -0.0604 0.147 
62.3 -0.0443 0.104 
62.2 -0.0576 0.148 
62.2 -0.0596 0.146 
62.2 -0.0599 0.144 
62.2 -0.06 0.144 
62.2 -0.0597 0.143 
62.2 -0.0595 0.143 
62.2 -0.0593 0.142 
62.2 -0.0595 0.142 
62.2 -0.059 0.143 
62.2 -0.059 0.141 
62.2 -0.0582 0.14 
62.2 -0.0582 0.14 
62.2 -0.0579 0.138 
62.2 -0.0575 0.139 
62.2 -0.0579 0.137 
62.2 -0.0579 0.137 
62.2 -0.0583 0.136 
62.2 -0.0582 0.136 
62.2 -0.0577 0.136 
62.2 -0.058 0.134 
62.2 -0.0579 0.134 
62.2 -0.0579 0.135 
62.2 -0.0577 0.134 
62.2 -0.0578 0.134 
62.2 -0.058 0.134 
62.2 -0.0577 0.134 
62.2 -0.0578 0.134 
62.2 -0.0579 0.134 
62.2 -0.0573 0.134 
62.2 -0.0574 0.134 
62.2 -0.0576 0.134 
62.2 -0.0578 0.134 
62.2 -0.0578 0.135 
62.2 -0.057 0.135 
62.2 -0.0572 0.136 
62.2 -0.0573 0.136 
62.2 -0.057 0.136 
62.2 -0.057 0.136 
62.2 -0.0573 0.137 
62.2 -0.0573 0.137 
62.2 -0.0574 0.138 
62.2 -0.0576 0.138 
62.2 -0.0574 0.138 
62.2 -0.0562 0.139 
62.2 -0.0572 0.138 
62.2 -0.0571 0.138 
62.2 -0.0566 0.139 
62.2 -0.0567 0.139 
62.2 -0.0564 0.139 
62.2 -0.0565 0.139 
62.2 -0.0562 0.14 
62.2 -0.0563 0.14 
62.2 -0.0561 0.141 
62.2 -0.0556 0.141 
62.2 -0.0557 0.141 
62.2 -0.0556 0.141 
62.2 -0.0557 0.142 
62.2 -0.0559 0.141 
62.2 -0.0564 0.142 
62.2 -0.0561 0.142 
62.2 -0.056 0.142 
62.2 -0.056 0.142 
62.2 -0.0558 0.142 
62.2 -0.0558 0.142 
62.2 -0.0558 0.143 
62.2 -0.0558 0.143 
62.2 -0.0558 0.143 
62.2 -0.0548 0.143 
62.2 -0.055 0.143 
62.2 -0.054 0.142 
62.2 -0.0541 0.142 
62.2 -0.0533 0.142 
62.2 -0.0541 0.142 
62.2 -0.054 0.142 
62.2 -0.0538 0.141 
62.2 -0.0539 0.141 
62.2 -0.0537 0.141 
62.2 -0.0533 0.14 
62.2 -0.054 0.141 
62.2 -0.0542 0.141 
62.2 -0.0543 0.141 
62.2 -0.0541 0.141 
62.2 -0.0542 0.141 
62.2 -0.0543 0.141 
62.2 -0.054 0.14 
62.2 -0.0539 0.14 
62.2 -0.0539 0.141 
62.2 -0.054 0.141 
62.2 -0.0543 0.141 
62.2 -0.0535 0.14 
62.2 -0.0531 0.141 
62.2 -0.0532 0.141 
62.2 -0.0532 0.14 
62.2 -0.0508 0.141 
62.2 -0.0524 0.142 
62.2 -0.0521 0.142 
62.2 -0.0615 0.142 
62.2 -0.0511 0.14 
62.2 -0.0514 0.14 
62.2 -0.0516 0.14 
62.2 -0.051 0.141 
62.2 -0.0513 0.141 
62.2 -0.0515 0.141 
62.2 -0.0516 0.141 
62.3 -0.0514 0.142 
62.3 -0.0516 0.142 
62.3 -0.0512 0.142 
62.3 -0.0509 0.144 
62.3 -0.0513 0.144 
62.3 -0.0515 0.144 
62.2 -0.0514 0.144 
62.2 -0.0511 0.145 
62.2 -0.0511 0.145 
62.2 -0.0512 0.144 
62.2 -0.0512 0.144 
62.2 -0.0509 0.144 
62.2 -0.0509 0.144 
62.2 -0.051 0.144 
62.2 -0.051 0.144 
62.2 -0.0503 0.145 
62.2 -0.0503 0.145 
62.2 -0.0504 0.145 
62.2 -0.0498 0.145 
62.2 -0.05 0.146 
62.2 -0.0501 0.146 
62.2 -0.0499 0.146 
62.2 -0.0492 0.146 
62.2 -0.0494 0.146 
62.2 -0.0496 0.146 
62.2 -0.0575 0.145 
62.2 -0.0489 0.147 
62.2 -0.0492 0.147 
62.2 -0.0495 0.147 
62.2 -0.0494 0.147 
62.2 -0.0497 0.147 
62.2 -0.0494 0.146 
62.2 -0.0491 0.146 
62.2 -0.0486 0.146 
62.2 -0.0493 0.147 
62.2 -0.0488 0.147 
62.2 -0.0489 0.146 
62.3 -0.0494 0.146 
62.3 -0.0494 0.146 
62.3 -0.05 0.147 
62.3 -0.0498 0.147 
62.3 -0.0499 0.147 
62.3 -0.0508 0.149 
62.3 -0.0504 0.148 
62.3 -0.0496 0.148 
62.3 -0.0496 0.148 
62.3 -0.0502 0.148 
62.3 -0.0503 0.148 
62.2 -0.0486 0.148 
62.2 -0.0481 0.149 
62.2 -0.0476 0.149 
62.2 -0.0476 0.149 
62.2 -0.0452 0.147 
62.2 -0.0458 0.148 
62.3 -0.047 0.148 
62.2 -0.0454 0.147 
62.2 -0.0453 0.147 
62.2 -0.044 0.147 
62.2 -0.0441 0.147 
62.2 -0.0441 0.147 
62.2 -0.0428 0.147 
62.2 -0.0433 0.147 
62.2 -0.0434 0.147 
62.2 -0.0427 0.147 
62.2 -0.0428 0.147 
62.2 -0.043 0.147 
62.2 -0.0431 0.147 
62.2 -0.043 0.147 
62.2 -0.0424 0.147 
62.2 -0.0427 0.147 
62.2 -0.0428 0.147 
62.2 -0.0429 0.147 
62.2 -0.0431 0.147 
62.2 -0.0433 0.147 
62.2 -0.0435 0.147 
62.2 -0.0431 0.147 
62.2 -0.0429 0.147 
62.2 -0.0429 0.147 
62.2 -0.0427 0.147 
62.2 -0.0427 0.147 
62.2 -0.0426 0.147 
62.2 -0.0428 0.147 
62.2 -0.0437 0.148 
62.2 -0.0438 0.148 
62.2 -0.0435 0.147 
62.2 -0.0435 0.148 
62.2 -0.0438 0.148 
62.2 -0.044 0.148 
62.2 -0.0438 0.148 
62.2 -0.044 0.148 
62.2 -0.0438 0.148 
62.2 -0.0437 0.148 
62.2 -0.0438 0.148 
62.2 -0.0439 0.148 
62.2 -0.044 0.148 
62.2 -0.0441 0.148 
62.2 -0.0444 0.149 
62.2 -0.0446 0.149 
62.2 -0.0443 0.149 
62.2 -0.0443 0.149 
62.2 -0.0445 0.149 
62.2 -0.0444 0.149 
62.2 -0.0444 0.149 
62.2 -0.0446 0.149 
62.2 -0.0447 0.149 
62.2 -0.0448 0.149 
62.2 -0.0449 0.149 
62.2 -0.0457 0.15 
62.2 -0.0454 0.15 
62.2 -0.046 0.15 
62.3 -0.0471 0.151 
62.3 -0.0476 0.151 
62.3 -0.0482 0.152 
62.3 -0.0489 0.152 
62.3 -0.0495 0.153 
62.3 -0.0508 0.153 
62.3 -0.051 0.152 
62.3 -0.0517 0.154 
62.3 -0.0524 0.155 
62.3 -0.0522 0.156 
62.3 -0.0518 0.156 
62.3 -0.0521 0.156 
62.3 -0.0521 0.155 
62.3 -0.0518 0.155 
62.3 -0.0517 0.155 
62.3 -0.0514 0.155 
62.3 -0.0508 0.155 
62.3 -0.0486 0.154 
62.3 -0.0484 0.154 
62.3 -0.0483 0.153 
62.3 -0.0482 0.153 
62.3 -0.0482 0.153 
62.3 -0.0481 0.153 
62.3 -0.0475 0.153 
62.3 -0.0474 0.153 
62.3 -0.0473 0.153 
62.3 -0.0472 0.153 
62.3 -0.0468 0.153 
62.3 -0.0464 0.153 
62.3 -0.0459 0.153 
62.3 -0.0459 0.153 
62.3 -0.0458 0.153 
62.3 -0.0457 0.153 
62.3 -0.0455 0.154 
62.3 -0.0457 0.154 
62.3 -0.0456 0.153 
62.3 -0.0453 0.153 
62.3 -0.0451 0.153 
62.3 -0.0449 0.153 
62.3 -0.0449 0.153 
62.3 -0.0448 0.153 
62.3 -0.0442 0.153 
62.3 -0.0441 0.153 
62.4 -0.0664 0.141 
62.4 -0.0592 0.15 
62.3 -0.0428 0.152 
62.3 -0.0423 0.152 
62.3 -0.0417 0.152 
62.3 -0.0415 0.153 
62.3 -0.0417 0.153 
62.3 -0.0416 0.154 
62.3 -0.0413 0.154 
62.3 -0.0411 0.154 
62.3 -0.0413 0.154 
62.3 -0.041 0.154 
62.3 -0.0411 0.154 
62.3 -0.0412 0.154 
62.3 -0.0413 0.154 
62.3 -0.0419 0.154 
62.3 -0.0421 0.155 
62.3 -0.0422 0.155 
62.3 -0.0418 0.154 
62.3 -0.0421 0.154 
62.3 -0.0422 0.154 
62.3 -0.0421 0.154 
62.3 -0.0419 0.154 
62.3 -0.0418 0.154 
62.3 -0.042 0.154 
62.3 -0.0413 0.153 
62.3 -0.0412 0.153 
62.3 -0.0414 0.154 
62.3 -0.0419 0.154 
62.3 -0.0421 0.154 
62.3 -0.0417 0.154 
62.3 -0.0413 0.153 
62.3 -0.0412 0.153 
62.3 -0.0409 0.153 
62.3 -0.0407 0.153 
62.3 -0.0402 0.152 
62.3 -0.0401 0.152 
62.2 -0.0401 0.152 
62.2 -0.0401 0.152 
62.2 -0.0399 0.152 
62.2 -0.0401 0.152 
62.2 -0.0402 0.152 
62.2 -0.0404 0.152 
62.2 -0.0408 0.152 
62.2 -0.0407 0.152 
62.2 -0.0409 0.152 
62.2 -0.041 0.152 
62.2 -0.0409 0.152 
62.3 -0.0412 0.152 
62.3 -0.0412 0.152 
62.3 -0.0414 0.152 
62.3 -0.0415 0.152 
62.3 -0.0416 0.152 
62.3 -0.0416 0.152 
62.3 -0.0416 0.152 
62.3 -0.0416 0.152 
62.3 -0.0418 0.152 
62.3 -0.0421 0.152 
62.3 -0.0423 0.152 
62.3 -0.0422 0.152 
62.3 -0.0432 0.152 
62.3 -0.043 0.152 
62.3 -0.0431 0.152 
62.3 -0.0433 0.153 
62.3 -0.043 0.153 
62.3 -0.0432 0.153 
62.3 -0.0434 0.153 
62.3 -0.0434 0.153 
62.3 -0.0431 0.153 
62.3 -0.0428 0.153 
62.3 -0.0428 0.153 
62.3 -0.0431 0.153 
62.3 -0.0434 0.153 
62.3 -0.0442 0.153 
62.3 -0.0446 0.153 
62.3 -0.0448 0.154 
62.3 -0.0446 0.154 
62.3 -0.0447 0.154 
62.3 -0.0449 0.153 
62.3 -0.0443 0.153 
62.3 -0.0444 0.153 
62.3 -0.0444 0.153 
62.3 -0.0442 0.153 
62.3 -0.0445 0.153 
62.3 -0.0439 0.153 
62.3 -0.044 0.154 
62.3 -0.0438 0.154 
62.3 -0.0438 0.154 
62.3 -0.0435 0.154 
62.3 -0.0435 0.154 
62.3 -0.0435 0.154 
62.3 -0.0436 0.154 
62.3 -0.0442 0.154 
62.3 -0.0436 0.154 
62.3 -0.0437 0.154 
62.3 -0.0437 0.154 
62.3 -0.0437 0.154 
62.3 -0.0443 0.154 
62.3 -0.0444 0.154 
62.3 -0.0443 0.154 
62.3 -0.0442 0.155 
62.3 -0.0445 0.155 
62.3 -0.0444 0.154 
62.4 -0.0443 0.155 
62.4 -0.0445 0.155 
62.4 -0.0447 0.155 
62.4 -0.0447 0.155 
62.4 -0.0441 0.155 
62.4 -0.0442 0.155 
62.4 -0.0443 0.155 
62.4 -0.0443 0.155 
62.4 -0.0443 0.155 
62.4 -0.0444 0.155 
62.4 -0.0444 0.155 
62.4 -0.0442 0.155 
62.4 -0.0441 0.155 
62.4 -0.0441 0.155 
62.4 -0.0439 0.155 
62.4 -0.0438 0.155 
62.4 -0.0438 0.155 
62.4 -0.0441 0.155 
62.4 -0.0438 0.155 
62.4 -0.0439 0.155 
62.4 -0.0442 0.155 
62.4 -0.0443 0.155 
62.4 -0.0443 0.155 
62.4 -0.0441 0.155 
62.4 -0.0445 0.155 
62.4 -0.0443 0.155 
62.4 -0.0443 0.155 
62.4 -0.0445 0.155 
62.4 -0.0445 0.155 
62.4 -0.0446 0.155 
62.4 -0.0447 0.155 
62.4 -0.0449 0.155 
62.4 -0.0451 0.155 
62.4 -0.045 0.155 
62.4 -0.0454 0.155 
62.4 -0.0456 0.155 
62.4 -0.0452 0.155 
62.4 -0.0452 0.155 
62.4 -0.0452 0.156 
62.4 -0.0453 0.155 
62.4 -0.0456 0.155 
62.4 -0.0456 0.156 
62.4 -0.0456 0.156 
62.4 -0.0454 0.155 
62.4 -0.0454 0.155 
62.4 -0.0454 0.155 
62.4 -0.0459 0.156 
62.4 -0.0459 0.156 
62.4 -0.0462 0.156 
62.4 -0.0462 0.156 
62.4 -0.0466 0.156 
62.4 -0.0465 0.156 
62.4 -0.0464 0.156 
62.4 -0.0472 0.156 
62.4 -0.047 0.156 
62.4 -0.0476 0.156 
62.4 -0.0476 0.156 
62.4 -0.0482 0.156 
62.4 -0.0486 0.156 
62.4 -0.0495 0.156 
62.4 -0.0502 0.156 
62.4 -0.0483 0.153 
62.5 -0.0511 0.156 
62.5 -0.0513 0.156 
62.5 -0.0523 0.156 
62.5 -0.0529 0.156 
62.5 -0.0526 0.156 
62.5 -0.0533 0.156 
62.5 -0.0528 0.156 
62.5 -0.0528 0.156 
62.5 -0.0532 0.156 
62.5 -0.054 0.156 
62.5 -0.0542 0.156 
62.5 -0.0537 0.157 
62.6 -0.0538 0.157 
62.6 -0.0536 0.157 
62.6 -0.0538 0.157 
62.6 -0.0539 0.158 
62.6 -0.0541 0.158 
62.6 -0.054 0.158 
62.6 -0.0542 0.158 
62.6 -0.0542 0.158 
62.6 -0.0542 0.157 
62.6 -0.0541 0.157 
62.6 -0.0542 0.157 
62.6 -0.0546 0.157 
62.6 -0.0546 0.157 
62.6 -0.0545 0.157 
62.6 -0.0557 0.157 
62.6 -0.0558 0.157 
62.6 -0.0558 0.157 
62.6 -0.0559 0.157 
62.6 -0.0558 0.156 
62.6 -0.0556 0.157 
62.6 -0.0555 0.157 
62.6 -0.0552 0.157 
62.6 -0.0536 0.157 
62.6 -0.0536 0.157 
62.6 -0.0535 0.157 
62.6 -0.0535 0.157 
62.6 -0.0533 0.157 
62.6 -0.0532 0.157 
62.6 -0.053 0.157 
62.6 -0.0529 0.157 
62.6 -0.0529 0.157 
62.6 -0.0532 0.157 
62.6 -0.0538 0.157 
62.6 -0.0546 0.157 
62.6 -0.0555 0.157 
62.6 -0.0558 0.157 
62.6 -0.0556 0.157 
62.6 -0.0564 0.157 
62.6 -0.0572 0.156 
62.6 -0.0575 0.156 
62.6 -0.0577 0.156 
62.7 -0.0577 0.157 
62.7 -0.0578 0.157 
62.7 -0.058 0.158 
62.7 -0.058 0.158 
62.7 -0.0579 0.158 
62.7 -0.0579 0.158 
62.7 -0.0578 0.158 
62.7 -0.0577 0.159 
62.7 -0.0575 0.159 
62.7 -0.0574 0.159 
62.7 -0.0573 0.159 
62.7 -0.0571 0.159 
62.7 -0.0569 0.159 
62.7 -0.0568 0.159 
62.7 -0.0566 0.159 
62.7 -0.0565 0.159 
62.7 -0.0563 0.159 
