59.1 0.182 0.694 
59.1 0.179 0.7 
59.1 0.183 0.725 
59.1 0.213 0.699 
59.1 0.21 0.686 
59.1 0.207 0.692 
59.1 0.196 0.704 
59.1 0.2 0.823 
59.1 0.216 0.828 
59 0.258 0.908 
59.1 0.243 0.921 
59.1 0.234 0.96 
59.2 0.212 0.975 
59.4 0.176 0.953 
59.4 0.166 0.959 
59.6 0.102 0.945 
59.6 0.0843 0.953 
59.8 0.0251 0.971 
59.8 0.0301 0.979 
60 0.000149 0.999 
59.9 0.0117 1.01 
60 -0.00668 1.01 
60 -0.00748 1 
60.1 -0.0156 1 
60 -0.014 0.979 
60.1 -0.0234 0.978 
60.1 -0.0381 0.969 
60.2 -0.0699 0.941 
60.2 -0.101 0.923 
60.2 -0.12 0.917 
60.3 -0.166 0.914 
60.5 -0.231 0.932 
60.6 -0.265 0.959 
60.6 -0.281 0.96 
60.8 -0.342 0.994 
61 -0.384 1.01 
61.1 -0.426 1.03 
61.1 -0.422 1.03 
61.2 -0.442 1.05 
61.2 -0.446 1.06 
61.2 -0.453 1.07 
61.2 -0.461 1.07 
61.2 -0.462 1.08 
61.3 -0.471 1.09 
61.2 -0.446 1.08 
61.2 -0.436 1.06 
61.1 -0.429 1.05 
61.1 -0.416 1.03 
61.1 -0.421 1.02 
61 -0.396 0.976 
61 -0.394 0.969 
61 -0.384 0.953 
60.9 -0.374 0.943 
60.9 -0.369 0.936 
60.9 -0.363 0.919 
60.8 -0.34 0.884 
60.8 -0.336 0.874 
60.8 -0.322 0.866 
60.7 -0.308 0.857 
60.7 -0.299 0.848 
60.7 -0.301 0.847 
60.6 -0.271 0.824 
60.6 -0.268 0.817 
60.6 -0.277 0.804 
60.6 -0.27 0.797 
60.5 -0.26 0.794 
60.5 -0.253 0.792 
60.5 -0.241 0.778 
60.4 -0.217 0.747 
60.4 -0.21 0.742 
60.3 -0.194 0.733 
60.3 -0.181 0.724 
60.3 -0.167 0.719 
60.2 -0.154 0.718 
60.1 -0.113 0.698 
60.1 -0.111 0.696 
60.1 -0.1 0.691 
60 -0.086 0.685 
60 -0.085 0.68 
60 -0.0746 0.675 
60 -0.0671 0.669 
60 -0.0601 0.667 
59.9 -0.0465 0.653 
59.9 -0.0585 0.656 
59.9 -0.0596 0.64 
59.9 -0.0583 0.643 
59.9 -0.0472 0.631 
59.8 -0.0451 0.614 
59.8 -0.0467 0.608 
59.8 -0.0491 0.606 
59.9 -0.0593 0.614 
59.9 -0.0598 0.61 
59.9 -0.058 0.611 
59.9 -0.0633 0.614 
59.9 -0.0642 0.611 
59.9 -0.0804 0.586 
59.9 -0.0784 0.582 
59.9 -0.0762 0.582 
59.9 -0.0767 0.582 
60 -0.0835 0.568 
60 -0.0846 0.569 
60 -0.083 0.57 
59.9 -0.08 0.573 
60 -0.0838 0.556 
60 -0.0853 0.553 
60 -0.0856 0.552 
60 -0.0874 0.55 
60 -0.0989 0.528 
60 -0.097 0.531 
60 -0.0936 0.53 
60 -0.099 0.512 
60 -0.098 0.512 
60 -0.101 0.51 
60 -0.105 0.489 
60 -0.106 0.487 
60 -0.109 0.487 
60 -0.11 0.486 
60 -0.115 0.471 
60 -0.11 0.471 
60 -0.12 0.458 
60 -0.123 0.461 
60.1 -0.138 0.448 
60.1 -0.136 0.448 
60.1 -0.143 0.441 
60.1 -0.15 0.442 
60.1 -0.148 0.442 
60.1 -0.155 0.427 
60.1 -0.159 0.426 
60.1 -0.16 0.422 
60.1 -0.169 0.41 
60.1 -0.171 0.411 
60.1 -0.17 0.411 
60.1 -0.169 0.41 
60.1 -0.179 0.401 
60.1 -0.177 0.399 
60.1 -0.177 0.398 
60.1 -0.178 0.398 
60.2 -0.192 0.385 
60.1 -0.192 0.386 
60.2 -0.197 0.383 
60.2 -0.21 0.378 
60.2 -0.209 0.379 
60.2 -0.209 0.379 
60.2 -0.205 0.373 
60.1 -0.209 0.364 
60.1 -0.203 0.363 
60.1 -0.2 0.362 
60.1 -0.198 0.36 
60.1 -0.198 0.358 
60.1 -0.199 0.361 
60.1 -0.203 0.36 
60.1 -0.2 0.36 
60.1 -0.192 0.37 
60.1 -0.191 0.365 
60.1 -0.184 0.378 
60.1 -0.183 0.372 
60.1 -0.177 0.381 
60.1 -0.174 0.397 
60 -0.168 0.4 
60 -0.168 0.405 
60 -0.166 0.406 
60 -0.158 0.408 
60 -0.157 0.412 
60 -0.158 0.415 
60 -0.156 0.411 
60 -0.157 0.406 
60 -0.15 0.409 
60 -0.147 0.405 
59.9 -0.143 0.404 
59.9 -0.138 0.407 
59.9 -0.135 0.406 
59.9 -0.13 0.409 
59.9 -0.125 0.415 
59.9 -0.126 0.41 
59.9 -0.123 0.41 
59.9 -0.123 0.407 
59.9 -0.129 0.402 
59.9 -0.134 0.402 
60 -0.142 0.411 
60 -0.148 0.415 
60 -0.158 0.418 
60 -0.163 0.421 
60 -0.165 0.421 
60 -0.168 0.42 
60.1 -0.18 0.421 
60.1 -0.181 0.424 
60.1 -0.185 0.425 
60.1 -0.188 0.426 
60.1 -0.197 0.433 
60.1 -0.199 0.432 
60.2 -0.203 0.434 
60.2 -0.215 0.435 
60.2 -0.218 0.438 
60.2 -0.22 0.445 
60.3 -0.242 0.446 
60.3 -0.251 0.444 
60.3 -0.25 0.444 
60.3 -0.251 0.444 
60.3 -0.25 0.446 
60.3 -0.259 0.448 
60.3 -0.261 0.453 
60.4 -0.276 0.445 
60.4 -0.276 0.445 
60.4 -0.269 0.441 
60.3 -0.262 0.438 
60.3 -0.263 0.433 
60.3 -0.254 0.421 
60.3 -0.248 0.42 
60.2 -0.252 0.413 
60.2 -0.241 0.42 
60.2 -0.231 0.42 
60.2 -0.218 0.42 
60.1 -0.207 0.416 
60.2 -0.214 0.41 
60.1 -0.208 0.411 
60.1 -0.205 0.414 
60.2 -0.207 0.413 
60.2 -0.214 0.428 
60.2 -0.214 0.429 
60.2 -0.217 0.437 
60.2 -0.223 0.427 
60.1 -0.209 0.444 
60.2 -0.212 0.444 
60.2 -0.211 0.45 
60.2 -0.211 0.444 
60.2 -0.205 0.462 
60.1 -0.203 0.461 
60.1 -0.194 0.476 
60.1 -0.193 0.475 
60.1 -0.193 0.47 
60.2 -0.193 0.478 
60.1 -0.188 0.483 
60.2 -0.19 0.483 
60.2 -0.193 0.485 
60.2 -0.19 0.495 
60.2 -0.189 0.497 
60.2 -0.191 0.5 
60.2 -0.194 0.508 
60.2 -0.191 0.515 
60.2 -0.184 0.52 
60.2 -0.191 0.519 
60.3 -0.2 0.53 
60.3 -0.194 0.533 
60.3 -0.199 0.535 
60.3 -0.198 0.54 
60.3 -0.203 0.543 
60.3 -0.205 0.541 
60.3 -0.213 0.536 
60.3 -0.217 0.534 
60.4 -0.226 0.539 
60.3 -0.228 0.536 
60.3 -0.227 0.537 
60.3 -0.223 0.54 
60.3 -0.224 0.539 
60.3 -0.225 0.538 
60.3 -0.223 0.537 
60.3 -0.226 0.539 
60.3 -0.223 0.538 
60.3 -0.222 0.535 
60.3 -0.222 0.534 
60.3 -0.222 0.532 
60.3 -0.219 0.53 
60.3 -0.216 0.527 
60.3 -0.216 0.527 
60.3 -0.211 0.524 
60.2 -0.206 0.521 
60.2 -0.204 0.513 
60.2 -0.203 0.511 
60.2 -0.203 0.509 
60.2 -0.198 0.511 
60.2 -0.194 0.511 
60.2 -0.195 0.51 
60.2 -0.19 0.524 
60.2 -0.2 0.517 
60.2 -0.196 0.519 
60.2 -0.191 0.528 
60.2 -0.192 0.535 
60.2 -0.206 0.532 
60.2 -0.207 0.534 
60.2 -0.215 0.542 
60.2 -0.214 0.55 
60.3 -0.221 0.558 
60.3 -0.225 0.55 
60.3 -0.228 0.549 
60.3 -0.23 0.558 
60.3 -0.232 0.559 
60.3 -0.234 0.567 
60.3 -0.233 0.569 
60.3 -0.227 0.57 
60.3 -0.229 0.58 
60.3 -0.228 0.58 
60.3 -0.224 0.578 
60.3 -0.222 0.578 
60.3 -0.222 0.577 
60.3 -0.228 0.579 
60.3 -0.221 0.589 
60.3 -0.22 0.589 
60.3 -0.217 0.593 
60.3 -0.217 0.595 
60.3 -0.218 0.593 
60.3 -0.216 0.593 
60.3 -0.217 0.591 
60.3 -0.218 0.588 
60.3 -0.215 0.6 
60.3 -0.215 0.596 
60.3 -0.216 0.595 
60.3 -0.218 0.591 
60.3 -0.216 0.591 
60.3 -0.216 0.591 
60.3 -0.2 0.602 
60.3 -0.201 0.601 
60.3 -0.202 0.6 
60.3 -0.204 0.599 
60.3 -0.202 0.599 
60.3 -0.203 0.598 
60.3 -0.201 0.598 
60.2 -0.183 0.609 
60.3 -0.201 0.607 
60.3 -0.205 0.61 
60.3 -0.208 0.602 
60.3 -0.206 0.607 
60.3 -0.202 0.607 
60.3 -0.215 0.6 
60.3 -0.22 0.598 
60.3 -0.221 0.594 
60.3 -0.21 0.595 
60.3 -0.207 0.597 
60.3 -0.207 0.594 
60.3 -0.216 0.608 
60.3 -0.21 0.604 
60.3 -0.208 0.606 
60.3 -0.203 0.602 
60.3 -0.207 0.597 
60.3 -0.218 0.592 
60.3 -0.216 0.59 
60.3 -0.212 0.589 
60.2 -0.21 0.591 
60.2 -0.207 0.59 
60.2 -0.208 0.579 
60.2 -0.209 0.581 
60.2 -0.206 0.594 
60.2 -0.207 0.592 
60.2 -0.204 0.597 
60.2 -0.202 0.596 
60.2 -0.202 0.593 
60.2 -0.203 0.596 
60.2 -0.203 0.594 
60.2 -0.203 0.592 
60.2 -0.207 0.59 
60.2 -0.207 0.591 
60.2 -0.207 0.593 
60.2 -0.206 0.6 
60.2 -0.201 0.603 
60.2 -0.207 0.616 
60.2 -0.209 0.642 
60.2 -0.213 0.663 
60.2 -0.211 0.673 
60.2 -0.21 0.679 
60.2 -0.2 0.692 
60.2 -0.203 0.689 
60.2 -0.201 0.704 
60.2 -0.2 0.71 
60.2 -0.2 0.719 
60.2 -0.198 0.724 
60.2 -0.196 0.726 
60.2 -0.19 0.729 
60.2 -0.19 0.73 
60.2 -0.192 0.735 
60.2 -0.194 0.737 
60.2 -0.189 0.742 
60.2 -0.185 0.742 
60.2 -0.19 0.737 
60.2 -0.191 0.734 
60.2 -0.189 0.735 
60.2 -0.187 0.729 
60.2 -0.182 0.722 
60.1 -0.175 0.712 
60.1 -0.169 0.706 
60.1 -0.173 0.701 
60.1 -0.169 0.691 
60.1 -0.163 0.687 
60.1 -0.158 0.68 
60 -0.147 0.666 
60 -0.138 0.661 
59.9 -0.125 0.65 
59.9 -0.115 0.646 
59.9 -0.104 0.643 
59.8 -0.0866 0.629 
59.8 -0.0868 0.626 
59.7 -0.0639 0.611 
59.7 -0.0669 0.61 
59.7 -0.0558 0.596 
59.7 -0.0508 0.588 
59.6 -0.0491 0.587 
59.6 -0.0417 0.575 
59.6 -0.0419 0.567 
59.6 -0.0481 0.559 
59.6 -0.0451 0.552 
59.6 -0.0462 0.548 
59.6 -0.0429 0.548 
59.5 -0.0403 0.546 
59.5 -0.0403 0.548 
59.5 -0.0419 0.552 
59.5 -0.0453 0.557 
59.6 -0.0645 0.568 
59.7 -0.0858 0.58 
59.7 -0.103 0.59 
59.7 -0.106 0.595 
59.8 -0.134 0.608 
59.8 -0.136 0.611 
59.9 -0.156 0.62 
59.9 -0.158 0.627 
59.9 -0.155 0.628 
59.9 -0.152 0.63 
59.9 -0.149 0.615 
59.9 -0.15 0.614 
59.9 -0.147 0.6 
59.9 -0.148 0.601 
59.9 -0.157 0.587 
59.8 -0.137 0.587 
59.8 -0.117 0.588 
59.8 -0.117 0.585 
59.8 -0.114 0.582 
59.8 -0.114 0.585 
59.7 -0.103 0.573 
59.7 -0.101 0.579 
59.7 -0.0978 0.576 
59.7 -0.107 0.584 
59.7 -0.102 0.583 
59.8 -0.118 0.586 
59.7 -0.0956 0.585 
59.7 -0.0946 0.587 
59.7 -0.0887 0.587 
59.7 -0.0855 0.588 
59.6 -0.081 0.587 
59.7 -0.085 0.587 
59.7 -0.0889 0.586 
59.7 -0.0947 0.585 
59.7 -0.1 0.584 
59.7 -0.101 0.584 
59.7 -0.101 0.583 
59.7 -0.1 0.585 
59.7 -0.0956 0.587 
59.7 -0.0936 0.59 
59.7 -0.0963 0.596 
59.7 -0.104 0.597 
59.7 -0.107 0.599 
59.7 -0.112 0.604 
59.7 -0.112 0.605 
59.7 -0.124 0.611 
59.7 -0.126 0.612 
59.8 -0.136 0.618 
59.8 -0.136 0.617 
59.8 -0.138 0.616 
59.8 -0.139 0.615 
59.8 -0.148 0.616 
59.8 -0.147 0.617 
59.8 -0.148 0.615 
59.8 -0.146 0.613 
59.8 -0.143 0.612 
59.8 -0.142 0.611 
59.8 -0.143 0.607 
59.8 -0.142 0.606 
59.8 -0.139 0.605 
59.8 -0.136 0.604 
59.8 -0.131 0.602 
59.8 -0.132 0.603 
59.7 -0.129 0.605 
59.7 -0.127 0.606 
59.7 -0.124 0.608 
59.7 -0.122 0.603 
59.7 -0.121 0.601 
59.7 -0.118 0.6 
59.7 -0.113 0.6 
59.7 -0.109 0.599 
59.7 -0.103 0.597 
59.7 -0.103 0.594 
59.7 -0.105 0.589 
59.7 -0.11 0.586 
59.7 -0.118 0.585 
59.8 -0.126 0.585 
59.8 -0.139 0.586 
59.8 -0.152 0.587 
59.9 -0.162 0.589 
59.9 -0.172 0.589 
59.9 -0.181 0.59 
59.9 -0.185 0.593 
59.9 -0.191 0.599 
59.9 -0.194 0.601 
59.9 -0.198 0.601 
59.9 -0.209 0.606 
59.9 -0.211 0.609 
59.9 -0.216 0.61 
60 -0.225 0.614 
60 -0.223 0.614 
60 -0.222 0.612 
60 -0.225 0.611 
60 -0.223 0.609 
60 -0.224 0.603 
60 -0.223 0.602 
60 -0.223 0.598 
60 -0.223 0.595 
60 -0.22 0.598 
60 -0.218 0.598 
60 -0.219 0.597 
60 -0.22 0.596 
60 -0.218 0.598 
60 -0.216 0.599 
60 -0.214 0.603 
60 -0.212 0.604 
60 -0.211 0.604 
60 -0.209 0.605 
59.9 -0.206 0.607 
59.9 -0.204 0.609 
59.9 -0.201 0.612 
59.9 -0.199 0.616 
59.9 -0.198 0.618 
59.9 -0.195 0.617 
59.9 -0.195 0.617 
59.9 -0.19 0.619 
59.9 -0.183 0.62 
59.9 -0.175 0.618 
59.8 -0.17 0.617 
59.8 -0.169 0.614 
59.8 -0.168 0.613 
59.8 -0.165 0.608 
59.8 -0.165 0.609 
59.8 -0.163 0.61 
59.8 -0.164 0.611 
59.8 -0.15 0.61 
59.8 -0.184 0.608 
59.8 -0.19 0.61 
59.8 -0.191 0.61 
59.8 -0.198 0.611 
59.8 -0.198 0.61 
59.8 -0.196 0.61 
59.8 -0.199 0.608 
59.8 -0.199 0.609 
59.8 -0.197 0.609 
59.8 -0.198 0.608 
59.8 -0.198 0.607 
59.8 -0.196 0.606 
59.8 -0.199 0.605 
59.8 -0.194 0.601 
59.8 -0.194 0.594 
59.8 -0.194 0.591 
59.8 -0.195 0.585 
59.8 -0.197 0.585 
59.8 -0.2 0.581 
59.8 -0.205 0.578 
59.8 -0.21 0.573 
59.8 -0.198 0.571 
59.8 -0.191 0.568 
59.8 -0.186 0.565 
59.7 -0.182 0.562 
59.7 -0.181 0.554 
59.7 -0.189 0.55 
59.7 -0.197 0.545 
59.7 -0.199 0.546 
59.8 -0.208 0.546 
59.7 -0.206 0.545 
59.7 -0.207 0.547 
59.7 -0.209 0.54 
59.7 -0.209 0.54 
59.8 -0.208 0.54 
59.7 -0.21 0.535 
59.7 -0.208 0.534 
59.7 -0.208 0.53 
59.7 -0.207 0.534 
59.7 -0.206 0.532 
59.7 -0.206 0.531 
59.7 -0.205 0.532 
59.7 -0.205 0.532 
59.7 -0.204 0.535 
59.7 -0.203 0.531 
59.7 -0.202 0.531 
59.7 -0.201 0.532 
59.7 -0.199 0.533 
59.7 -0.197 0.531 
59.7 -0.19 0.524 
59.7 -0.189 0.526 
59.7 -0.183 0.521 
59.7 -0.183 0.522 
59.7 -0.175 0.518 
59.7 -0.173 0.516 
59.7 -0.17 0.513 
59.6 -0.161 0.509 
59.6 -0.162 0.509 
59.6 -0.155 0.503 
59.6 -0.154 0.499 
59.6 -0.148 0.489 
59.6 -0.148 0.49 
59.6 -0.145 0.483 
59.6 -0.148 0.483 
59.6 -0.147 0.485 
59.6 -0.149 0.486 
59.6 -0.157 0.457 
59.6 -0.153 0.477 
59.6 -0.154 0.475 
59.6 -0.155 0.474 
59.8 -0.184 0.246 
59.6 -0.172 0.472 
59.6 -0.164 0.468 
59.6 -0.166 0.468 
59.7 -0.175 0.464 
59.7 -0.177 0.47 
59.7 -0.181 0.47 
59.7 -0.181 0.466 
59.7 -0.186 0.462 
59.7 -0.186 0.461 
59.7 -0.189 0.454 
59.7 -0.19 0.454 
59.7 -0.191 0.452 
59.7 -0.191 0.451 
59.7 -0.192 0.451 
59.7 -0.191 0.457 
59.7 -0.189 0.454 
59.7 -0.189 0.458 
59.7 -0.188 0.46 
59.6 -0.184 0.457 
59.7 -0.188 0.456 
59.7 -0.187 0.453 
59.7 -0.187 0.454 
59.7 -0.187 0.455 
59.6 -0.183 0.453 
59.6 -0.184 0.448 
59.6 -0.184 0.45 
59.6 -0.176 0.45 
59.6 -0.176 0.45 
59.6 -0.176 0.449 
59.6 -0.172 0.446 
59.6 -0.173 0.447 
59.6 -0.17 0.449 
59.6 -0.17 0.45 
59.6 -0.167 0.445 
59.6 -0.167 0.447 
59.6 -0.165 0.443 
59.5 -0.165 0.444 
59.5 -0.164 0.442 
59.5 -0.165 0.443 
59.5 -0.165 0.439 
59.5 -0.166 0.439 
59.5 -0.167 0.44 
59.5 -0.168 0.44 
59.5 -0.17 0.438 
59.6 -0.174 0.437 
59.6 -0.174 0.436 
59.6 -0.176 0.434 
59.6 -0.177 0.435 
59.6 -0.178 0.433 
59.6 -0.179 0.433 
59.6 -0.179 0.433 
59.6 -0.179 0.435 
59.6 -0.18 0.437 
59.6 -0.181 0.436 
59.6 -0.181 0.436 
59.6 -0.181 0.436 
59.6 -0.181 0.433 
59.6 -0.182 0.432 
59.6 -0.182 0.432 
59.6 -0.182 0.432 
59.6 -0.181 0.432 
59.6 -0.181 0.433 
59.6 -0.182 0.433 
59.6 -0.181 0.432 
59.6 -0.182 0.432 
59.6 -0.182 0.428 
59.6 -0.182 0.428 
59.6 -0.181 0.426 
59.6 -0.181 0.426 
59.6 -0.181 0.426 
59.6 -0.181 0.427 
59.6 -0.178 0.424 
59.6 -0.178 0.424 
59.6 -0.179 0.421 
59.6 -0.179 0.422 
59.6 -0.179 0.423 
59.6 -0.176 0.421 
59.6 -0.178 0.422 
59.6 -0.178 0.42 
59.6 -0.178 0.419 
59.6 -0.174 0.414 
59.6 -0.177 0.414 
59.6 -0.175 0.409 
59.6 -0.176 0.409 
59.6 -0.174 0.401 
59.6 -0.174 0.402 
59.6 -0.174 0.399 
59.6 -0.175 0.4 
59.6 -0.175 0.4 
59.6 -0.174 0.393 
59.6 -0.174 0.393 
59.6 -0.174 0.387 
59.6 -0.175 0.385 
59.6 -0.175 0.385 
59.6 -0.175 0.38 
59.6 -0.174 0.381 
59.6 -0.181 0.325 
59.6 -0.176 0.378 
59.6 -0.177 0.323 
59.6 -0.175 0.372 
59.6 -0.177 0.317 
59.6 -0.175 0.37 
59.6 -0.175 0.37 
59.6 -0.181 0.319 
59.6 -0.176 0.367 
59.6 -0.177 0.367 
59.6 -0.177 0.368 
59.6 -0.176 0.366 
59.6 -0.177 0.365 
59.6 -0.177 0.365 
59.6 -0.177 0.365 
59.6 -0.177 0.364 
59.6 -0.177 0.366 
59.6 -0.178 0.366 
59.6 -0.177 0.363 
59.6 -0.178 0.358 
59.6 -0.173 0.352 
59.6 -0.176 0.346 
59.6 -0.177 0.343 
59.6 -0.178 0.342 
59.6 -0.18 0.341 
59.6 -0.18 0.344 
59.6 -0.181 0.342 
59.6 -0.183 0.338 
59.6 -0.183 0.34 
59.6 -0.182 0.338 
59.6 -0.182 0.338 
59.6 -0.181 0.339 
59.6 -0.181 0.339 
59.6 -0.182 0.34 
59.6 -0.182 0.338 
59.6 -0.182 0.343 
59.6 -0.183 0.341 
59.6 -0.183 0.341 
59.6 -0.184 0.34 
59.7 -0.159 0.232 
59.7 -0.152 0.221 
59.6 -0.189 0.327 
59.6 -0.184 0.331 
59.6 -0.183 0.329 
59.6 -0.183 0.328 
59.6 -0.184 0.328 
59.6 -0.183 0.329 
59.6 -0.183 0.326 
59.6 -0.183 0.325 
59.6 -0.183 0.325 
59.6 -0.183 0.322 
59.6 -0.183 0.321 
59.6 -0.183 0.32 
59.6 -0.186 0.325 
59.6 -0.186 0.325 
59.7 -0.185 0.327 
59.6 -0.185 0.324 
59.6 -0.184 0.322 
59.6 -0.184 0.321 
59.6 -0.184 0.321 
59.6 -0.181 0.317 
59.6 -0.183 0.315 
59.6 -0.18 0.314 
59.6 -0.181 0.316 
59.6 -0.184 0.318 
59.6 -0.184 0.317 
59.6 -0.182 0.315 
59.6 -0.182 0.316 
59.6 -0.182 0.315 
59.6 -0.182 0.314 
59.6 -0.182 0.311 
59.6 -0.183 0.313 
59.6 -0.181 0.311 
59.6 -0.182 0.312 
59.6 -0.181 0.311 
59.6 -0.18 0.311 
59.6 -0.181 0.312 
59.6 -0.182 0.318 
59.6 -0.182 0.318 
59.6 -0.181 0.316 
59.6 -0.181 0.316 
59.6 -0.181 0.316 
59.6 -0.179 0.317 
59.6 -0.179 0.318 
59.6 -0.179 0.316 
59.6 -0.18 0.318 
59.6 -0.18 0.319 
59.6 -0.178 0.319 
59.6 -0.179 0.318 
59.6 -0.178 0.319 
59.6 -0.179 0.321 
59.6 -0.179 0.321 
59.6 -0.179 0.321 
59.6 -0.175 0.322 
59.6 -0.173 0.317 
59.6 -0.177 0.321 
59.6 -0.177 0.321 
59.6 -0.177 0.321 
59.6 -0.177 0.322 
59.6 -0.178 0.323 
59.6 -0.177 0.324 
59.6 -0.179 0.324 
59.6 -0.177 0.323 
59.6 -0.177 0.323 
59.6 -0.177 0.323 
59.6 -0.177 0.323 
59.6 -0.177 0.323 
59.6 -0.177 0.323 
59.6 -0.177 0.328 
59.6 -0.176 0.325 
59.6 -0.176 0.326 
59.6 -0.176 0.326 
59.6 -0.175 0.324 
59.6 -0.174 0.321 
59.6 -0.174 0.321 
59.6 -0.177 0.323 
59.6 -0.176 0.325 
59.6 -0.175 0.324 
59.6 -0.176 0.324 
59.6 -0.174 0.322 
59.6 -0.171 0.321 
59.6 -0.172 0.321 
59.6 -0.173 0.321 
59.6 -0.173 0.32 
59.6 -0.173 0.321 
59.6 -0.172 0.32 
59.6 -0.172 0.321 
59.6 -0.174 0.322 
59.6 -0.175 0.322 
59.6 -0.176 0.321 
59.6 -0.175 0.318 
59.6 -0.176 0.318 
59.6 -0.175 0.313 
59.6 -0.175 0.313 
59.6 -0.17 0.315 
59.6 -0.169 0.315 
59.7 -0.167 0.314 
59.7 -0.168 0.315 
59.7 -0.165 0.315 
59.7 -0.166 0.316 
59.7 -0.165 0.316 
59.7 -0.166 0.315 
59.7 -0.167 0.316 
59.7 -0.168 0.319 
59.7 -0.167 0.319 
59.7 -0.177 0.317 
59.7 -0.178 0.32 
59.7 -0.178 0.322 
59.8 -0.179 0.325 
59.8 -0.179 0.326 
59.8 -0.179 0.329 
59.8 -0.179 0.33 
59.8 -0.18 0.331 
59.8 -0.181 0.333 
59.8 -0.182 0.334 
59.8 -0.182 0.335 
59.8 -0.184 0.337 
59.8 -0.185 0.337 
59.9 -0.187 0.337 
59.9 -0.188 0.338 
59.9 -0.188 0.338 
59.9 -0.188 0.339 
59.9 -0.188 0.339 
59.9 -0.187 0.34 
59.8 -0.185 0.338 
59.8 -0.185 0.336 
59.8 -0.184 0.335 
59.8 -0.184 0.335 
59.8 -0.182 0.335 
59.8 -0.182 0.336 
59.8 -0.182 0.336 
59.8 -0.182 0.335 
59.8 -0.181 0.335 
59.8 -0.181 0.335 
59.8 -0.181 0.335 
59.8 -0.18 0.334 
59.8 -0.18 0.334 
59.8 -0.178 0.334 
59.8 -0.176 0.335 
59.8 -0.175 0.334 
59.8 -0.174 0.334 
59.7 -0.173 0.333 
59.7 -0.172 0.333 
59.7 -0.171 0.331 
59.7 -0.17 0.332 
59.7 -0.169 0.331 
59.7 -0.167 0.332 
59.7 -0.167 0.329 
59.7 -0.168 0.325 
59.7 -0.167 0.326 
59.7 -0.167 0.32 
59.7 -0.168 0.32 
59.7 -0.169 0.321 
59.7 -0.168 0.322 
59.7 -0.168 0.321 
59.7 -0.168 0.321 
59.7 -0.169 0.319 
59.7 -0.17 0.32 
59.7 -0.172 0.319 
59.7 -0.172 0.321 
59.7 -0.173 0.325 
59.7 -0.173 0.325 
59.8 -0.172 0.328 
59.8 -0.172 0.328 
59.7 -0.172 0.328 
59.7 -0.171 0.327 
59.7 -0.169 0.327 
59.7 -0.168 0.328 
59.7 -0.166 0.327 
59.7 -0.167 0.328 
59.7 -0.164 0.328 
59.7 -0.163 0.328 
59.7 -0.159 0.328 
59.7 -0.159 0.327 
59.7 -0.159 0.327 
59.7 -0.159 0.328 
59.7 -0.159 0.328 
59.7 -0.159 0.329 
59.7 -0.158 0.329 
59.7 -0.154 0.329 
59.7 -0.155 0.329 
59.7 -0.152 0.33 
59.7 -0.151 0.33 
59.7 -0.148 0.331 
59.7 -0.148 0.331 
59.7 -0.146 0.332 
59.7 -0.146 0.332 
59.7 -0.146 0.331 
59.7 -0.146 0.332 
59.7 -0.145 0.331 
59.7 -0.145 0.332 
59.7 -0.144 0.335 
59.7 -0.144 0.335 
59.7 -0.144 0.335 
59.8 -0.144 0.337 
59.8 -0.144 0.337 
59.8 -0.144 0.337 
59.8 -0.144 0.337 
59.8 -0.144 0.337 
59.7 -0.144 0.336 
59.7 -0.144 0.337 
59.7 -0.144 0.339 
59.7 -0.144 0.343 
59.7 -0.146 0.341 
59.7 -0.146 0.339 
59.7 -0.148 0.34 
59.7 -0.147 0.339 
59.7 -0.147 0.339 
59.7 -0.15 0.344 
59.7 -0.15 0.344 
59.8 -0.148 0.344 
59.8 -0.147 0.344 
59.8 -0.147 0.343 
59.8 -0.148 0.343 
59.8 -0.148 0.344 
59.8 -0.148 0.344 
59.8 -0.148 0.342 
59.8 -0.148 0.342 
59.8 -0.149 0.341 
59.8 -0.15 0.339 
59.8 -0.149 0.338 
59.8 -0.148 0.337 
59.8 -0.148 0.335 
59.8 -0.149 0.334 
59.8 -0.148 0.334 
59.8 -0.146 0.332 
59.8 -0.146 0.329 
59.8 -0.146 0.326 
59.8 -0.147 0.321 
59.8 -0.142 0.32 
59.8 -0.145 0.318 
59.8 -0.147 0.317 
59.8 -0.148 0.317 
59.8 -0.15 0.315 
59.8 -0.15 0.315 
59.8 -0.15 0.315 
59.8 -0.151 0.311 
59.8 -0.151 0.311 
59.8 -0.152 0.311 
59.7 -0.151 0.311 
59.7 -0.15 0.309 
59.7 -0.148 0.307 
59.7 -0.149 0.306 
59.7 -0.146 0.305 
59.7 -0.145 0.313 
59.7 -0.144 0.314 
59.7 -0.143 0.314 
59.7 -0.142 0.31 
59.7 -0.144 0.31 
59.8 -0.145 0.31 
59.8 -0.144 0.31 
59.8 -0.145 0.309 
59.8 -0.147 0.307 
59.8 -0.147 0.306 
59.8 -0.148 0.306 
59.8 -0.152 0.306 
59.8 -0.154 0.306 
59.8 -0.157 0.307 
59.7 -0.157 0.309 
59.8 -0.159 0.306 
59.8 -0.159 0.306 
59.8 -0.159 0.307 
59.8 -0.159 0.306 
59.8 -0.16 0.303 
59.8 -0.159 0.303 
59.8 -0.16 0.302 
59.8 -0.161 0.303 
59.8 -0.16 0.301 
59.8 -0.16 0.301 
59.8 -0.16 0.301 
59.8 -0.16 0.301 
59.8 -0.16 0.301 
59.8 -0.16 0.297 
59.8 -0.16 0.296 
59.8 -0.16 0.292 
59.8 -0.16 0.288 
59.8 -0.159 0.284 
59.8 -0.159 0.281 
59.8 -0.158 0.279 
59.8 -0.156 0.279 
59.7 -0.156 0.279 
59.7 -0.158 0.278 
59.7 -0.158 0.277 
59.7 -0.156 0.278 
59.7 -0.159 0.278 
59.7 -0.16 0.277 
59.8 -0.162 0.278 
59.8 -0.163 0.279 
59.8 -0.163 0.279 
59.8 -0.164 0.278 
59.8 -0.165 0.278 
59.7 -0.163 0.277 
59.8 -0.168 0.277 
59.8 -0.17 0.276 
59.8 -0.171 0.276 
59.7 -0.172 0.276 
59.7 -0.173 0.276 
59.7 -0.174 0.276 
59.7 -0.174 0.274 
59.7 -0.174 0.275 
59.7 -0.173 0.275 
59.7 -0.173 0.274 
59.7 -0.174 0.273 
59.7 -0.174 0.273 
59.7 -0.175 0.271 
59.7 -0.175 0.272 
59.7 -0.174 0.271 
59.7 -0.175 0.272 
59.7 -0.174 0.273 
59.7 -0.174 0.273 
59.7 -0.176 0.274 
59.7 -0.176 0.274 
59.7 -0.179 0.274 
59.7 -0.179 0.274 
59.7 -0.172 0.26 
59.7 -0.179 0.27 
59.8 -0.181 0.271 
59.7 -0.182 0.271 
59.7 -0.181 0.271 
59.7 -0.182 0.271 
59.7 -0.181 0.269 
59.8 -0.181 0.268 
59.8 -0.181 0.267 
59.8 -0.181 0.267 
59.8 -0.177 0.264 
59.8 -0.176 0.263 
59.8 -0.175 0.261 
59.8 -0.176 0.261 
59.8 -0.175 0.26 
59.8 -0.174 0.258 
59.8 -0.174 0.259 
59.8 -0.173 0.257 
59.8 -0.171 0.257 
59.8 -0.173 0.256 
59.8 -0.176 0.256 
59.8 -0.177 0.255 
59.8 -0.177 0.255 
59.8 -0.177 0.255 
59.8 -0.177 0.255 
59.8 -0.177 0.254 
59.8 -0.177 0.255 
59.8 -0.177 0.254 
59.8 -0.178 0.253 
59.8 -0.183 0.251 
59.8 -0.185 0.251 
59.8 -0.185 0.251 
59.8 -0.185 0.249 
59.8 -0.185 0.25 
59.8 -0.185 0.25 
59.8 -0.185 0.249 
59.8 -0.186 0.248 
59.8 -0.186 0.248 
59.8 -0.186 0.247 
59.8 -0.186 0.248 
59.8 -0.187 0.249 
59.8 -0.188 0.249 
59.8 -0.188 0.248 
59.8 -0.189 0.248 
59.8 -0.189 0.249 
59.8 -0.188 0.25 
59.8 -0.189 0.251 
59.8 -0.19 0.251 
59.8 -0.19 0.252 
59.8 -0.191 0.252 
59.8 -0.19 0.251 
59.8 -0.191 0.251 
59.8 -0.192 0.252 
59.8 -0.191 0.251 
59.8 -0.19 0.25 
59.8 -0.191 0.25 
59.8 -0.19 0.251 
59.8 -0.189 0.253 
59.8 -0.191 0.25 
59.8 -0.191 0.25 
59.8 -0.192 0.25 
59.8 -0.195 0.251 
59.8 -0.193 0.252 
59.8 -0.193 0.251 
59.8 -0.194 0.251 
59.8 -0.195 0.252 
59.8 -0.197 0.251 
59.8 -0.199 0.252 
59.8 -0.199 0.254 
59.8 -0.2 0.254 
59.8 -0.204 0.256 
59.8 -0.204 0.256 
59.9 -0.205 0.257 
59.9 -0.202 0.256 
59.9 -0.203 0.257 
59.9 -0.203 0.256 
59.9 -0.203 0.256 
59.9 -0.203 0.255 
59.9 -0.204 0.255 
59.8 -0.204 0.254 
59.8 -0.204 0.254 
59.8 -0.204 0.254 
59.8 -0.206 0.252 
59.8 -0.204 0.252 
59.8 -0.203 0.253 
59.8 -0.195 0.253 
59.8 -0.201 0.253 
59.8 -0.201 0.253 
59.8 -0.201 0.252 
59.8 -0.201 0.252 
59.8 -0.2 0.25 
59.8 -0.2 0.25 
59.8 -0.2 0.25 
59.8 -0.2 0.25 
59.8 -0.2 0.25 
59.8 -0.2 0.25 
59.8 -0.2 0.251 
59.8 -0.2 0.25 
59.8 -0.201 0.251 
59.8 -0.201 0.252 
59.8 -0.196 0.252 
59.8 -0.196 0.252 
59.9 -0.195 0.25 
59.9 -0.196 0.251 
59.9 -0.204 0.251 
59.9 -0.205 0.251 
59.9 -0.205 0.252 
59.9 -0.205 0.253 
59.9 -0.205 0.254 
59.9 -0.206 0.254 
59.9 -0.207 0.255 
59.9 -0.203 0.255 
59.9 -0.207 0.255 
59.9 -0.207 0.255 
59.9 -0.207 0.256 
59.9 -0.207 0.256 
59.9 -0.207 0.256 
59.9 -0.207 0.255 
59.9 -0.208 0.253 
59.9 -0.207 0.255 
59.9 -0.206 0.255 
59.9 -0.206 0.256 
59.9 -0.207 0.255 
59.9 -0.206 0.256 
59.9 -0.206 0.256 
59.9 -0.206 0.255 
59.9 -0.21 0.255 
59.9 -0.21 0.256 
59.9 -0.21 0.257 
59.9 -0.21 0.257 
59.9 -0.21 0.257 
59.9 -0.205 0.257 
59.9 -0.204 0.257 
59.9 -0.204 0.256 
59.9 -0.204 0.257 
59.9 -0.204 0.256 
59.9 -0.204 0.256 
59.9 -0.204 0.256 
59.9 -0.204 0.256 
59.9 -0.205 0.253 
59.9 -0.204 0.255 
59.9 -0.204 0.255 
59.9 -0.204 0.255 
59.9 -0.204 0.256 
59.9 -0.204 0.256 
59.9 -0.204 0.255 
60 -0.204 0.256 
60 -0.204 0.255 
60 -0.205 0.255 
60 -0.204 0.255 
60 -0.204 0.256 
60 -0.204 0.255 
60 -0.203 0.256 
60 -0.203 0.256 
60 -0.203 0.256 
60 -0.204 0.257 
60 -0.204 0.257 
60 -0.204 0.26 
60 -0.204 0.261 
60 -0.205 0.262 
60 -0.204 0.262 
60 -0.205 0.264 
60 -0.206 0.264 
60 -0.206 0.263 
60 -0.205 0.262 
60 -0.206 0.262 
60 -0.207 0.26 
60 -0.206 0.26 
60 -0.206 0.259 
60 -0.207 0.259 
60 -0.206 0.259 
60 -0.206 0.259 
60 -0.205 0.255 
60 -0.205 0.255 
60 -0.204 0.253 
60 -0.204 0.251 
60 -0.202 0.249 
60 -0.203 0.248 
60 -0.202 0.248 
60 -0.201 0.248 
60 -0.2 0.247 
60 -0.201 0.246 
60 -0.201 0.246 
60 -0.201 0.247 
60 -0.201 0.246 
60 -0.201 0.246 
60 -0.201 0.247 
60 -0.201 0.247 
60 -0.2 0.246 
60 -0.201 0.246 
60.1 -0.201 0.245 
60.1 -0.201 0.247 
60.1 -0.201 0.247 
60.1 -0.201 0.249 
60.1 -0.201 0.249 
60.1 -0.203 0.251 
60.1 -0.203 0.251 
60.1 -0.203 0.252 
60.1 -0.203 0.251 
60.1 -0.202 0.252 
60.1 -0.202 0.251 
60.1 -0.202 0.251 
60.1 -0.203 0.248 
60.1 -0.204 0.247 
60.1 -0.205 0.245 
60.1 -0.206 0.244 
60.1 -0.206 0.244 
60.1 -0.206 0.244 
60.1 -0.205 0.244 
60.1 -0.206 0.247 
60.1 -0.206 0.247 
60.1 -0.206 0.248 
60.1 -0.207 0.247 
60.1 -0.205 0.247 
60.1 -0.206 0.247 
60.1 -0.205 0.246 
60.1 -0.206 0.247 
60.1 -0.205 0.247 
60.1 -0.206 0.246 
60.1 -0.206 0.246 
60.1 -0.205 0.244 
60.2 -0.205 0.243 
60.2 -0.206 0.241 
60.2 -0.206 0.242 
60.2 -0.206 0.241 
60.2 -0.205 0.24 
60.2 -0.206 0.241 
60.2 -0.206 0.241 
60.2 -0.206 0.24 
60.2 -0.206 0.239 
60.2 -0.206 0.24 
60.2 -0.206 0.239 
60.2 -0.207 0.24 
60.2 -0.205 0.238 
60.2 -0.206 0.238 
60.2 -0.205 0.237 
60.2 -0.206 0.237 
60.2 -0.205 0.237 
60.2 -0.204 0.238 
60.2 -0.205 0.237 
60.2 -0.206 0.235 
60.2 -0.206 0.234 
60.2 -0.206 0.235 
60.2 -0.206 0.236 
60.2 -0.206 0.236 
60.2 -0.207 0.236 
60.2 -0.207 0.236 
60.2 -0.207 0.235 
60.2 -0.206 0.234 
60.2 -0.206 0.233 
60.2 -0.207 0.232 
60.2 -0.207 0.234 
60.2 -0.207 0.233 
60.2 -0.207 0.234 
60.2 -0.207 0.234 
60.2 -0.207 0.234 
60.2 -0.207 0.234 
60.2 -0.206 0.236 
60.2 -0.207 0.235 
60.2 -0.208 0.235 
60.2 -0.207 0.236 
60.2 -0.209 0.236 
60.2 -0.209 0.236 
60.2 -0.209 0.24 
60.2 -0.208 0.24 
60.2 -0.209 0.24 
60.2 -0.209 0.24 
60.2 -0.209 0.239 
60.2 -0.209 0.238 
60.2 -0.209 0.237 
60.2 -0.209 0.236 
60.2 -0.21 0.236 
60.2 -0.21 0.236 
60.2 -0.21 0.235 
60.2 -0.21 0.234 
60.2 -0.21 0.235 
60.2 -0.21 0.236 
60.2 -0.21 0.235 
60.2 -0.21 0.235 
60.2 -0.21 0.234 
60.2 -0.21 0.234 
60.2 -0.211 0.233 
60.2 -0.21 0.234 
60.2 -0.21 0.234 
60.2 -0.209 0.234 
60.2 -0.209 0.234 
60.2 -0.21 0.235 
60.3 -0.208 0.237 
60.3 -0.208 0.237 
60.3 -0.208 0.236 
60.3 -0.208 0.236 
60.3 -0.207 0.237 
60.2 -0.207 0.238 
60.2 -0.208 0.238 
60.2 -0.208 0.238 
60.2 -0.208 0.24 
60.3 -0.208 0.24 
60.3 -0.208 0.24 
60.3 -0.208 0.24 
60.3 -0.208 0.24 
60.3 -0.208 0.239 
60.3 -0.208 0.239 
60.3 -0.208 0.239 
60.3 -0.208 0.239 
60.3 -0.208 0.238 
60.2 -0.207 0.24 
60.2 -0.208 0.24 
60.2 -0.208 0.238 
60.2 -0.205 0.243 
60.2 -0.205 0.243 
60.2 -0.197 0.242 
60.2 -0.206 0.243 
60.2 -0.206 0.243 
60.2 -0.206 0.243 
60.2 -0.206 0.243 
60.2 -0.206 0.243 
60.2 -0.205 0.243 
60.2 -0.205 0.243 
60.2 -0.206 0.242 
60.2 -0.206 0.243 
60.2 -0.206 0.243 
60.2 -0.205 0.247 
60.2 -0.205 0.246 
60.2 -0.205 0.246 
60.2 -0.2 0.249 
60.2 -0.2 0.248 
60.2 -0.2 0.248 
60.2 -0.199 0.249 
60.2 -0.199 0.248 
60.2 -0.196 0.248 
60.2 -0.196 0.247 
60.2 -0.195 0.249 
60.2 -0.194 0.249 
60.2 -0.194 0.249 
60.2 -0.194 0.248 
60.2 -0.206 0.25 
60.2 -0.205 0.251 
60.2 -0.208 0.252 
60.2 -0.206 0.252 
60.2 -0.205 0.254 
60.2 -0.205 0.253 
60.2 -0.206 0.257 
60.2 -0.206 0.256 
60.2 -0.206 0.255 
60.2 -0.205 0.254 
60.2 -0.205 0.253 
60.2 -0.206 0.254 
60.2 -0.205 0.254 
60.2 -0.206 0.253 
60.3 -0.206 0.251 
60.3 -0.206 0.249 
60.3 -0.206 0.248 
60.3 -0.206 0.25 
60.2 -0.205 0.249 
60.2 -0.205 0.249 
60.2 -0.204 0.249 
60.2 -0.204 0.25 
60.2 -0.203 0.253 
60.2 -0.205 0.255 
60.2 -0.205 0.257 
60.2 -0.205 0.258 
60.2 -0.206 0.258 
60.1 -0.205 0.258 
60.1 -0.206 0.258 
60.1 -0.206 0.259 
60.1 -0.206 0.26 
60.1 -0.207 0.261 
60.1 -0.208 0.262 
60.1 -0.208 0.263 
60.1 -0.209 0.265 
60 -0.21 0.266 
60 -0.21 0.268 
60 -0.21 0.269 
60 -0.211 0.27 
60 -0.209 0.269 
60 -0.209 0.269 
60 -0.208 0.269 
60 -0.207 0.269 
60 -0.209 0.268 
60 -0.209 0.269 
60 -0.211 0.27 
60 -0.21 0.27 
60 -0.21 0.271 
60 -0.211 0.271 
60 -0.21 0.27 
60 -0.21 0.271 
60 -0.21 0.271 
60 -0.211 0.271 
60 -0.212 0.271 
60 -0.213 0.271 
60 -0.213 0.27 
60 -0.213 0.27 
60 -0.213 0.27 
60 -0.213 0.269 
60 -0.214 0.269 
60 -0.214 0.27 
60 -0.212 0.269 
60 -0.214 0.269 
60 -0.215 0.27 
60 -0.215 0.27 
60 -0.213 0.269 
60 -0.213 0.269 
60 -0.211 0.269 
60 -0.212 0.268 
60 -0.212 0.268 
60 -0.211 0.268 
60 -0.21 0.268 
60 -0.21 0.267 
60 -0.21 0.267 
60 -0.21 0.267 
60 -0.21 0.267 
60 -0.209 0.267 
60 -0.209 0.266 
60.1 -0.208 0.266 
60.1 -0.207 0.266 
60 -0.207 0.266 
60 -0.207 0.266 
60.1 -0.206 0.266 
60 -0.206 0.266 
60.1 -0.207 0.265 
60.1 -0.208 0.265 
60 -0.206 0.265 
60 -0.207 0.265 
60 -0.206 0.266 
60 -0.205 0.265 
60 -0.204 0.265 
60 -0.202 0.264 
60 -0.201 0.264 
60 -0.202 0.264 
60 -0.201 0.264 
60 -0.202 0.264 
60 -0.201 0.265 
60 -0.201 0.265 
60 -0.2 0.264 
60 -0.2 0.264 
60 -0.198 0.267 
60 -0.2 0.266 
60 -0.2 0.264 
60 -0.199 0.264 
60 -0.197 0.264 
60 -0.198 0.263 
60 -0.197 0.264 
60 -0.197 0.264 
60 -0.198 0.264 
60.1 -0.198 0.266 
60.1 -0.199 0.264 
60.1 -0.198 0.258 
60.1 -0.199 0.259 
60.1 -0.199 0.263 
60.1 -0.199 0.262 
60.1 -0.198 0.262 
60.1 -0.196 0.261 
60.1 -0.196 0.261 
60.1 -0.196 0.261 
60.1 -0.197 0.261 
60.1 -0.197 0.261 
60.1 -0.197 0.261 
60.1 -0.197 0.261 
60.1 -0.198 0.261 
60.1 -0.198 0.262 
60.1 -0.198 0.262 
60.1 -0.198 0.262 
60.1 -0.198 0.262 
60.1 -0.198 0.262 
60.1 -0.198 0.262 
60.1 -0.198 0.26 
60.1 -0.197 0.261 
60.1 -0.197 0.261 
60.1 -0.197 0.261 
60.1 -0.197 0.26 
60.1 -0.197 0.257 
60.1 -0.197 0.257 
60.1 -0.197 0.257 
60.1 -0.197 0.257 
60.1 -0.197 0.255 
60.1 -0.197 0.257 
60.1 -0.198 0.258 
60.1 -0.198 0.257 
60.1 -0.198 0.257 
60.1 -0.198 0.258 
60.1 -0.197 0.261 
60.1 -0.196 0.257 
60.1 -0.196 0.258 
60.1 -0.197 0.26 
60.1 -0.197 0.261 
60.1 -0.196 0.255 
60.2 -0.196 0.255 
60.2 -0.195 0.256 
60.1 -0.195 0.255 
60.1 -0.196 0.255 
60.2 -0.197 0.256 
60.1 -0.196 0.253 
60.2 -0.196 0.255 
60.2 -0.197 0.254 
60.2 -0.197 0.255 
60.2 -0.198 0.253 
60.2 -0.199 0.253 
60.2 -0.198 0.252 
60.2 -0.198 0.251 
60.2 -0.198 0.248 
60.2 -0.199 0.248 
60.2 -0.197 0.248 
60.2 -0.198 0.248 
60.2 -0.195 0.248 
60.2 -0.196 0.246 
60.2 -0.196 0.244 
60.2 -0.199 0.244 
60.2 -0.199 0.245 
60.2 -0.199 0.245 
60.2 -0.2 0.242 
60.2 -0.199 0.245 
60.2 -0.199 0.244 
60.2 -0.198 0.239 
60.2 -0.198 0.245 
60.2 -0.198 0.245 
60.2 -0.197 0.245 
60.2 -0.196 0.246 
60.2 -0.197 0.243 
60.2 -0.197 0.243 
60.2 -0.197 0.244 
60.2 -0.196 0.242 
60.2 -0.196 0.242 
60.2 -0.197 0.236 
60.2 -0.197 0.234 
60.2 -0.197 0.235 
60.2 -0.198 0.235 
60.2 -0.198 0.235 
60.2 -0.198 0.235 
60.2 -0.198 0.235 
60.3 -0.197 0.238 
60.3 -0.198 0.235 
60.3 -0.198 0.235 
60.3 -0.199 0.235 
60.3 -0.199 0.236 
60.3 -0.199 0.235 
60.3 -0.199 0.235 
60.2 -0.199 0.239 
60.3 -0.199 0.239 
60.3 -0.199 0.244 
60.3 -0.198 0.241 
60.3 -0.198 0.243 
60.2 -0.15 0.24 
60.2 -0.197 0.237 
60.2 -0.197 0.239 
60.3 -0.198 0.239 
60.3 -0.198 0.239 
60.3 -0.196 0.235 
60.3 -0.196 0.236 
60.3 -0.197 0.231 
60.3 -0.197 0.234 
60.3 -0.195 0.237 
60.3 -0.194 0.233 
60.3 -0.194 0.233 
60.3 -0.194 0.229 
60.3 -0.194 0.231 
60.3 -0.193 0.235 
60.3 -0.193 0.232 
60.3 -0.193 0.227 
60.3 -0.193 0.23 
60.3 -0.192 0.231 
60.3 -0.193 0.225 
60.3 -0.192 0.228 
60.3 -0.192 0.229 
60.3 -0.19 0.234 
60.3 -0.19 0.23 
60.3 -0.19 0.23 
60.3 -0.19 0.229 
60.3 -0.189 0.228 
60.3 -0.189 0.229 
60.3 -0.19 0.229 
60.3 -0.19 0.229 
60.3 -0.19 0.228 
60.3 -0.189 0.23 
60.3 -0.189 0.224 
60.3 -0.189 0.224 
60.3 -0.189 0.228 
60.3 -0.189 0.227 
60.3 -0.189 0.227 
60.3 -0.189 0.227 
60.3 -0.189 0.227 
60.3 -0.189 0.227 
60.3 -0.189 0.227 
60.3 -0.189 0.227 
60.3 -0.188 0.227 
60.3 -0.188 0.227 
60.3 -0.188 0.227 
60.4 -0.187 0.227 
60.4 -0.187 0.227 
60.4 -0.186 0.227 
60.4 -0.186 0.227 
60.4 -0.185 0.226 
60.4 -0.184 0.227 
60.4 -0.179 0.225 
60.4 -0.177 0.225 
60.4 -0.174 0.226 
60.4 -0.174 0.226 
60.4 -0.172 0.221 
60.4 -0.171 0.219 
60.4 -0.171 0.212 
60.4 -0.171 0.205 
60.5 -0.172 0.203 
60.5 -0.172 0.203 
60.5 -0.173 0.201 
60.5 -0.174 0.204 
60.5 -0.173 0.204 
60.4 -0.173 0.215 
60.5 -0.174 0.201 
60.5 -0.174 0.209 
60.5 -0.175 0.206 
60.5 -0.175 0.211 
60.4 -0.169 0.216 
60.4 -0.169 0.221 
60.4 -0.168 0.222 
60.4 -0.169 0.222 
60.4 -0.169 0.222 
60.4 -0.169 0.222 
60.4 -0.169 0.222 
60.4 -0.169 0.222 
60.4 -0.169 0.223 
60.4 -0.168 0.223 
60.4 -0.169 0.223 
60.4 -0.167 0.224 
60.4 -0.168 0.222 
60.5 -0.167 0.224 
60.4 -0.166 0.222 
60.5 -0.167 0.221 
60.5 -0.166 0.221 
60.5 -0.166 0.221 
60.4 -0.165 0.222 
60.5 -0.166 0.223 
60.5 -0.166 0.223 
60.5 -0.167 0.221 
60.5 -0.166 0.22 
60.5 -0.164 0.22 
60.5 -0.163 0.22 
60.5 -0.164 0.22 
60.5 -0.164 0.221 
60.6 -0.165 0.221 
60.6 -0.163 0.221 
60.6 -0.164 0.221 
60.6 -0.164 0.221 
60.6 -0.164 0.221 
60.6 -0.164 0.221 
60.6 -0.164 0.222 
60.6 -0.165 0.222 
60.6 -0.164 0.222 
60.6 -0.164 0.222 
60.6 -0.165 0.22 
60.6 -0.165 0.222 
60.6 -0.165 0.222 
60.6 -0.166 0.222 
60.6 -0.165 0.223 
60.6 -0.165 0.223 
60.6 -0.165 0.223 
60.6 -0.164 0.224 
60.6 -0.165 0.223 
60.6 -0.165 0.223 
60.6 -0.165 0.223 
60.6 -0.164 0.224 
60.6 -0.164 0.224 
60.6 -0.165 0.224 
60.6 -0.165 0.224 
60.6 -0.166 0.224 
60.6 -0.166 0.224 
60.6 -0.166 0.224 
60.7 -0.166 0.224 
60.7 -0.166 0.224 
60.6 -0.164 0.229 
60.6 -0.163 0.225 
60.7 -0.166 0.224 
60.7 -0.165 0.224 
60.7 -0.165 0.226 
60.7 -0.166 0.227 
60.7 -0.167 0.224 
60.7 -0.168 0.224 
60.7 -0.169 0.222 
60.7 -0.172 0.223 
60.7 -0.172 0.223 
60.6 -0.129 0.201 
60.7 -0.173 0.221 
60.7 -0.17 0.222 
60.7 -0.17 0.223 
60.7 -0.172 0.213 
60.7 -0.171 0.211 
60.7 -0.171 0.212 
60.7 -0.17 0.211 
60.7 -0.17 0.211 
60.7 -0.17 0.211 
60.7 -0.17 0.216 
60.7 -0.168 0.216 
60.7 -0.168 0.216 
60.7 -0.168 0.219 
60.7 -0.168 0.218 
60.7 -0.168 0.218 
60.7 -0.168 0.218 
60.7 -0.168 0.219 
60.7 -0.168 0.222 
60.7 -0.167 0.225 
60.7 -0.168 0.224 
60.7 -0.168 0.222 
60.7 -0.168 0.224 
60.7 -0.168 0.224 
60.7 -0.168 0.224 
60.8 -0.169 0.224 
60.8 -0.169 0.224 
60.8 -0.169 0.227 
60.8 -0.169 0.227 
60.8 -0.169 0.226 
60.8 -0.169 0.227 
60.8 -0.17 0.228 
60.8 -0.17 0.228 
60.8 -0.17 0.228 
60.8 -0.169 0.228 
60.8 -0.169 0.228 
60.8 -0.169 0.228 
60.8 -0.169 0.228 
60.8 -0.17 0.228 
60.8 -0.17 0.229 
60.8 -0.17 0.229 
60.8 -0.171 0.232 
60.8 -0.171 0.233 
60.8 -0.169 0.238 
60.8 -0.168 0.238 
60.8 -0.166 0.237 
60.8 -0.167 0.236 
60.8 -0.167 0.237 
60.8 -0.159 0.24 
60.8 -0.166 0.236 
60.8 -0.166 0.237 
60.8 -0.166 0.237 
60.8 -0.166 0.237 
60.8 -0.166 0.237 
60.8 -0.165 0.235 
60.8 -0.148 0.239 
60.8 -0.149 0.238 
60.8 -0.166 0.234 
60.8 -0.167 0.235 
60.8 -0.15 0.234 
60.8 -0.151 0.234 
60.8 -0.167 0.234 
60.8 -0.167 0.235 
60.8 -0.167 0.235 
60.8 -0.168 0.235 
60.8 -0.169 0.235 
60.9 -0.169 0.235 
60.9 -0.169 0.232 
60.9 -0.17 0.231 
60.9 -0.171 0.23 
60.9 -0.172 0.23 
60.9 -0.171 0.23 
60.9 -0.171 0.23 
60.9 -0.171 0.229 
60.9 -0.17 0.229 
60.9 -0.17 0.228 
60.9 -0.17 0.227 
61 -0.17 0.226 
61 -0.17 0.227 
61 -0.17 0.226 
61 -0.17 0.227 
61 -0.17 0.227 
61 -0.17 0.228 
61 -0.17 0.228 
61 -0.171 0.228 
61 -0.172 0.228 
61 -0.173 0.229 
61 -0.173 0.229 
61 -0.174 0.229 
61 -0.175 0.229 
61 -0.175 0.23 
61 -0.174 0.23 
61 -0.174 0.23 
61 -0.174 0.23 
61 -0.174 0.231 
61.1 -0.174 0.231 
61.1 -0.174 0.23 
61.1 -0.174 0.23 
61.1 -0.174 0.23 
61.1 -0.174 0.23 
61.1 -0.175 0.23 
61.1 -0.175 0.231 
61.1 -0.175 0.232 
61.1 -0.175 0.231 
61.1 -0.175 0.231 
61.1 -0.175 0.232 
61.1 -0.176 0.232 
61.1 -0.176 0.232 
61.1 -0.176 0.233 
61.1 -0.176 0.233 
61.1 -0.176 0.233 
61.1 -0.176 0.234 
61.1 -0.176 0.234 
61.1 -0.174 0.234 
61.1 -0.174 0.234 
61.1 -0.174 0.235 
61.1 -0.174 0.235 
61.1 -0.174 0.235 
61.1 -0.174 0.235 
61.1 -0.174 0.236 
61.1 -0.174 0.236 
61.1 -0.175 0.236 
61.1 -0.175 0.236 
61.1 -0.174 0.236 
61.1 -0.175 0.236 
61.1 -0.174 0.238 
61.1 -0.174 0.238 
61.1 -0.175 0.239 
61.1 -0.175 0.238 
61.1 -0.175 0.239 
61.1 -0.175 0.239 
61.1 -0.175 0.239 
61.1 -0.176 0.239 
61.1 -0.176 0.239 
61.1 -0.175 0.238 
61.1 -0.176 0.238 
61.1 -0.176 0.238 
61.1 -0.175 0.239 
61.1 -0.177 0.239 
61.1 -0.177 0.239 
61.2 -0.177 0.239 
61.1 -0.177 0.239 
61.1 -0.177 0.239 
61.1 -0.177 0.239 
61.1 -0.177 0.238 
61.1 -0.177 0.238 
61.1 -0.177 0.239 
61.1 -0.179 0.238 
61.1 -0.18 0.239 
61.1 -0.18 0.239 
61.1 -0.18 0.239 
61.1 -0.18 0.241 
61.1 -0.18 0.241 
61.1 -0.18 0.241 
61.1 -0.182 0.24 
61.1 -0.182 0.239 
61.1 -0.182 0.239 
61.1 -0.182 0.239 
61.1 -0.182 0.239 
61.1 -0.182 0.239 
61.2 -0.182 0.239 
61.2 -0.182 0.239 
61.2 -0.182 0.239 
61.2 -0.181 0.239 
61.2 -0.182 0.239 
61.2 -0.182 0.239 
61.2 -0.18 0.24 
61.2 -0.18 0.24 
61.2 -0.18 0.24 
61.2 -0.181 0.24 
61.2 -0.18 0.24 
61.2 -0.179 0.24 
61.2 -0.183 0.237 
61.2 -0.183 0.238 
61.2 -0.183 0.237 
61.2 -0.183 0.238 
61.2 -0.185 0.239 
61.2 -0.185 0.239 
61.2 -0.184 0.239 
61.2 -0.184 0.239 
61.2 -0.182 0.243 
61.2 -0.181 0.243 
61.2 -0.182 0.243 
61.2 -0.182 0.241 
61.2 -0.182 0.241 
61.2 -0.182 0.242 
61.2 -0.18 0.244 
61.2 -0.182 0.242 
61.2 -0.18 0.243 
61.2 -0.179 0.243 
61.3 -0.182 0.242 
61.3 -0.181 0.241 
61.3 -0.181 0.241 
61.3 -0.181 0.24 
61.3 -0.181 0.239 
61.3 -0.179 0.24 
61.3 -0.179 0.24 
61.3 -0.131 0.184 
61.3 -0.179 0.241 
61.3 -0.179 0.241 
61.3 -0.178 0.241 
61.3 -0.178 0.241 
61.3 -0.179 0.239 
61.3 -0.179 0.239 
61.3 -0.179 0.239 
61.3 -0.177 0.239 
61.3 -0.179 0.239 
61.3 -0.179 0.239 
61.3 -0.179 0.239 
61.3 -0.179 0.239 
61.3 -0.179 0.239 
61.3 -0.179 0.239 
61.3 -0.178 0.239 
61.4 -0.177 0.238 
61.4 -0.178 0.238 
61.4 -0.179 0.239 
61.4 -0.178 0.239 
61.4 -0.179 0.239 
61.4 -0.178 0.239 
61.4 -0.178 0.239 
61.4 -0.178 0.238 
61.4 -0.178 0.238 
61.4 -0.179 0.238 
61.4 -0.179 0.238 
61.4 -0.179 0.238 
61.4 -0.179 0.238 
61.4 -0.179 0.238 
61.4 -0.18 0.239 
61.4 -0.18 0.238 
61.4 -0.179 0.238 
61.4 -0.179 0.237 
61.4 -0.18 0.237 
61.4 -0.179 0.238 
61.4 -0.18 0.238 
61.4 -0.18 0.237 
61.4 -0.176 0.236 
61.4 -0.177 0.237 
61.4 -0.178 0.237 
61.4 -0.177 0.236 
61.4 -0.177 0.236 
61.4 -0.178 0.236 
61.4 -0.177 0.235 
61.4 -0.177 0.235 
61.4 -0.176 0.235 
61.4 -0.176 0.235 
61.4 -0.177 0.235 
61.4 -0.178 0.234 
61.4 -0.178 0.234 
61.5 -0.178 0.234 
61.5 -0.178 0.234 
61.5 -0.178 0.233 
61.5 -0.178 0.234 
61.5 -0.178 0.234 
61.5 -0.178 0.234 
61.5 -0.179 0.234 
61.5 -0.179 0.234 
61.5 -0.179 0.234 
61.5 -0.179 0.234 
61.5 -0.179 0.234 
61.5 -0.179 0.234 
61.5 -0.18 0.234 
61.5 -0.18 0.234 
61.5 -0.18 0.234 
61.5 -0.18 0.234 
61.5 -0.18 0.234 
61.5 -0.18 0.234 
61.5 -0.18 0.234 
61.5 -0.179 0.235 
61.5 -0.181 0.236 
61.5 -0.181 0.235 
61.5 -0.18 0.235 
61.5 -0.18 0.235 
61.5 -0.179 0.236 
61.5 -0.18 0.236 
61.5 -0.18 0.235 
61.5 -0.176 0.236 
61.5 -0.178 0.234 
61.5 -0.179 0.236 
61.5 -0.181 0.236 
61.5 -0.181 0.236 
61.5 -0.18 0.236 
61.5 -0.18 0.236 
61.5 -0.177 0.236 
61.5 -0.179 0.235 
61.5 -0.18 0.236 
61.5 -0.18 0.236 
61.5 -0.181 0.236 
61.5 -0.182 0.237 
61.5 -0.181 0.237 
61.5 -0.181 0.236 
61.6 -0.181 0.236 
61.6 -0.182 0.237 
61.6 -0.182 0.237 
61.6 -0.182 0.237 
61.6 -0.182 0.237 
61.6 -0.181 0.237 
61.6 -0.181 0.237 
61.6 -0.181 0.237 
61.5 -0.181 0.237 
61.5 -0.181 0.236 
61.5 -0.181 0.236 
61.5 -0.181 0.236 
61.5 -0.181 0.236 
61.5 -0.181 0.237 
61.5 -0.181 0.237 
61.5 -0.181 0.237 
61.5 -0.181 0.237 
61.5 -0.181 0.237 
61.6 -0.181 0.237 
61.6 -0.181 0.237 
61.6 -0.181 0.238 
61.6 -0.181 0.238 
61.6 -0.18 0.238 
61.6 -0.18 0.238 
61.6 -0.181 0.239 
61.6 -0.181 0.239 
61.6 -0.182 0.239 
61.6 -0.182 0.239 
61.6 -0.182 0.24 
61.6 -0.182 0.24 
61.6 -0.182 0.24 
61.6 -0.181 0.239 
61.6 -0.18 0.239 
61.6 -0.181 0.239 
61.6 -0.181 0.239 
61.6 -0.181 0.239 
61.6 -0.181 0.239 
61.6 -0.181 0.24 
61.6 -0.181 0.24 
61.6 -0.18 0.239 
61.7 -0.18 0.24 
61.7 -0.18 0.24 
61.7 -0.181 0.24 
61.7 -0.18 0.24 
61.7 -0.181 0.24 
61.7 -0.181 0.24 
61.7 -0.181 0.24 
61.7 -0.181 0.241 
61.7 -0.181 0.241 
61.7 -0.181 0.24 
61.7 -0.181 0.24 
61.7 -0.181 0.241 
61.7 -0.181 0.241 
61.7 -0.181 0.241 
61.7 -0.181 0.241 
61.7 -0.181 0.241 
61.7 -0.181 0.241 
61.7 -0.181 0.241 
61.7 -0.181 0.241 
61.7 -0.181 0.241 
61.7 -0.181 0.241 
61.7 -0.181 0.242 
61.7 -0.18 0.242 
61.7 -0.18 0.242 
61.7 -0.179 0.241 
61.7 -0.179 0.24 
61.7 -0.179 0.241 
61.7 -0.179 0.241 
61.7 -0.179 0.241 
61.7 -0.177 0.24 
61.7 -0.177 0.24 
61.7 -0.177 0.24 
61.7 -0.177 0.24 
61.7 -0.177 0.239 
61.7 -0.177 0.239 
61.7 -0.177 0.239 
61.7 -0.177 0.239 
61.7 -0.177 0.239 
61.7 -0.177 0.238 
61.7 -0.178 0.238 
61.7 -0.178 0.239 
61.7 -0.178 0.238 
61.7 -0.178 0.238 
61.7 -0.178 0.238 
61.7 -0.178 0.238 
61.7 -0.177 0.237 
61.7 -0.177 0.236 
61.7 -0.177 0.236 
61.7 -0.178 0.237 
61.8 -0.177 0.237 
61.8 -0.177 0.236 
61.8 -0.177 0.237 
61.8 -0.177 0.237 
61.8 -0.178 0.237 
61.8 -0.178 0.237 
61.8 -0.177 0.237 
61.8 -0.177 0.237 
61.8 -0.177 0.237 
61.8 -0.177 0.237 
61.8 -0.177 0.237 
61.8 -0.177 0.238 
61.8 -0.177 0.238 
61.8 -0.177 0.238 
61.8 -0.177 0.238 
61.8 -0.178 0.238 
61.8 -0.178 0.238 
61.8 -0.178 0.238 
61.8 -0.178 0.238 
61.8 -0.177 0.237 
61.8 -0.177 0.237 
61.8 -0.178 0.237 
61.8 -0.178 0.237 
61.8 -0.178 0.238 
61.8 -0.176 0.238 
61.8 -0.177 0.238 
61.8 -0.177 0.238 
61.8 -0.177 0.238 
61.8 -0.177 0.238 
61.8 -0.179 0.237 
61.8 -0.179 0.238 
61.8 -0.18 0.238 
61.8 -0.179 0.238 
61.8 -0.179 0.238 
61.8 -0.179 0.238 
61.8 -0.18 0.238 
61.8 -0.18 0.238 
61.9 -0.18 0.237 
61.9 -0.18 0.237 
61.9 -0.181 0.237 
61.9 -0.181 0.237 
61.9 -0.181 0.237 
61.9 -0.181 0.237 
61.9 -0.181 0.237 
61.9 -0.181 0.237 
61.9 -0.181 0.237 
61.9 -0.181 0.237 
61.9 -0.181 0.237 
61.9 -0.179 0.235 
61.9 -0.179 0.235 
61.9 -0.179 0.234 
61.9 -0.179 0.234 
61.9 -0.179 0.233 
61.9 -0.179 0.233 
61.9 -0.179 0.233 
61.9 -0.177 0.232 
61.9 -0.177 0.232 
61.9 -0.177 0.232 
61.9 -0.177 0.232 
61.9 -0.178 0.232 
61.9 -0.177 0.231 
61.9 -0.176 0.231 
61.9 -0.176 0.231 
61.9 -0.176 0.231 
61.9 -0.179 0.23 
61.9 -0.179 0.23 
61.9 -0.179 0.23 
61.9 -0.175 0.229 
61.9 -0.175 0.229 
61.9 -0.176 0.229 
62 -0.176 0.228 
62 -0.176 0.228 
62 -0.176 0.228 
62 -0.176 0.226 
62 -0.176 0.226 
62 -0.175 0.227 
62 -0.175 0.226 
62 -0.175 0.226 
62 -0.175 0.226 
62 -0.174 0.226 
62 -0.174 0.226 
62 -0.173 0.226 
62 -0.173 0.226 
62 -0.173 0.226 
62 -0.173 0.226 
61.9 -0.173 0.226 
61.9 -0.173 0.226 
62 -0.173 0.225 
62 -0.173 0.226 
62 -0.173 0.226 
62 -0.173 0.226 
62 -0.173 0.226 
62 -0.173 0.226 
62 -0.173 0.226 
62 -0.171 0.225 
62 -0.172 0.226 
62 -0.172 0.224 
62 -0.171 0.225 
62 -0.167 0.226 
62 -0.168 0.224 
62 -0.167 0.223 
61.9 -0.167 0.223 
62 -0.168 0.223 
61.9 -0.175 0.201 
61.9 -0.171 0.223 
61.9 -0.169 0.223 
61.9 -0.169 0.222 
61.9 -0.168 0.222 
61.9 -0.168 0.222 
61.9 -0.169 0.221 
61.9 -0.169 0.221 
61.9 -0.169 0.221 
61.9 -0.169 0.22 
61.9 -0.169 0.22 
61.8 -0.167 0.221 
61.8 -0.165 0.221 
61.8 -0.163 0.22 
61.8 -0.164 0.22 
61.8 -0.162 0.219 
61.8 -0.163 0.219 
61.8 -0.163 0.219 
61.8 -0.161 0.219 
61.8 -0.162 0.219 
61.8 -0.163 0.219 
61.8 -0.162 0.219 
61.8 -0.163 0.218 
61.8 -0.163 0.218 
61.8 -0.162 0.218 
61.8 -0.162 0.218 
61.8 -0.161 0.217 
61.8 -0.162 0.218 
61.8 -0.162 0.218 
61.8 -0.161 0.217 
61.8 -0.161 0.216 
61.8 -0.162 0.217 
61.8 -0.162 0.217 
61.9 -0.161 0.217 
61.9 -0.161 0.216 
61.9 -0.161 0.216 
61.9 -0.16 0.216 
61.9 -0.158 0.216 
61.9 -0.158 0.216 
61.8 -0.158 0.216 
61.8 -0.158 0.216 
61.8 -0.158 0.217 
62 -0.164 0.215 
62 -0.165 0.216 
61.9 -0.161 0.217 
61.9 -0.159 0.218 
61.9 -0.159 0.218 
61.9 -0.159 0.218 
61.9 -0.159 0.218 
61.9 -0.16 0.218 
61.9 -0.158 0.218 
61.9 -0.158 0.217 
61.9 -0.157 0.217 
61.9 -0.158 0.217 
61.9 -0.158 0.217 
61.9 -0.159 0.217 
61.9 -0.159 0.217 
61.9 -0.159 0.217 
61.9 -0.159 0.217 
61.9 -0.159 0.217 
61.9 -0.159 0.217 
61.9 -0.159 0.217 
61.9 -0.159 0.217 
61.9 -0.157 0.217 
61.9 -0.158 0.217 
62 -0.159 0.217 
62 -0.157 0.217 
62 -0.157 0.216 
62 -0.157 0.216 
62 -0.158 0.217 
62 -0.158 0.217 
62 -0.158 0.217 
62 -0.159 0.217 
62 -0.159 0.217 
62 -0.158 0.217 
62 -0.158 0.217 
62 -0.158 0.217 
62 -0.158 0.217 
62 -0.159 0.217 
62 -0.159 0.216 
62 -0.159 0.216 
62 -0.158 0.216 
62 -0.159 0.216 
62 -0.156 0.216 
62 -0.153 0.215 
62 -0.153 0.214 
62 -0.151 0.213 
62 -0.151 0.212 
62 -0.151 0.212 
62 -0.151 0.213 
62 -0.151 0.213 
62 -0.151 0.213 
62 -0.152 0.213 
62 -0.153 0.213 
62 -0.153 0.213 
62 -0.152 0.213 
62 -0.152 0.213 
62 -0.149 0.213 
62 -0.15 0.213 
62 -0.148 0.213 
62 -0.148 0.212 
62 -0.148 0.212 
62 -0.147 0.212 
62 -0.147 0.212 
62 -0.146 0.211 
62 -0.147 0.211 
62 -0.148 0.211 
62 -0.149 0.211 
62 -0.149 0.211 
62 -0.149 0.21 
62 -0.149 0.21 
62 -0.147 0.21 
62 -0.148 0.21 
62 -0.148 0.21 
62 -0.148 0.21 
62 -0.148 0.21 
62 -0.148 0.21 
62 -0.148 0.21 
62 -0.148 0.21 
62 -0.146 0.21 
62 -0.147 0.21 
62 -0.146 0.21 
62 -0.147 0.21 
62 -0.147 0.21 
62 -0.147 0.21 
62 -0.148 0.21 
62 -0.148 0.21 
62 -0.149 0.21 
62 -0.149 0.21 
62 -0.149 0.21 
62.1 -0.00266 0.173 
62 -0.153 0.203 
62 -0.153 0.203 
62 -0.153 0.203 
62 -0.148 0.212 
62 -0.148 0.212 
62 -0.149 0.212 
62 -0.149 0.21 
62 -0.149 0.21 
62 -0.152 0.21 
62 -0.153 0.209 
62 -0.151 0.209 
62.1 -0.151 0.209 
62.1 -0.151 0.209 
62.1 -0.151 0.21 
62.1 -0.151 0.21 
62.1 -0.152 0.21 
62.1 -0.153 0.211 
62.1 -0.153 0.211 
62.1 -0.152 0.211 
62.1 -0.152 0.21 
62.1 -0.152 0.21 
62.1 -0.152 0.21 
62.1 -0.15 0.21 
62.1 -0.149 0.211 
62.1 -0.149 0.212 
62.1 -0.149 0.211 
62.1 -0.149 0.212 
62.1 -0.149 0.212 
62.1 -0.149 0.212 
62.1 -0.148 0.211 
62.1 -0.148 0.211 
62.1 -0.148 0.211 
62.1 -0.146 0.212 
62.1 -0.146 0.212 
62.1 -0.145 0.212 
62.1 -0.146 0.212 
62.1 -0.146 0.212 
62 -0.145 0.212 
62.1 -0.144 0.212 
62.1 -0.146 0.212 
62 -0.145 0.212 
62.1 -0.145 0.212 
62 -0.145 0.21 
62 -0.145 0.21 
62.1 -0.145 0.21 
62.1 -0.145 0.21 
62.1 -0.145 0.208 
62.1 -0.145 0.208 
62.1 -0.145 0.208 
62.1 -0.146 0.207 
62.1 -0.146 0.207 
62.1 -0.145 0.207 
62.1 -0.145 0.208 
62.1 -0.145 0.208 
62.1 -0.146 0.208 
62.1 -0.147 0.207 
62.1 -0.147 0.207 
62.1 -0.147 0.206 
62.1 -0.147 0.206 
62.1 -0.147 0.206 
62.1 -0.147 0.206 
62.1 -0.147 0.206 
62.1 -0.146 0.207 
62.1 -0.146 0.206 
62.1 -0.147 0.206 
62.1 -0.145 0.207 
62.1 -0.145 0.206 
62.1 -0.145 0.207 
62.1 -0.145 0.207 
62.1 -0.146 0.207 
62.1 -0.143 0.207 
62.1 -0.144 0.207 
62.1 -0.144 0.207 
62.1 -0.144 0.207 
62.1 -0.144 0.207 
62.1 -0.143 0.207 
62.1 -0.143 0.207 
62.1 -0.143 0.207 
62.1 -0.142 0.208 
62.1 -0.143 0.207 
62.1 -0.143 0.207 
62.1 -0.143 0.208 
62.1 -0.144 0.208 
62.1 -0.144 0.208 
62.1 -0.144 0.208 
62.1 -0.144 0.21 
62.2 -0.144 0.21 
62.2 -0.142 0.21 
62.2 -0.143 0.21 
62.2 -0.143 0.21 
62.2 -0.144 0.209 
62.2 -0.144 0.21 
62.2 -0.145 0.21 
62.2 -0.145 0.21 
62.2 -0.145 0.21 
62.2 -0.145 0.21 
62.2 -0.144 0.21 
62.2 -0.145 0.21 
62.2 -0.145 0.21 
62.2 -0.144 0.21 
62.2 -0.144 0.209 
62.2 -0.144 0.209 
62.2 -0.145 0.209 
62.2 -0.144 0.21 
62.2 -0.144 0.209 
62.2 -0.144 0.209 
62.2 -0.144 0.209 
62.2 -0.145 0.209 
62.2 -0.145 0.209 
62.2 -0.143 0.209 
62.2 -0.144 0.209 
62.2 -0.144 0.209 
62.2 -0.144 0.209 
62.2 -0.144 0.209 
62.2 -0.144 0.209 
62.2 -0.144 0.208 
62.2 -0.142 0.209 
62.2 -0.143 0.209 
62.2 -0.143 0.209 
62.2 -0.141 0.21 
62.2 -0.141 0.209 
62.2 -0.141 0.21 
62.2 -0.142 0.209 
62.2 -0.142 0.209 
62.2 -0.141 0.21 
62.2 -0.141 0.209 
62.2 -0.141 0.209 
62.3 -0.141 0.21 
62.3 -0.141 0.21 
62.3 -0.141 0.21 
62.3 -0.141 0.21 
62.3 -0.141 0.21 
62.3 -0.14 0.211 
62.3 -0.14 0.211 
62.3 -0.139 0.212 
62.3 -0.139 0.211 
62.3 -0.139 0.212 
62.3 -0.139 0.212 
62.3 -0.14 0.212 
62.3 -0.14 0.212 
62.3 -0.14 0.212 
62.3 -0.138 0.211 
62.1 -0.0579 0.284 
62.3 -0.136 0.207 
62.3 -0.142 0.211 
62.2 -0.118 0.214 
62.3 -0.143 0.21 
62.3 -0.143 0.211 
62.3 -0.143 0.21 
62.3 -0.143 0.21 
62.3 -0.111 0.219 
62.3 -0.146 0.208 
62.3 -0.148 0.209 
62.3 -0.149 0.209 
62.3 -0.149 0.209 
62.3 -0.14 0.215 
62.3 -0.148 0.208 
62.3 -0.149 0.207 
62.3 -0.149 0.207 
62.3 -0.149 0.206 
62.3 -0.149 0.206 
62.3 -0.149 0.205 
62.3 -0.149 0.205 
62.3 -0.148 0.205 
62.3 -0.148 0.205 
62.3 -0.148 0.204 
62.3 -0.148 0.204 
62.3 -0.148 0.204 
62.3 -0.147 0.204 
62.3 -0.147 0.204 
62.3 -0.148 0.204 
62.3 -0.148 0.204 
62.3 -0.147 0.203 
62.3 -0.148 0.203 
62.3 -0.148 0.203 
62.3 -0.148 0.203 
62.3 -0.148 0.203 
62.3 -0.148 0.203 
62.3 -0.148 0.202 
62.3 -0.148 0.203 
62.3 -0.149 0.203 
62.3 -0.148 0.203 
62.3 -0.148 0.203 
62.3 -0.149 0.202 
62.3 -0.149 0.203 
62.3 -0.149 0.203 
62.4 -0.149 0.203 
62.4 -0.149 0.204 
62.4 -0.149 0.204 
62.4 -0.15 0.204 
62.4 -0.15 0.204 
62.4 -0.15 0.204 
62.4 -0.149 0.205 
62.4 -0.15 0.204 
62.4 -0.151 0.204 
62.4 -0.15 0.204 
62.4 -0.15 0.203 
62.4 -0.15 0.203 
62.4 -0.151 0.202 
62.4 -0.151 0.203 
62.4 -0.151 0.203 
62.4 -0.151 0.202 
62.4 -0.151 0.203 
62.4 -0.151 0.203 
62.4 -0.151 0.202 
62.4 -0.151 0.202 
62.4 -0.151 0.202 
62.4 -0.151 0.201 
62.4 -0.151 0.201 
62.4 -0.152 0.201 
62.4 -0.152 0.201 
62.4 -0.153 0.201 
62.4 -0.153 0.201 
62.4 -0.154 0.201 
62.4 -0.154 0.201 
62.4 -0.155 0.202 
62.4 -0.155 0.201 
62.4 -0.155 0.201 
62.4 -0.156 0.202 
62.5 -0.156 0.201 
62.5 -0.157 0.202 
62.5 -0.157 0.203 
62.5 -0.157 0.203 
62.5 -0.157 0.203 
62.5 -0.158 0.204 
62.5 -0.158 0.204 
62.5 -0.158 0.204 
62.5 -0.158 0.204 
62.5 -0.157 0.203 
62.5 -0.156 0.203 
62.5 -0.156 0.203 
62.5 -0.156 0.203 
62.5 -0.156 0.203 
62.5 -0.157 0.203 
62.5 -0.157 0.203 
62.5 -0.158 0.203 
62.5 -0.158 0.203 
62.5 -0.158 0.203 
62.5 -0.157 0.203 
62.5 -0.157 0.203 
62.5 -0.157 0.203 
62.5 -0.157 0.203 
62.5 -0.156 0.202 
62.5 -0.155 0.203 
62.5 -0.155 0.203 
62.5 -0.155 0.202 
62.5 -0.156 0.202 
62.5 -0.154 0.201 
62.5 -0.155 0.201 
62.6 -0.155 0.201 
62.6 -0.155 0.2 
62.6 -0.154 0.2 
62.6 -0.155 0.199 
62.6 -0.155 0.2 
62.6 -0.156 0.2 
62.6 -0.155 0.2 
62.6 -0.156 0.199 
62.6 -0.156 0.199 
62.6 -0.156 0.198 
62.6 -0.154 0.198 
62.6 -0.155 0.198 
62.6 -0.154 0.198 
62.6 -0.155 0.198 
62.6 -0.155 0.198 
62.6 -0.155 0.198 
62.6 -0.154 0.198 
62.6 -0.154 0.198 
62.6 -0.153 0.198 
62.6 -0.154 0.197 
62.6 -0.153 0.197 
62.6 -0.153 0.197 
62.6 -0.153 0.197 
62.6 -0.152 0.196 
62.6 -0.152 0.196 
62.6 -0.153 0.196 
62.6 -0.153 0.197 
62.6 -0.153 0.196 
62.6 -0.153 0.197 
62.6 -0.153 0.196 
62.6 -0.154 0.196 
62.6 -0.153 0.196 
62.6 -0.153 0.196 
62.6 -0.151 0.197 
62.6 -0.152 0.197 
62.6 -0.151 0.197 
62.6 -0.151 0.197 
62.6 -0.152 0.197 
62.6 -0.153 0.197 
62.6 -0.152 0.197 
62.6 -0.152 0.197 
62.6 -0.153 0.197 
62.6 -0.153 0.198 
62.6 -0.154 0.198 
62.6 -0.154 0.199 
62.6 -0.154 0.199 
62.6 -0.154 0.199 
62.6 -0.154 0.199 
62.6 -0.154 0.199 
62.6 -0.154 0.199 
62.6 -0.153 0.199 
62.6 -0.153 0.2 
62.6 -0.153 0.2 
62.6 -0.153 0.199 
62.6 -0.153 0.199 
62.7 -0.158 0.199 
62.7 -0.156 0.2 
62.7 -0.156 0.2 
62.6 -0.153 0.201 
62.7 -0.153 0.201 
62.7 -0.153 0.201 
62.7 -0.156 0.2 
62.7 -0.157 0.201 
62.7 -0.158 0.201 
62.7 -0.156 0.202 
62.7 -0.156 0.202 
62.7 -0.157 0.203 
62.7 -0.157 0.203 
62.7 -0.156 0.203 
62.7 -0.155 0.202 
62.7 -0.155 0.202 
62.7 -0.154 0.202 
62.7 -0.154 0.202 
62.7 -0.155 0.202 
62.7 -0.154 0.202 
62.7 -0.155 0.202 
62.7 -0.155 0.202 
62.8 -0.16 0.201 
62.7 -0.156 0.202 
62.7 -0.156 0.202 
62.7 -0.157 0.202 
62.7 -0.158 0.202 
62.7 -0.153 0.203 
62.7 -0.158 0.202 
62.7 -0.158 0.202 
62.7 -0.158 0.202 
62.7 -0.158 0.203 
62.7 -0.158 0.203 
62.7 -0.158 0.203 
62.7 -0.157 0.203 
62.7 -0.157 0.203 
62.7 -0.158 0.203 
62.7 -0.158 0.204 
62.7 -0.157 0.204 
62.7 -0.157 0.204 
62.8 -0.158 0.204 
62.8 -0.159 0.204 
62.8 -0.157 0.204 
62.8 -0.157 0.204 
62.8 -0.157 0.204 
62.8 -0.158 0.204 
62.8 -0.158 0.204 
62.8 -0.159 0.205 
62.8 -0.159 0.205 
62.8 -0.16 0.205 
62.8 -0.16 0.205 
62.8 -0.158 0.205 
62.8 -0.159 0.205 
62.8 -0.16 0.205 
62.8 -0.16 0.206 
62.8 -0.16 0.206 
62.8 -0.16 0.206 
62.8 -0.16 0.206 
62.8 -0.16 0.206 
62.8 -0.16 0.206 
62.8 -0.16 0.206 
