74.4 0.0136 -0.28 
74.3 -0.0951 -0.292 
74.4 -0.0762 -0.25 
74.3 -0.0665 -0.265 
74.3 -0.0532 -0.257 
74.4 -0.032 -0.209 
74.4 -0.00724 -0.172 
74.4 0.0455 -0.139 
74.4 0.0444 -0.106 
74.4 0.115 -0.0871 
74.4 0.153 -0.0694 
74.4 0.181 -0.0467 
74.4 0.242 -0.0201 
74.5 0.0932 0.0244 
74.5 0.0926 0.0673 
74.5 0.264 0.0734 
74.4 0.329 0.0621 
74.4 0.398 0.0577 
74.3 0.443 0.052 
74.2 0.669 0.0574 
74.3 0.514 0.0331 
74.2 0.543 0.0263 
74.2 0.534 0.0227 
74.2 0.527 0.00486 
74.2 0.528 0.0119 
74.2 0.52 0.0117 
74.2 0.489 0.015 
74.2 0.498 0.00525 
74.2 0.485 0.00514 
74.1 0.45 0.00593 
74.1 0.481 0.0052 
74.2 0.478 0.00826 
74.2 0.432 0.0155 
74.2 0.482 0.00957 
74.2 0.473 0.00609 
74.2 0.468 0.009 
74.2 0.465 0.0112 
74.2 0.46 0.0119 
74.2 0.454 0.0118 
74.2 0.497 0.0201 
74.2 0.512 0.0184 
74.2 0.494 0.0194 
74.2 0.539 0.0339 
74.2 0.54 0.0317 
74.2 0.542 0.0437 
74.3 0.547 0.0526 
74.3 0.563 0.0494 
74.3 0.58 0.042 
74.3 0.587 0.0336 
74.3 0.554 0.0286 
74.3 0.566 0.0177 
74.3 0.546 0.0101 
74.3 0.537 0.00762 
74.3 0.515 3e-05 
74.3 0.511 -0.00146 
74.3 0.488 -0.0108 
74.3 0.492 -0.0124 
74.3 0.452 -0.00779 
74.3 0.452 -0.0115 
74.3 0.444 -0.012 
74.3 0.439 -0.0138 
74.2 0.387 -0.0272 
74.2 0.392 -0.0315 
74.2 0.393 -0.0373 
74.2 0.413 -0.0424 
74.2 0.403 -0.0956 
74.1 0.398 -0.062 
74.1 0.408 -0.0624 
74.2 0.407 -0.0626 
74.1 0.374 -0.0752 
74.1 0.388 -0.0722 
74.2 0.413 -0.0698 
74.2 0.413 -0.0694 
74.1 0.42 -0.0791 
74.1 0.417 -0.076 
74.2 0.423 -0.0758 
74.1 0.425 -0.0783 
74.1 0.432 -0.0813 
74.1 0.414 -0.0859 
74.1 0.401 -0.0892 
74.1 0.416 -0.0941 
74.1 0.414 -0.0961 
74.1 0.413 -0.0984 
74.1 0.413 -0.103 
74.1 0.413 -0.0966 
74.1 0.398 -0.0902 
74.1 0.4 -0.0902 
74.1 0.403 -0.0869 
74.1 0.385 -0.0794 
74.1 0.386 -0.0805 
74.1 0.375 -0.0746 
74.1 0.36 -0.0729 
74.2 0.367 -0.0689 
74.2 0.361 -0.0632 
74.2 0.366 -0.0672 
74.2 0.363 -0.0629 
74.2 0.358 -0.0536 
74.2 0.389 -0.0596 
74.2 0.365 -0.0512 
74.2 0.364 -0.0506 
74.2 0.377 -0.0493 
74.2 0.377 -0.0461 
74.2 0.375 -0.0411 
74.2 0.38 -0.0396 
74.3 0.357 -0.0317 
74.3 0.375 -0.0334 
74.3 0.373 -0.0292 
74.3 0.371 -0.0317 
74.3 0.361 -0.0339 
74.3 0.348 -0.0374 
74.2 0.346 -0.0424 
74.3 0.34 -0.0412 
74.2 0.351 -0.0475 
74.2 0.326 -0.0496 
74.2 0.322 -0.0496 
74.2 0.321 -0.0524 
74.2 0.337 -0.0557 
74.2 0.361 -0.0597 
74.2 0.385 -0.0598 
74.2 0.409 -0.0518 
74.2 0.423 -0.0419 
74.3 0.425 -0.0344 
74.3 0.452 -0.0259 
74.3 0.456 -0.0256 
74.3 0.478 -0.0182 
74.3 0.473 -0.0212 
74.3 0.472 -0.0244 
74.3 0.479 -0.0205 
74.3 0.482 -0.0221 
74.3 0.464 -0.0194 
74.3 0.472 -0.021 
74.3 0.473 -0.019 
74.3 0.47 -0.0187 
74.3 0.479 -0.0186 
74.3 0.47 -0.0182 
74.3 0.473 -0.0164 
74.3 0.471 -0.0144 
74.3 0.47 -0.0143 
74.3 0.474 -0.0147 
74.3 0.463 -0.014 
74.3 0.489 -0.0155 
74.3 0.491 -0.014 
74.3 0.491 -0.014 
74.3 0.489 -0.0125 
74.3 0.484 -0.0115 
74.3 0.486 -0.011 
74.3 0.485 -0.012 
74.3 0.484 -0.0122 
74.3 0.484 -0.012 
74.3 0.482 -0.014 
74.3 0.485 -0.0142 
74.3 0.497 -0.0178 
74.3 0.496 -0.0206 
74.3 0.495 -0.0201 
74.3 0.477 -0.0214 
74.4 0.478 -0.0202 
74.4 0.463 -0.0213 
74.4 0.455 -0.0233 
74.4 0.435 -0.0227 
74.4 0.439 -0.024 
74.4 0.441 -0.0251 
74.5 0.439 -0.0268 
74.5 0.442 -0.0295 
74.5 0.44 -0.0298 
74.5 0.439 -0.0339 
74.5 0.44 -0.0348 
74.5 0.44 -0.0394 
74.5 0.439 -0.0385 
74.5 0.44 -0.0425 
74.5 0.441 -0.0416 
74.5 0.441 -0.0404 
74.5 0.441 -0.0392 
74.6 0.441 -0.0386 
74.6 0.441 -0.0382 
74.6 0.435 -0.0362 
74.6 0.434 -0.0356 
74.6 0.435 -0.0351 
74.6 0.418 -0.0336 
74.6 0.43 -0.0332 
74.6 0.433 -0.0323 
74.7 0.433 -0.0312 
74.7 0.448 -0.0318 
74.7 0.442 -0.0311 
74.7 0.46 -0.0347 
74.7 0.438 -0.0352 
74.7 0.437 -0.0354 
74.7 0.437 -0.0371 
74.7 0.437 -0.0389 
74.7 0.433 -0.0424 
74.7 0.447 -0.0457 
74.7 0.426 -0.0477 
74.7 0.427 -0.046 
74.7 0.446 -0.0491 
74.7 0.428 -0.0486 
74.7 0.431 -0.0561 
74.7 0.431 -0.0638 
74.7 0.429 -0.0687 
74.7 0.436 -0.0721 
74.7 0.457 -0.0719 
74.7 0.435 -0.0737 
74.7 0.417 -0.0722 
74.7 0.411 -0.0726 
74.7 0.401 -0.0732 
74.7 0.383 -0.0759 
74.7 0.381 -0.0752 
74.8 0.379 -0.0742 
74.8 0.376 -0.072 
74.8 0.377 -0.0712 
74.8 0.36 -0.0664 
74.8 0.349 -0.0591 
74.8 0.337 -0.0594 
74.8 0.337 -0.0591 
74.8 0.338 -0.0584 
74.8 0.337 -0.0582 
74.8 0.335 -0.0582 
74.8 0.334 -0.0579 
74.8 0.332 -0.0577 
74.8 0.334 -0.057 
74.8 0.336 -0.0568 
74.8 0.337 -0.0563 
74.8 0.342 -0.055 
74.8 0.343 -0.0546 
74.8 0.346 -0.0526 
74.8 0.346 -0.0522 
74.8 0.353 -0.0489 
74.8 0.353 -0.0492 
74.8 0.355 -0.0481 
74.8 0.361 -0.0453 
74.8 0.361 -0.0449 
74.8 0.363 -0.0446 
74.8 0.359 -0.0436 
74.8 0.359 -0.0428 
74.8 0.36 -0.0409 
74.8 0.361 -0.0404 
74.8 0.36 -0.0407 
74.8 0.36 -0.0404 
74.8 0.359 -0.0412 
74.8 0.359 -0.042 
74.8 0.359 -0.0421 
74.8 0.355 -0.0426 
74.8 0.356 -0.0428 
74.8 0.357 -0.0435 
74.8 0.359 -0.0431 
74.8 0.358 -0.0434 
74.8 0.358 -0.0456 
74.8 0.352 -0.0448 
74.8 0.35 -0.0443 
74.8 0.35 -0.0437 
74.8 0.349 -0.0445 
74.8 0.348 -0.0459 
74.8 0.342 -0.0464 
74.9 0.334 -0.0475 
74.8 0.328 -0.0483 
74.9 0.311 -0.0487 
74.9 0.306 -0.0481 
74.9 0.298 -0.0477 
74.9 0.293 -0.0474 
74.9 0.274 -0.0465 
74.9 0.249 -0.0441 
74.9 0.233 -0.0408 
74.9 0.216 -0.0379 
74.9 0.2 -0.0342 
74.8 0.191 -0.0308 
74.8 0.185 -0.0261 
74.8 0.177 -0.0212 
74.8 0.17 -0.0183 
74.8 0.17 -0.0176 
74.8 0.166 -0.0156 
74.8 0.166 -0.0142 
74.8 0.166 -0.00938 
74.8 0.168 -0.00823 
74.8 0.168 -0.006 
74.8 0.17 -0.00161 
74.8 0.162 -0.00136 
74.8 0.159 0.00375 
74.8 0.16 0.00411 
74.9 0.155 0.0088 
74.9 0.155 0.00913 
74.9 0.154 0.0169 
74.9 0.156 0.0168 
74.9 0.157 0.0259 
74.9 0.155 0.0338 
74.9 0.156 0.0413 
74.9 0.155 0.0483 
74.9 0.157 0.0555 
74.9 0.161 0.0627 
74.9 0.165 0.0711 
74.9 0.173 0.0808 
74.9 0.17 0.0869 
74.9 0.176 0.0957 
74.9 0.174 0.106 
74.9 0.177 0.118 
74.9 0.179 0.13 
74.9 0.182 0.143 
74.9 0.184 0.154 
74.9 0.184 0.163 
74.9 0.183 0.172 
74.9 0.182 0.183 
74.9 0.185 0.196 
74.9 0.182 0.2 
74.9 0.181 0.205 
74.9 0.187 0.209 
74.9 0.188 0.212 
74.9 0.189 0.217 
74.9 0.19 0.219 
74.9 0.191 0.223 
74.9 0.191 0.225 
74.9 0.192 0.229 
74.9 0.194 0.233 
74.9 0.194 0.239 
75 0.193 0.244 
75 0.193 0.247 
75 0.193 0.253 
75 0.193 0.257 
75 0.194 0.263 
75.1 0.194 0.269 
75.1 0.194 0.271 
75.1 0.194 0.28 
75.1 0.195 0.281 
75.1 0.195 0.29 
75.1 0.195 0.29 
75.1 0.195 0.299 
75.1 0.196 0.297 
75.1 0.195 0.304 
75.1 0.193 0.304 
75.1 0.191 0.313 
75.2 0.189 0.321 
75.2 0.187 0.328 
75.2 0.212 0.325 
75.2 0.207 0.329 
75.2 0.197 0.335 
75.2 0.175 0.339 
75.2 0.173 0.34 
75.2 0.162 0.343 
75.2 0.171 0.343 
75.2 0.169 0.342 
75.2 0.167 0.341 
75.2 0.164 0.341 
75.3 0.163 0.341 
75.3 0.159 0.34 
75.3 0.158 0.339 
75.3 0.154 0.336 
75.3 0.154 0.336 
75.3 0.15 0.333 
75.3 0.151 0.333 
75.3 0.15 0.331 
75.3 0.151 0.331 
75.3 0.15 0.328 
75.3 0.15 0.328 
75.3 0.15 0.324 
75.3 0.152 0.324 
75.3 0.152 0.319 
75.3 0.151 0.319 
75.3 0.15 0.316 
75.3 0.149 0.316 
75.3 0.149 0.313 
75.3 0.147 0.311 
75.3 0.146 0.312 
75.3 0.143 0.312 
75.3 0.139 0.313 
75.4 0.136 0.315 
75.4 0.134 0.315 
75.4 0.132 0.317 
75.4 0.131 0.317 
75.4 0.13 0.317 
75.3 0.131 0.317 
75.3 0.133 0.317 
75.3 0.136 0.316 
75.3 0.138 0.314 
75.3 0.14 0.313 
75.3 0.141 0.312 
75.3 0.142 0.312 
75.3 0.142 0.312 
75.3 0.142 0.311 
75.3 0.139 0.312 
75.3 0.137 0.313 
75.3 0.135 0.314 
75.3 0.133 0.315 
75.3 0.13 0.317 
75.4 0.126 0.319 
75.4 0.124 0.32 
75.4 0.124 0.319 
75.4 0.124 0.321 
75.4 0.125 0.322 
75.4 0.127 0.322 
75.3 0.13 0.32 
75.3 0.133 0.32 
75.3 0.135 0.318 
75.3 0.136 0.317 
75.3 0.135 0.316 
75.3 0.134 0.315 
75.3 0.133 0.314 
75.3 0.132 0.313 
75.3 0.131 0.312 
75.3 0.128 0.31 
75.3 0.128 0.31 
75.4 0.126 0.309 
75.4 0.127 0.308 
75.4 0.125 0.306 
75.4 0.124 0.306 
75.4 0.124 0.304 
75.4 0.124 0.302 
75.4 0.125 0.3 
75.4 0.126 0.297 
75.4 0.126 0.294 
75.4 0.125 0.296 
75.4 0.124 0.296 
75.4 0.124 0.297 
75.4 0.123 0.299 
75.4 0.123 0.3 
75.4 0.122 0.302 
75.4 0.122 0.303 
75.4 0.12 0.306 
75.4 0.119 0.308 
75.4 0.117 0.311 
75.4 0.116 0.313 
75.4 0.114 0.314 
75.4 0.112 0.316 
75.4 0.112 0.316 
75.4 0.111 0.317 
75.4 0.11 0.318 
75.4 0.109 0.318 
75.4 0.106 0.32 
75.4 0.106 0.32 
75.4 0.106 0.32 
75.4 0.104 0.321 
75.4 0.103 0.32 
75.4 0.102 0.32 
75.4 0.101 0.32 
75.4 0.1 0.32 
75.4 0.0977 0.319 
75.4 0.0978 0.319 
75.4 0.0972 0.319 
75.4 0.0965 0.319 
75.4 0.095 0.319 
75.4 0.0945 0.319 
75.4 0.0935 0.32 
75.4 0.0926 0.32 
75.5 0.0918 0.32 
75.5 0.0896 0.32 
75.5 0.089 0.32 
75.5 0.0876 0.32 
75.5 0.0862 0.32 
75.5 0.0839 0.32 
75.5 0.0834 0.32 
75.5 0.0828 0.32 
75.5 0.0815 0.319 
75.5 0.0807 0.32 
75.5 0.0795 0.32 
75.5 0.0798 0.321 
75.5 0.0787 0.321 
75.5 0.079 0.321 
75.5 0.0793 0.322 
75.5 0.0791 0.322 
75.5 0.0794 0.324 
75.5 0.0792 0.323 
75.5 0.0792 0.323 
75.5 0.0786 0.322 
75.5 0.0775 0.322 
75.5 0.0769 0.323 
75.5 0.0761 0.323 
75.5 0.0748 0.322 
75.5 0.0739 0.322 
75.5 0.0742 0.321 
75.5 0.0744 0.321 
75.5 0.0742 0.319 
75.5 0.0723 0.319 
75.5 0.0709 0.319 
75.5 0.0686 0.319 
75.5 0.0667 0.318 
75.5 0.065 0.317 
75.5 0.0634 0.317 
75.5 0.0622 0.316 
75.5 0.0619 0.316 
75.5 0.0595 0.316 
75.5 0.0575 0.316 
75.5 0.0566 0.315 
75.5 0.0555 0.314 
75.5 0.0536 0.313 
75.5 0.0519 0.31 
75.4 0.0495 0.302 
75.3 0.0528 0.282 
75.4 0.0464 0.301 
75.5 0.0486 0.312 
75.5 0.0492 0.311 
75.5 0.0487 0.311 
75.4 0.0477 0.312 
75.4 0.047 0.312 
75.4 0.0451 0.312 
75.4 0.0431 0.312 
75.4 0.0416 0.313 
75.4 0.0411 0.312 
75.4 0.0407 0.313 
75.4 0.0399 0.313 
75.4 0.0395 0.312 
75.4 0.0394 0.313 
75.4 0.033 0.311 
75.3 0.0219 0.3 
75.4 0.0399 0.313 
75.4 0.0394 0.312 
75.4 0.0382 0.312 
75.4 0.0385 0.312 
75.4 0.0384 0.311 
75.4 0.0382 0.311 
75.4 0.0387 0.311 
75.4 0.0387 0.311 
75.4 0.0402 0.309 
75.4 0.039 0.309 
75.4 0.0387 0.309 
75.4 0.0386 0.309 
75.4 0.0379 0.309 
75.4 0.037 0.308 
75.4 0.0374 0.308 
75.4 0.0382 0.307 
75.4 0.0378 0.305 
75.4 0.037 0.306 
75.4 0.0347 0.305 
75.4 0.0341 0.306 
75.4 0.032 0.306 
75.4 0.0307 0.306 
75.4 0.0287 0.306 
75.4 0.0263 0.304 
75.4 0.0245 0.303 
75.4 0.0219 0.302 
75.4 0.0206 0.3 
75.4 0.0185 0.297 
75.4 0.0165 0.296 
75.4 0.0154 0.296 
75.4 0.0146 0.293 
75.4 0.0142 0.29 
75.4 0.0122 0.29 
75.4 0.013 0.287 
75.4 0.0123 0.286 
75.3 0.012 0.284 
75.3 0.0108 0.286 
75.3 0.00909 0.285 
75.3 0.00824 0.286 
75.3 0.00748 0.285 
75.3 0.00649 0.285 
75.3 0.00493 0.284 
75.3 0.00425 0.286 
75.3 0.00329 0.286 
75.3 0.00306 0.286 
75.3 0.0024 0.285 
75.3 0.00164 0.285 
75.3 -7.18e-05 0.283 
75.3 -0.000297 0.283 
75.3 -0.0194 0.278 
75.3 -0.00245 0.281 
75.3 -0.00327 0.279 
75.3 -0.00324 0.28 
75.3 -0.00281 0.278 
75.3 -0.0307 0.266 
75.3 -0.0012 0.275 
75.3 -0.000636 0.273 
75.3 -0.000634 0.274 
75.3 -0.00016 0.273 
75.3 -0.000619 0.273 
75.3 -0.000555 0.272 
75.3 -0.00143 0.272 
75.3 -0.000742 0.271 
75.3 -0.00157 0.27 
75.3 -0.00231 0.27 
75.3 -0.0021 0.27 
75.3 -0.00259 0.27 
75.3 -0.00334 0.27 
75.3 -0.00441 0.27 
75.3 -0.00577 0.269 
75.3 -0.00651 0.268 
75.3 -0.00676 0.268 
75.3 -0.00737 0.268 
75.3 -0.00792 0.269 
75.3 -0.00844 0.269 
75.3 -0.0101 0.27 
75.3 -0.00985 0.27 
75.3 -0.0104 0.268 
75.3 -0.0113 0.27 
75.3 -0.013 0.27 
75.3 -0.0133 0.27 
75.3 -0.0155 0.27 
75.3 -0.0153 0.269 
75.3 -0.0179 0.269 
75.3 -0.0183 0.269 
75.3 -0.0198 0.269 
75.3 -0.0205 0.268 
75.3 -0.0225 0.268 
75.3 -0.0221 0.268 
75.4 -0.0182 0.251 
75.3 -0.024 0.266 
75.3 -0.0239 0.266 
75.4 -0.0242 0.264 
75.4 -0.0247 0.265 
75.4 -0.0249 0.265 
75.4 -0.0257 0.264 
75.4 -0.0257 0.264 
75.4 -0.0258 0.264 
75.4 -0.0264 0.263 
75.4 -0.0267 0.263 
75.4 -0.0277 0.262 
75.4 -0.0282 0.263 
75.4 -0.0298 0.262 
75.4 -0.0297 0.261 
75.4 -0.0303 0.261 
75.4 -0.0306 0.26 
75.4 -0.0309 0.259 
75.4 -0.0312 0.257 
75.4 -0.0313 0.256 
75.4 -0.0313 0.254 
75.4 -0.034 0.253 
75.4 -0.0331 0.252 
75.4 -0.0331 0.252 
75.4 -0.0341 0.251 
75.4 -0.034 0.251 
75.4 -0.034 0.251 
75.4 -0.0355 0.251 
75.4 -0.0356 0.25 
75.4 -0.036 0.25 
75.4 -0.0394 0.249 
75.4 -0.0397 0.248 
75.4 -0.0369 0.249 
75.4 -0.0376 0.248 
75.4 -0.0379 0.248 
75.4 -0.0382 0.248 
75.4 -0.0372 0.249 
75.4 -0.0369 0.248 
75.4 -0.0401 0.248 
75.4 -0.0381 0.249 
75.4 -0.0377 0.25 
75.4 -0.0377 0.25 
75.4 -0.0375 0.25 
75.4 -0.0371 0.25 
75.4 -0.0362 0.25 
75.4 -0.0364 0.25 
75.4 -0.0369 0.25 
75.4 -0.0372 0.25 
75.4 -0.0338 0.251 
75.4 -0.0313 0.252 
75.4 -0.0286 0.253 
75.4 -0.0285 0.252 
75.4 -0.0285 0.252 
75.4 -0.0287 0.252 
75.4 -0.0286 0.252 
75.4 -0.0283 0.252 
75.4 -0.0278 0.252 
75.4 -0.0282 0.252 
75.4 -0.0279 0.251 
75.4 -0.0276 0.251 
75.4 -0.0274 0.251 
75.4 -0.0273 0.251 
75.5 -0.0272 0.25 
75.4 -0.027 0.251 
75.5 -0.027 0.25 
75.5 -0.0268 0.25 
75.5 -0.0268 0.25 
75.5 -0.0268 0.25 
75.5 -0.0269 0.25 
75.5 -0.0263 0.249 
75.5 -0.0257 0.249 
75.5 -0.0257 0.249 
75.5 -0.0256 0.249 
75.5 -0.0252 0.249 
75.5 -0.0252 0.249 
75.5 -0.0255 0.249 
75.5 -0.0256 0.25 
75.5 -0.0258 0.25 
75.5 -0.0258 0.25 
75.5 -0.0261 0.25 
75.5 -0.0261 0.25 
75.6 -0.0263 0.25 
75.6 -0.0262 0.25 
75.6 -0.0263 0.25 
75.6 -0.0262 0.25 
75.7 -0.0108 0.221 
75.6 -0.0272 0.25 
75.6 -0.0263 0.251 
75.6 -0.0259 0.251 
75.6 -0.0255 0.251 
75.6 -0.0251 0.252 
75.6 -0.0244 0.252 
75.6 -0.0237 0.252 
75.6 -0.0236 0.252 
75.6 -0.0234 0.252 
75.6 -0.0233 0.252 
75.6 -0.0233 0.252 
75.6 -0.023 0.252 
75.6 -0.023 0.252 
75.7 -0.0229 0.252 
75.7 -0.0229 0.252 
75.7 -0.023 0.251 
75.7 -0.0229 0.251 
75.7 -0.0229 0.251 
75.7 -0.0228 0.251 
75.7 -0.0227 0.251 
75.7 -0.0225 0.251 
75.7 -0.0224 0.251 
75.7 -0.0225 0.251 
75.7 -0.0224 0.251 
75.7 -0.0223 0.251 
75.7 -0.0223 0.251 
75.7 -0.0223 0.251 
75.7 -0.0222 0.251 
75.7 -0.0224 0.251 
75.7 -0.0223 0.251 
75.7 -0.0223 0.251 
75.7 -0.0223 0.251 
75.7 -0.0222 0.251 
75.7 -0.0221 0.251 
75.7 -0.0218 0.251 
75.7 -0.0219 0.251 
75.7 -0.0216 0.251 
75.7 -0.0216 0.251 
75.7 -0.0213 0.25 
75.7 -0.0211 0.25 
75.7 -0.0192 0.217 
75.7 0.00902 0.203 
75.7 -0.0224 0.248 
75.7 -0.0201 0.25 
75.7 -0.0195 0.249 
75.7 -0.0197 0.249 
75.7 -0.0193 0.249 
75.7 -0.0194 0.249 
75.7 -0.0193 0.249 
75.7 -0.0192 0.249 
75.7 -0.0182 0.248 
75.7 -0.0182 0.248 
75.7 -0.018 0.248 
75.7 -0.0177 0.248 
75.7 -0.0167 0.247 
75.7 -0.0174 0.248 
75.7 -0.0173 0.248 
75.7 -0.0172 0.248 
75.7 -0.0174 0.247 
75.7 -0.0167 0.248 
75.7 -0.0167 0.248 
75.7 -0.0165 0.248 
75.7 -0.0165 0.248 
75.7 -0.0157 0.246 
75.7 -0.0168 0.248 
75.7 -0.0165 0.247 
75.7 -0.017 0.248 
75.7 -0.0172 0.248 
75.7 -0.0172 0.248 
75.7 -0.0172 0.248 
75.7 -0.0172 0.248 
75.7 -0.0173 0.248 
75.7 -0.0173 0.248 
75.8 -0.0176 0.248 
75.8 -0.0176 0.248 
75.8 -0.0181 0.249 
75.8 -0.0183 0.249 
75.8 -0.0185 0.249 
75.8 -0.0181 0.249 
75.8 -0.0178 0.249 
75.8 -0.0187 0.25 
75.8 -0.0185 0.25 
75.8 -0.0183 0.249 
75.8 -0.0184 0.25 
75.8 -0.0182 0.249 
75.8 -0.0184 0.249 
75.9 -0.0184 0.249 
75.8 -0.0181 0.249 
75.9 -0.0181 0.249 
75.9 -0.0179 0.249 
75.9 -0.0174 0.249 
75.9 -0.0173 0.249 
75.9 -0.0178 0.25 
75.9 -0.0178 0.25 
75.9 -0.0167 0.248 
75.9 -0.0168 0.248 
75.9 -0.0179 0.25 
75.9 -0.0179 0.251 
75.9 -0.0181 0.251 
76 -0.0185 0.251 
76 -0.0185 0.251 
76 -0.0185 0.251 
76 -0.0184 0.25 
76 -0.0184 0.25 
76 -0.0186 0.25 
76 -0.0185 0.25 
76 -0.0183 0.251 
76 -0.0182 0.251 
76 -0.0178 0.251 
76 -0.0181 0.251 
76 -0.0185 0.251 
76 -0.0183 0.251 
76 -0.0185 0.251 
76 -0.0186 0.251 
76 -0.0187 0.252 
76 -0.0185 0.252 
76 -0.0186 0.251 
76 -0.0185 0.252 
76 -0.0185 0.252 
76 -0.0186 0.252 
76 -0.018 0.252 
76 -0.0181 0.252 
76 -0.0187 0.253 
76 -0.0185 0.253 
76 -0.0187 0.253 
76 -0.0188 0.253 
76 -0.0188 0.253 
76 -0.0188 0.253 
76 -0.0185 0.253 
76 -0.0185 0.253 
76 -0.0168 0.251 
76.1 -0.0173 0.251 
76.1 -0.0177 0.252 
76.1 -0.0177 0.251 
76.1 -0.0167 0.25 
76.1 -0.0168 0.25 
76.1 -0.0163 0.249 
76.1 -0.0164 0.249 
76.1 -0.0159 0.249 
76.1 -0.0162 0.249 
76.1 -0.0163 0.249 
76.1 -0.0166 0.249 
76.1 -0.0167 0.249 
76.1 -0.0169 0.249 
76.1 -0.0171 0.249 
76.1 -0.0172 0.249 
76.1 -0.0168 0.249 
76.1 -0.0168 0.25 
76.1 -0.0169 0.25 
76.1 -0.0168 0.25 
76.1 -0.017 0.25 
76.1 -0.0169 0.25 
76.1 -0.0164 0.25 
76.1 -0.0162 0.25 
76.1 -0.0163 0.25 
76.1 -0.0164 0.25 
76.1 -0.0164 0.25 
76.1 -0.0163 0.25 
76.1 -0.0156 0.247 
76.1 -0.0202 0.249 
76.1 -0.0162 0.249 
76.1 -0.0153 0.249 
76.1 -0.0153 0.249 
76.1 -0.0155 0.249 
76.1 -0.0155 0.249 
76.1 -0.0154 0.25 
76.1 -0.0154 0.25 
76.1 -0.0152 0.249 
76.2 -0.0155 0.251 
76.2 -0.0155 0.251 
76.2 -0.0155 0.251 
76.2 -0.0155 0.251 
76.2 -0.0159 0.253 
76.2 -0.0164 0.254 
76.2 -0.0163 0.254 
76.2 -0.0161 0.254 
76.2 -0.0157 0.252 
76.2 -0.0159 0.252 
76.2 -0.015 0.253 
76.2 -0.0147 0.253 
76.2 -0.0149 0.254 
76.2 -0.0147 0.254 
76.2 -0.0146 0.254 
76.2 -0.0134 0.254 
76.2 -0.0139 0.254 
76.2 -0.0136 0.254 
76.2 -0.0118 0.252 
76.2 -0.0131 0.252 
76.2 -0.0127 0.252 
76.1 -0.012 0.253 
76.1 -0.0124 0.253 
76.1 -0.0108 0.252 
76.1 -0.0111 0.252 
76.1 -0.0111 0.252 
76.1 -0.00988 0.251 
76.1 -0.01 0.252 
76.1 -0.00985 0.252 
76.2 -0.00886 0.253 
76.2 -0.00906 0.253 
76.2 -0.00798 0.253 
76.2 -0.0081 0.253 
76.2 -0.00726 0.253 
76.2 -0.00767 0.253 
76.2 -0.0116 0.254 
76.2 -0.00727 0.253 
76.2 -0.00705 0.253 
76.2 -0.00726 0.253 
76.2 -0.0067 0.253 
76.2 -0.00704 0.253 
76.2 -0.00703 0.255 
76.2 -0.00768 0.255 
76.2 -0.00771 0.256 
76.2 -0.00648 0.254 
76.2 -0.00637 0.254 
76.2 -0.00616 0.255 
76.2 -0.00541 0.256 
76.3 -0.00584 0.26 
76.3 -0.00347 0.258 
76.3 -0.00212 0.258 
76.3 -0.00163 0.261 
76.3 -0.00108 0.262 
76.3 0.000444 0.261 
76.3 0.000719 0.264 
76.4 0.00288 0.264 
76.4 0.00366 0.266 
76.4 0.00417 0.266 
76.4 0.00431 0.267 
76.4 0.00415 0.267 
76.4 0.00586 0.268 
76.4 0.00799 0.269 
76.4 0.00878 0.27 
76.5 0.00939 0.272 
76.5 0.0091 0.273 
76.5 0.00874 0.274 
76.5 0.00838 0.276 
76.5 0.00817 0.277 
76.5 0.00767 0.278 
76.5 0.00714 0.279 
76.5 0.00675 0.28 
76.5 0.00629 0.281 
76.5 0.00783 0.282 
76.5 0.00763 0.284 
76.5 0.00758 0.285 
76.5 0.0207 0.288 
76.5 0.016 0.287 
76.5 0.00979 0.289 
76.5 0.00901 0.289 
76.5 0.00827 0.291 
76.5 0.00825 0.291 
76.5 0.00731 0.293 
76.5 0.00711 0.293 
76.5 0.00574 0.295 
76.5 0.00637 0.294 
76.5 0.00677 0.293 
76.5 0.00665 0.293 
76.5 0.00666 0.293 
76.5 0.00649 0.293 
76.5 0.0071 0.291 
76.5 0.00801 0.291 
76.5 0.00918 0.291 
76.5 0.0104 0.29 
76.5 0.0115 0.29 
76.5 0.0129 0.29 
76.5 0.0141 0.29 
76.5 0.0157 0.29 
76.5 0.0197 0.295 
76.5 0.017 0.29 
76.5 0.0173 0.291 
76.5 0.0172 0.291 
76.5 0.0176 0.291 
76.5 0.0174 0.291 
76.5 0.0176 0.292 
76.5 0.0178 0.292 
76.6 0.018 0.293 
76.6 0.018 0.293 
76.6 0.018 0.294 
76.6 0.0185 0.293 
76.6 0.0189 0.294 
76.5 0.0192 0.293 
76.6 0.0197 0.293 
76.6 0.02 0.293 
76.5 0.0203 0.293 
76.5 0.0202 0.293 
76.5 0.0215 0.292 
76.5 0.022 0.292 
76.5 0.0234 0.291 
76.5 0.0236 0.291 
76.5 0.0245 0.292 
76.5 0.0242 0.294 
76.5 0.0244 0.294 
76.5 0.0251 0.293 
76.5 0.0253 0.293 
76.5 0.0252 0.295 
76.5 0.0256 0.293 
76.5 0.0281 0.293 
76.5 0.0255 0.293 
76.5 0.0257 0.293 
76.5 0.0259 0.293 
76.5 0.026 0.293 
76.5 0.0258 0.294 
76.5 0.0256 0.293 
76.5 0.0255 0.293 
76.5 0.0257 0.293 
76.5 0.025 0.294 
76.5 0.0248 0.295 
76.5 0.025 0.296 
76.5 0.0249 0.296 
76.5 0.0247 0.297 
76.5 0.0246 0.297 
76.5 0.0238 0.298 
76.5 0.0236 0.298 
76.5 0.0233 0.299 
76.5 0.0229 0.3 
76.5 0.0227 0.302 
76.5 0.0229 0.301 
76.5 0.0227 0.301 
76.5 0.0357 0.306 
76.5 0.023 0.303 
76.5 0.0232 0.304 
76.5 0.0229 0.308 
76.5 0.0244 0.308 
76.5 0.0246 0.31 
76.6 0.0255 0.312 
76.6 0.026 0.313 
76.6 0.0267 0.313 
76.6 0.0283 0.31 
76.6 0.0285 0.311 
76.6 0.0282 0.31 
76.6 0.0276 0.31 
76.6 0.0272 0.311 
76.6 0.0271 0.31 
76.6 0.0275 0.311 
76.6 0.0285 0.311 
76.6 0.0288 0.311 
76.6 0.0278 0.312 
76.6 0.0275 0.313 
76.7 0.0278 0.314 
76.7 0.028 0.314 
76.7 0.0287 0.315 
76.7 0.0298 0.315 
76.7 0.031 0.315 
76.7 0.0309 0.316 
76.7 0.0311 0.316 
76.7 0.0308 0.317 
76.7 0.0299 0.318 
76.7 0.0308 0.317 
76.7 0.0305 0.318 
76.8 0.03 0.319 
76.8 0.0298 0.319 
76.8 0.0294 0.32 
76.8 0.0292 0.32 
76.8 0.028 0.32 
76.8 0.0284 0.319 
76.8 0.028 0.321 
76.8 0.0266 0.321 
76.8 0.0248 0.322 
76.8 0.0231 0.322 
76.8 0.0213 0.323 
76.8 0.0193 0.324 
76.8 0.0177 0.325 
76.9 0.0166 0.326 
76.9 0.0154 0.327 
76.9 0.0148 0.327 
76.8 0.0143 0.327 
76.8 0.0141 0.327 
76.8 0.0134 0.327 
76.8 0.0129 0.327 
76.8 0.0124 0.326 
76.8 0.0122 0.325 
76.8 0.0121 0.324 
77 -0.0503 0.283 
76.8 0.00968 0.326 
76.8 0.0112 0.322 
76.9 -0.0417 0.306 
76.9 0.00969 0.322 
76.9 0.00885 0.319 
76.9 0.00807 0.318 
76.9 0.0112 0.317 
76.9 0.00754 0.318 
76.9 0.00755 0.317 
76.9 0.00753 0.317 
76.9 0.00752 0.316 
76.9 0.0074 0.315 
76.9 0.00662 0.314 
76.9 0.0064 0.314 
76.9 0.00585 0.314 
76.9 0.00616 0.313 
76.9 0.00489 0.313 
76.9 0.00494 0.313 
76.9 0.00436 0.311 
76.9 0.00306 0.311 
76.9 0.00288 0.31 
76.9 0.00185 0.309 
77 0.00109 0.308 
77 -5.43e-05 0.308 
77 0.000201 0.307 
77 -0.000104 0.306 
77 -0.000334 0.306 
77 -0.00078 0.305 
77 -0.000864 0.305 
77 -0.00128 0.303 
77 -0.00141 0.303 
77 -0.00258 0.302 
77 -0.00293 0.302 
77 -0.00335 0.303 
77 -0.00474 0.302 
77 -0.00504 0.303 
77 -0.0055 0.303 
77 -0.007 0.303 
77 -0.00726 0.304 
77 -0.0081 0.304 
77 -0.00884 0.304 
77 -0.0113 0.305 
77 -0.0115 0.305 
77 -0.0121 0.305 
77 -0.0141 0.306 
77 -0.014 0.306 
77 -0.0146 0.306 
77 -0.015 0.306 
76.9 -0.0176 0.308 
76.9 -0.0176 0.308 
76.9 -0.0183 0.308 
76.9 -0.0186 0.308 
76.9 -0.0194 0.308 
76.9 -0.0192 0.308 
76.9 -0.0193 0.308 
76.9 -0.0195 0.308 
76.9 -0.0196 0.308 
76.9 -0.0195 0.308 
76.9 -0.0191 0.309 
76.9 -0.0191 0.309 
76.9 -0.0191 0.309 
76.9 -0.0191 0.309 
76.9 -0.0191 0.309 
76.9 -0.0188 0.309 
76.9 -0.0185 0.308 
76.9 -0.0189 0.308 
76.9 -0.0187 0.308 
76.9 -0.0187 0.308 
76.9 -0.0187 0.308 
76.9 -0.0189 0.308 
76.9 -0.0186 0.307 
76.9 -0.0186 0.307 
76.9 -0.019 0.306 
76.9 -0.0191 0.306 
76.9 -0.0195 0.306 
76.9 -0.0204 0.307 
76.9 -0.0201 0.307 
76.9 -0.0208 0.307 
76.9 -0.0207 0.307 
76.9 -0.021 0.308 
76.9 -0.0219 0.308 
76.9 -0.0228 0.309 
76.9 -0.0228 0.31 
76.9 -0.0232 0.31 
76.9 -0.0237 0.31 
76.9 -0.0241 0.311 
76.9 -0.0247 0.311 
76.9 -0.0257 0.312 
76.9 -0.0269 0.313 
76.9 -0.028 0.313 
76.9 -0.0289 0.313 
76.9 -0.0296 0.313 
76.9 -0.03 0.313 
76.9 -0.033 0.314 
76.9 -0.0342 0.314 
76.9 -0.035 0.314 
76.9 -0.0356 0.314 
76.9 -0.0325 0.313 
76.9 -0.0327 0.313 
76.9 -0.0331 0.313 
76.9 -0.0333 0.312 
76.9 -0.0332 0.312 
76.9 -0.033 0.311 
76.9 -0.033 0.311 
76.9 -0.0324 0.311 
76.9 -0.0316 0.311 
76.9 -0.0309 0.31 
76.9 -0.0313 0.31 
77 -0.0313 0.31 
77 -0.0314 0.31 
77 -0.0314 0.31 
77 -0.0314 0.31 
77 -0.0315 0.31 
77 -0.0312 0.31 
77 -0.0309 0.309 
77 -0.0306 0.309 
77 -0.0302 0.309 
77 -0.0298 0.309 
77 -0.0293 0.309 
77 -0.0289 0.309 
77 -0.0285 0.309 
77 -0.0281 0.309 
77 -0.028 0.309 
77 -0.028 0.309 
77 -0.0278 0.309 
77 -0.0281 0.309 
77 -0.0281 0.309 
77 -0.0282 0.309 
77 -0.0283 0.309 
77 -0.0284 0.308 
77 -0.0284 0.308 
77 -0.0284 0.308 
77 -0.0285 0.308 
77 -0.0287 0.307 
77 -0.0285 0.307 
77 -0.0282 0.307 
77 -0.0282 0.307 
77 -0.028 0.306 
77 -0.028 0.306 
77 -0.0282 0.306 
77 -0.0282 0.306 
77 -0.0282 0.305 
77 -0.0282 0.305 
77 -0.0286 0.305 
77 -0.0287 0.305 
77 -0.0288 0.306 
77 -0.0288 0.306 
77 -0.0292 0.306 
77 -0.0292 0.306 
77 -0.0295 0.306 
77.1 -0.0296 0.307 
77 -0.0302 0.307 
77 -0.0301 0.307 
77 -0.0305 0.307 
77.1 -0.0304 0.307 
77.1 -0.0304 0.306 
77.1 -0.0304 0.306 
77.1 -0.0304 0.306 
77.1 -0.0304 0.306 
77.1 -0.0306 0.306 
77.1 -0.0306 0.306 
77.1 -0.0306 0.306 
77.1 -0.0306 0.305 
77.1 -0.0306 0.306 
77.1 -0.0305 0.305 
77.1 -0.0304 0.305 
77.1 -0.0302 0.305 
77.1 -0.0303 0.305 
77.1 -0.0304 0.305 
77.1 -0.0303 0.305 
77.1 -0.0303 0.304 
77.1 -0.0303 0.304 
77.1 -0.0304 0.305 
77.1 -0.0305 0.305 
77.1 -0.0306 0.305 
77.1 -0.0306 0.305 
77.1 -0.0308 0.305 
77.1 -0.0307 0.305 
77.1 -0.0308 0.305 
77.1 -0.0311 0.305 
77.1 -0.0311 0.305 
77.2 -0.0311 0.305 
77.2 -0.0311 0.305 
77.2 -0.031 0.305 
77.2 -0.0306 0.305 
77.2 -0.0306 0.305 
77.2 -0.0306 0.305 
77.2 -0.0306 0.305 
77.2 -0.0302 0.304 
77.2 -0.0287 0.304 
77.2 -0.0295 0.304 
77.2 -0.0259 0.307 
77.2 -0.026 0.304 
77.2 -0.0304 0.303 
77.2 -0.0307 0.303 
77.2 -0.0305 0.303 
77.2 -0.0304 0.303 
77.2 -0.0303 0.304 
77.2 -0.0302 0.304 
77.2 -0.0301 0.304 
77.2 -0.0302 0.303 
77.2 -0.0303 0.303 
77.2 -0.0304 0.303 
77.2 -0.0306 0.303 
77.2 -0.0307 0.303 
77.2 -0.0309 0.303 
77.2 -0.0312 0.303 
77.2 -0.0314 0.303 
77.2 -0.0316 0.303 
77.2 -0.0317 0.303 
77.2 -0.032 0.303 
77.2 -0.0322 0.303 
77.2 -0.0324 0.303 
77.3 -0.0329 0.303 
77.3 -0.0327 0.303 
77.3 -0.0329 0.303 
77.3 -0.0331 0.303 
77.3 -0.0332 0.303 
77.3 -0.0334 0.303 
77.3 -0.0336 0.303 
77.3 -0.0339 0.303 
77.3 -0.0339 0.303 
77.3 -0.0339 0.303 
77.3 -0.0341 0.303 
77.3 -0.0341 0.303 
77.3 -0.0342 0.303 
77.3 -0.0342 0.303 
77.3 -0.0343 0.303 
77.3 -0.0341 0.303 
77.3 -0.0342 0.304 
77.3 -0.0344 0.304 
77.3 -0.0345 0.304 
77.3 -0.0347 0.304 
77.3 -0.0348 0.304 
77.3 -0.0353 0.304 
77.3 -0.0353 0.304 
77.3 -0.0353 0.304 
77.3 -0.0352 0.304 
77.3 -0.035 0.304 
77.3 -0.035 0.303 
77.3 -0.035 0.303 
77.3 -0.0349 0.303 
77.3 -0.0347 0.302 
77.3 -0.0347 0.302 
77.3 -0.0346 0.302 
77.3 -0.0342 0.301 
77.3 -0.0342 0.301 
77.3 -0.034 0.302 
77.3 -0.0335 0.301 
77.3 -0.0335 0.301 
77.3 -0.0334 0.301 
77.3 -0.0333 0.301 
77.3 -0.0327 0.3 
77.3 -0.0327 0.3 
77.3 -0.0327 0.301 
77.3 -0.032 0.3 
77.3 -0.0321 0.3 
77.3 -0.0321 0.3 
77.3 -0.0321 0.3 
77.3 -0.0321 0.3 
77.4 -0.0321 0.3 
77.4 -0.0321 0.3 
77.4 -0.0322 0.3 
77.3 -0.0321 0.3 
77.4 -0.032 0.3 
77.4 -0.0321 0.3 
77.4 -0.0321 0.3 
77.4 -0.0322 0.3 
77.4 -0.0322 0.299 
77.4 -0.0322 0.299 
77.4 -0.0323 0.299 
77.4 -0.0322 0.299 
77.4 -0.0323 0.299 
77.4 -0.0324 0.299 
77.4 -0.0326 0.299 
77.4 -0.0326 0.299 
77.4 -0.0326 0.299 
77.4 -0.0328 0.299 
77.4 -0.0328 0.299 
77.4 -0.0329 0.299 
77.4 -0.033 0.299 
77.4 -0.0331 0.299 
77.4 -0.0332 0.299 
77.4 -0.0333 0.299 
77.4 -0.0334 0.299 
77.4 -0.0335 0.299 
77.4 -0.0335 0.299 
77.4 -0.0332 0.3 
77.4 -0.0333 0.299 
77.4 -0.0333 0.299 
77.4 -0.0333 0.299 
77.4 -0.033 0.299 
77.4 -0.0331 0.299 
77.4 -0.0331 0.299 
77.4 -0.0326 0.299 
77.4 -0.0326 0.299 
77.4 -0.0326 0.299 
77.4 -0.0326 0.299 
77.4 -0.0326 0.299 
77.4 -0.0325 0.299 
77.4 -0.0325 0.299 
77.4 -0.0325 0.299 
77.4 -0.0324 0.299 
77.4 -0.0322 0.299 
77.4 -0.0322 0.299 
77.4 -0.0322 0.299 
77.4 -0.0317 0.299 
77.4 -0.0317 0.299 
77.4 -0.0317 0.299 
77.4 -0.0317 0.299 
77.4 -0.0312 0.298 
77.4 -0.0309 0.298 
77.4 -0.031 0.298 
77.4 -0.0306 0.298 
77.4 -0.0306 0.298 
77.4 -0.0307 0.298 
77.4 -0.0308 0.298 
77.4 -0.0307 0.298 
77.4 -0.0308 0.298 
77.4 -0.0309 0.298 
77.4 -0.0309 0.298 
77.4 -0.0309 0.298 
77.4 -0.0309 0.298 
77.4 -0.0309 0.298 
77.4 -0.0309 0.298 
77.4 -0.0308 0.298 
77.4 -0.0308 0.298 
77.4 -0.0307 0.298 
77.4 -0.0307 0.298 
77.4 -0.0303 0.298 
77.4 -0.0303 0.298 
77.4 -0.0302 0.298 
77.4 -0.0302 0.298 
77.4 -0.0302 0.299 
77.4 -0.03 0.299 
77.4 -0.0294 0.298 
77.4 -0.0295 0.298 
77.4 -0.0291 0.299 
77.4 -0.0291 0.298 
77.4 -0.0292 0.299 
77.4 -0.0293 0.299 
77.4 -0.0289 0.298 
77.4 -0.0285 0.298 
77.4 -0.0286 0.298 
77.4 -0.0282 0.298 
77.4 -0.0284 0.298 
77.4 -0.0281 0.298 
77.4 -0.0282 0.298 
77.4 -0.0279 0.298 
77.4 -0.0279 0.298 
77.4 -0.0278 0.298 
77.4 -0.0281 0.297 
77.4 -0.0281 0.297 
77.4 -0.0278 0.298 
77.4 -0.0279 0.297 
77.4 -0.028 0.297 
77.5 -0.0283 0.297 
77.5 -0.0276 0.298 
77.5 -0.0273 0.297 
77.4 -0.0272 0.297 
77.4 -0.0267 0.297 
77.4 -0.0268 0.297 
77.4 -0.0264 0.297 
77.4 -0.0259 0.297 
77.4 -0.0253 0.297 
77.4 -0.0249 0.297 
77.4 -0.0245 0.297 
77.4 -0.0243 0.297 
77.4 -0.0239 0.296 
77.4 -0.0235 0.297 
77.4 -0.0234 0.297 
77.5 -0.023 0.297 
77.4 -0.023 0.297 
77.4 -0.0228 0.297 
77.4 -0.0225 0.297 
77.4 -0.0217 0.297 
77.4 -0.0224 0.296 
77.4 -0.0221 0.297 
77.4 -0.0221 0.297 
77.4 -0.0224 0.297 
77.4 -0.0222 0.297 
77.4 -0.0224 0.297 
77.4 -0.0224 0.298 
77.4 -0.0225 0.297 
77.4 -0.0225 0.298 
77.4 -0.0226 0.298 
77.4 -0.0228 0.298 
77.4 -0.0229 0.298 
77.4 -0.0231 0.298 
77.4 -0.0231 0.298 
77.4 -0.0233 0.298 
77.4 -0.0233 0.298 
77.4 -0.0235 0.298 
77.4 -0.0236 0.298 
77.4 -0.0236 0.298 
77.5 -0.0237 0.298 
77.5 -0.0238 0.298 
77.5 -0.0239 0.298 
77.5 -0.024 0.298 
77.5 -0.0241 0.298 
77.5 -0.0241 0.298 
77.5 -0.0242 0.298 
77.5 -0.0243 0.298 
77.5 -0.0242 0.298 
77.5 -0.0243 0.298 
77.5 -0.0244 0.298 
77.5 -0.0244 0.298 
77.5 -0.0245 0.298 
77.5 -0.0245 0.298 
77.5 -0.0245 0.298 
77.5 -0.0246 0.298 
77.5 -0.0246 0.298 
77.5 -0.0247 0.298 
77.5 -0.0247 0.298 
77.5 -0.0247 0.298 
77.5 -0.0248 0.298 
77.5 -0.0249 0.298 
77.5 -0.0248 0.298 
77.5 -0.0248 0.298 
77.5 -0.025 0.298 
77.5 -0.025 0.298 
77.5 -0.025 0.298 
77.5 -0.0251 0.298 
