-21.1 2.71 0.768 
-21.1 2.7 0.786 
-21.1 2.71 0.792 
-21 2.7 0.82 
-20.9 2.69 0.847 
-20.9 2.7 0.835 
-20.9 2.72 0.833 
-20.9 2.71 0.842 
-20.9 2.69 0.846 
-20.9 2.69 0.841 
-20.9 2.68 0.836 
-20.9 2.69 0.82 
-21 2.69 0.763 
-21 2.69 0.809 
-21 2.71 0.786 
-21.1 2.71 0.765 
-21.1 2.71 0.767 
-21.1 2.72 0.755 
-21.3 2.73 0.681 
-21.3 2.74 0.677 
-21.2 2.73 0.708 
-21.4 2.71 0.674 
-21.4 2.7 0.653 
-21.4 2.69 0.637 
-21.5 2.69 0.624 
-21.5 2.69 0.615 
-21.5 2.69 0.598 
-21.7 2.66 0.566 
-21.7 2.66 0.565 
-21.8 2.66 0.566 
-21.7 2.62 0.591 
-21.7 2.56 0.573 
-21.7 2.55 0.581 
-21.8 2.55 0.575 
-21.8 2.56 0.56 
-21.9 2.53 0.548 
-21.9 2.51 0.538 
-22 2.42 0.522 
-22 2.41 0.534 
-22 2.41 0.546 
-22 2.39 0.546 
-22 2.38 0.541 
-22 2.36 0.538 
-22.1 2.28 0.527 
-22.1 2.29 0.551 
-22.1 2.28 0.552 
-22 2.28 0.558 
-22.1 2.2 0.568 
-22 2.2 0.578 
-22.1 2.22 0.546 
-22.1 2.23 0.553 
-22.2 2.19 0.532 
-22.2 2.2 0.524 
-22.2 2.2 0.515 
-22.2 2.2 0.527 
-22.3 2.19 0.501 
-22.3 2.19 0.508 
-22.4 2.17 0.476 
-22.4 2.16 0.484 
-22.9 2.24 0.339 
-22.8 2.2 0.372 
-22.8 2.18 0.377 
-22.8 2.2 0.372 
-22.7 2.17 0.398 
-22.7 2.17 0.403 
-22.7 2.13 0.417 
-22.7 2.13 0.432 
-22.7 2.13 0.385 
-22.7 2.13 0.386 
-22.9 2.16 0.324 
-22.9 2.16 0.325 
-22.9 2.16 0.308 
-22.9 2.16 0.311 
-23 2.13 0.28 
-23.1 2.1 0.266 
-23 2.1 0.285 
-23 2.08 0.286 
-23 2.07 0.287 
-23 2.07 0.283 
-23.1 2.03 0.276 
-23.2 2 0.256 
-23.2 1.99 0.235 
-23.2 1.98 0.246 
-23.2 2.01 0.261 
-23.2 1.95 0.262 
-23.3 1.87 0.281 
-23.3 1.81 0.284 
-23.5 1.73 0.248 
-23.6 1.7 0.229 
-23.7 1.62 0.206 
-23.9 1.54 0.175 
-24 1.47 0.17 
-24.1 1.4 0.154 
-24.3 1.29 0.146 
-24.3 1.2 0.169 
-24.3 1.1 0.182 
-24.3 0.989 0.195 
-24.4 0.884 0.19 
-24.4 0.783 0.192 
-24.4 0.686 0.191 
-24.4 0.616 0.21 
-24.3 0.551 0.228 
-24.2 0.503 0.265 
-24.1 0.455 0.3 
-23.9 0.432 0.354 
-23.8 0.417 0.401 
-23.6 0.417 0.454 
-23.5 0.41 0.495 
-23.4 0.407 0.531 
-23.4 0.4 0.536 
-23.3 0.391 0.541 
-23.3 0.387 0.549 
-23.3 0.372 0.544 
-23.3 0.351 0.538 
-23.2 0.327 0.543 
-23.2 0.285 0.525 
-23.2 0.265 0.515 
-23.3 0.238 0.498 
-23.3 0.207 0.479 
-23.3 0.175 0.457 
-23.3 0.155 0.437 
-23.4 0.121 0.401 
-23.4 0.109 0.397 
-23.4 0.0945 0.389 
-23.4 0.0847 0.379 
-23.4 0.0678 0.372 
-23.4 0.0574 0.362 
-23.5 0.037 0.325 
-23.5 0.046 0.316 
-23.5 0.0409 0.289 
-23.6 0.047 0.281 
-23.6 0.0467 0.262 
-23.6 0.0497 0.265 
-23.6 0.0482 0.235 
-23.6 0.0486 0.237 
-23.6 0.0501 0.24 
-23.7 0.0507 0.218 
-23.7 0.05 0.212 
-23.7 0.0465 0.193 
-23.7 0.0351 0.208 
-23.7 0.0244 0.204 
-23.6 0.00485 0.197 
-23.6 -0.0151 0.192 
-23.6 -0.031 0.185 
-23.6 -0.0392 0.178 
-23.7 -0.0462 0.169 
-23.7 -0.0494 0.172 
-23.7 -0.0546 0.172 
-23.7 -0.0548 0.177 
-23.7 -0.0617 0.182 
-23.7 -0.0582 0.187 
-23.7 -0.0572 0.187 
-23.7 -0.0584 0.191 
-23.7 -0.0615 0.189 
-23.7 -0.0627 0.192 
-23.7 -0.0668 0.188 
-23.7 -0.0672 0.187 
-23.7 -0.0721 0.185 
-23.7 -0.0743 0.184 
-23.7 -0.0767 0.183 
-23.7 -0.0842 0.189 
-23.7 -0.0835 0.194 
-23.7 -0.0821 0.193 
-23.7 -0.0916 0.19 
-23.7 -0.0913 0.188 
-23.7 -0.109 0.188 
-23.7 -0.11 0.184 
-23.7 -0.13 0.178 
-23.7 -0.13 0.173 
-23.7 -0.149 0.164 
-23.7 -0.16 0.154 
-23.8 -0.169 0.146 
-23.8 -0.181 0.138 
-23.8 -0.189 0.128 
-23.8 -0.196 0.118 
-23.8 -0.198 0.108 
-23.8 -0.2 0.1 
-23.9 -0.198 0.0969 
-23.8 -0.196 0.098 
-23.8 -0.193 0.101 
-23.8 -0.193 0.102 
-23.8 -0.192 0.107 
-23.8 -0.188 0.114 
-23.8 -0.182 0.12 
-23.8 -0.175 0.127 
-23.8 -0.164 0.139 
-23.8 -0.152 0.15 
-23.8 -0.14 0.162 
-23.8 -0.131 0.171 
-23.8 -0.126 0.175 
-23.8 -0.115 0.183 
-23.8 -0.114 0.186 
-23.8 -0.114 0.185 
-23.8 -0.11 0.183 
-23.8 -0.114 0.178 
-23.9 -0.113 0.173 
-23.9 -0.118 0.168 
-23.9 -0.118 0.162 
-23.9 -0.116 0.158 
-23.9 -0.113 0.149 
-23.9 -0.114 0.15 
-23.9 -0.105 0.145 
-24 -0.0995 0.133 
-24 -0.0953 0.126 
-24 -0.0925 0.114 
-24 -0.0897 0.11 
-24 -0.0896 0.109 
-24 -0.0904 0.112 
-24 -0.091 0.115 
-24 -0.0881 0.115 
-24 -0.0859 0.115 
-24 -0.0819 0.114 
-24 -0.0793 0.115 
-24 -0.0802 0.114 
-24 -0.0792 0.113 
-24 -0.0813 0.113 
-24 -0.0835 0.111 
-24 -0.0876 0.11 
-24 -0.0894 0.111 
-24 -0.093 0.108 
-24 -0.0984 0.108 
-24 -0.101 0.111 
-24 -0.0978 0.112 
-24 -0.0969 0.115 
-24 -0.0959 0.114 
-24 -0.0897 0.113 
-24 -0.0834 0.11 
-24 -0.0782 0.108 
-24 -0.0726 0.106 
-24 -0.0721 0.107 
-24 -0.074 0.109 
-24 -0.0773 0.111 
-24 -0.0824 0.113 
-24 -0.0875 0.114 
-24 -0.0908 0.115 
-24 -0.0948 0.116 
-24 -0.0968 0.118 
-23.9 -0.102 0.121 
-23.9 -0.105 0.125 
-23.9 -0.108 0.131 
-23.9 -0.11 0.135 
-23.9 -0.114 0.139 
-23.9 -0.117 0.143 
-23.9 -0.121 0.149 
-23.9 -0.123 0.154 
-23.9 -0.123 0.158 
-23.9 -0.121 0.16 
-23.9 -0.123 0.161 
-23.9 -0.124 0.162 
-23.9 -0.124 0.165 
-23.9 -0.123 0.165 
-23.9 -0.125 0.167 
-23.9 -0.125 0.167 
-24 -0.124 0.168 
-24 -0.124 0.168 
-24 -0.123 0.168 
-24 -0.122 0.168 
-24 -0.119 0.17 
-24 -0.118 0.171 
-24 -0.119 0.172 
-24 -0.119 0.174 
-24 -0.121 0.174 
-24 -0.123 0.176 
-24 -0.122 0.177 
-24 -0.124 0.179 
-24 -0.124 0.18 
-24 -0.123 0.181 
-24 -0.118 0.182 
-24 -0.115 0.183 
-24 -0.112 0.185 
-24 -0.11 0.187 
-24 -0.108 0.188 
-24 -0.105 0.189 
-24 -0.103 0.189 
-24 -0.101 0.189 
-24 -0.101 0.189 
-24 -0.0995 0.188 
-24 -0.0995 0.187 
-24 -0.0985 0.186 
-24 -0.102 0.182 
-24 -0.106 0.179 
-24 -0.111 0.179 
-24 -0.11 0.176 
-24 -0.112 0.176 
-24 -0.114 0.175 
-24 -0.117 0.175 
-23.9 -0.12 0.176 
-23.9 -0.118 0.177 
-24 -0.117 0.177 
-24 -0.118 0.179 
-23.9 -0.119 0.177 
-24 -0.119 0.178 
-24 -0.118 0.179 
-24 -0.115 0.18 
-24 -0.116 0.18 
-24 -0.115 0.179 
-24 -0.114 0.18 
-24 -0.115 0.18 
-24 -0.115 0.182 
-24 -0.113 0.183 
-24 -0.114 0.183 
-24 -0.113 0.184 
-24 -0.113 0.185 
-24 -0.112 0.186 
-24 -0.112 0.19 
-24 -0.109 0.191 
-24 -0.109 0.193 
-24 -0.109 0.194 
-24 -0.11 0.194 
-24 -0.109 0.195 
-24 -0.109 0.196 
-24 -0.109 0.199 
-24 -0.11 0.2 
-24 -0.111 0.203 
-24 -0.113 0.205 
-24 -0.117 0.208 
-24 -0.117 0.209 
-24 -0.119 0.211 
-24 -0.119 0.212 
-24 -0.121 0.216 
-24 -0.123 0.219 
-24 -0.126 0.219 
-24 -0.126 0.22 
-24 -0.127 0.22 
-24 -0.128 0.221 
-24 -0.127 0.221 
-24 -0.126 0.223 
-24 -0.126 0.222 
-23.9 -0.126 0.222 
-23.9 -0.126 0.222 
-23.9 -0.126 0.222 
-23.9 -0.126 0.222 
-23.9 -0.127 0.221 
-23.9 -0.127 0.221 
-23.9 -0.127 0.22 
-23.9 -0.126 0.218 
-23.9 -0.126 0.217 
-23.9 -0.126 0.217 
-23.9 -0.127 0.217 
-23.9 -0.128 0.218 
-23.9 -0.127 0.217 
-23.9 -0.127 0.217 
-23.9 -0.127 0.217 
-23.9 -0.128 0.217 
-23.9 -0.129 0.218 
-23.9 -0.132 0.218 
-23.9 -0.13 0.219 
-23.9 -0.132 0.219 
-23.9 -0.132 0.219 
-23.9 -0.132 0.218 
-23.9 -0.132 0.218 
-23.9 -0.132 0.216 
-23.9 -0.132 0.216 
-23.9 -0.133 0.214 
-23.9 -0.133 0.214 
-23.9 -0.133 0.212 
-23.9 -0.134 0.21 
-23.9 -0.135 0.208 
-23.9 -0.136 0.207 
-23.9 -0.136 0.206 
-23.9 -0.136 0.206 
-23.9 -0.137 0.206 
-23.9 -0.137 0.206 
-23.9 -0.137 0.207 
-23.9 -0.135 0.207 
-23.9 -0.134 0.209 
-23.9 -0.133 0.209 
-23.9 -0.132 0.21 
-23.9 -0.13 0.211 
-23.9 -0.13 0.211 
-23.9 -0.13 0.211 
-23.9 -0.13 0.212 
-23.9 -0.13 0.212 
-23.9 -0.13 0.212 
-23.9 -0.13 0.212 
-23.9 -0.13 0.213 
-23.9 -0.13 0.213 
-23.9 -0.131 0.214 
-23.9 -0.13 0.215 
-23.9 -0.13 0.216 
-23.9 -0.131 0.218 
-23.9 -0.132 0.218 
-23.9 -0.134 0.218 
-23.9 -0.136 0.217 
-23.8 -0.14 0.216 
-23.8 -0.14 0.216 
-23.8 -0.142 0.215 
-23.8 -0.144 0.215 
-23.8 -0.146 0.214 
-23.8 -0.148 0.213 
-23.8 -0.149 0.212 
-23.8 -0.149 0.21 
-23.8 -0.148 0.208 
-23.8 -0.148 0.206 
-23.8 -0.146 0.205 
-23.8 -0.144 0.203 
-23.7 -0.143 0.203 
-23.7 -0.142 0.203 
-23.7 -0.141 0.202 
-23.7 -0.14 0.201 
-23.7 -0.138 0.199 
-23.7 -0.137 0.199 
-23.7 -0.135 0.198 
-23.7 -0.134 0.198 
-23.7 -0.132 0.198 
-23.7 -0.131 0.197 
-23.7 -0.132 0.197 
-23.7 -0.13 0.196 
-23.7 -0.13 0.195 
-23.7 -0.128 0.193 
-23.7 -0.127 0.193 
-23.7 -0.126 0.192 
-23.7 -0.126 0.191 
-23.7 -0.124 0.19 
-23.7 -0.123 0.189 
-23.7 -0.122 0.189 
-23.7 -0.122 0.19 
-23.7 -0.122 0.192 
-23.7 -0.122 0.193 
-23.6 -0.123 0.194 
-23.6 -0.123 0.195 
-23.6 -0.124 0.196 
-23.6 -0.123 0.196 
-23.7 -0.123 0.195 
-23.7 -0.123 0.194 
-23.7 -0.122 0.193 
-23.7 -0.122 0.192 
-23.7 -0.122 0.191 
-23.7 -0.122 0.19 
-23.7 -0.122 0.189 
-23.7 -0.121 0.189 
-23.7 -0.119 0.19 
-23.7 -0.118 0.19 
-23.7 -0.118 0.191 
-23.7 -0.118 0.192 
-23.7 -0.118 0.194 
-23.7 -0.119 0.195 
-23.7 -0.12 0.195 
-23.6 -0.121 0.196 
-23.6 -0.122 0.196 
-23.6 -0.123 0.197 
-23.6 -0.124 0.198 
-23.6 -0.125 0.199 
-23.6 -0.125 0.2 
-23.6 -0.127 0.201 
-23.6 -0.127 0.201 
-23.6 -0.128 0.202 
-23.6 -0.129 0.201 
-23.6 -0.13 0.201 
-23.6 -0.132 0.202 
-23.5 -0.132 0.202 
-23.5 -0.133 0.204 
-23.5 -0.133 0.204 
-23.5 -0.133 0.204 
-23.5 -0.133 0.205 
-23.5 -0.133 0.205 
-23.5 -0.133 0.204 
-23.5 -0.133 0.204 
-23.5 -0.133 0.204 
-23.5 -0.133 0.203 
-23.5 -0.133 0.203 
-23.5 -0.133 0.202 
-23.5 -0.133 0.202 
-23.5 -0.132 0.202 
-23.5 -0.132 0.202 
-23.5 -0.132 0.202 
-23.5 -0.132 0.201 
-23.5 -0.132 0.201 
-23.5 -0.132 0.201 
-23.5 -0.133 0.2 
-23.5 -0.133 0.2 
-23.5 -0.133 0.2 
-23.5 -0.135 0.199 
-23.5 -0.134 0.199 
-23.5 -0.133 0.198 
-23.5 -0.133 0.198 
-23.5 -0.134 0.198 
-23.5 -0.134 0.198 
-23.5 -0.134 0.197 
-23.5 -0.134 0.197 
-23.5 -0.134 0.197 
-23.5 -0.132 0.197 
-23.5 -0.132 0.197 
-23.5 -0.13 0.197 
-23.5 -0.129 0.198 
-23.5 -0.128 0.198 
-23.5 -0.128 0.198 
-23.5 -0.127 0.199 
-23.4 -0.125 0.2 
-23.4 -0.123 0.2 
-23.4 -0.119 0.201 
-23.4 -0.117 0.202 
-23.4 -0.115 0.203 
-23.4 -0.112 0.205 
-23.4 -0.109 0.206 
-23.4 -0.109 0.206 
-23.4 -0.106 0.207 
-23.4 -0.106 0.207 
-23.4 -0.103 0.204 
-23.4 -0.0999 0.206 
-23.4 -0.0981 0.206 
-23.4 -0.095 0.207 
-23.4 -0.0941 0.207 
-23.4 -0.0939 0.207 
-23.3 -0.0932 0.206 
-23.3 -0.0925 0.208 
-23.3 -0.0915 0.208 
-23.3 -0.0896 0.21 
-23.3 -0.0875 0.211 
-23.2 -0.0854 0.212 
-23.2 -0.0835 0.213 
-23.2 -0.0817 0.215 
-23.2 -0.0801 0.214 
-23.2 -0.0785 0.215 
-23.1 -0.077 0.215 
-23.1 -0.0762 0.216 
-23.1 -0.0751 0.217 
-23.1 -0.0749 0.217 
-23.1 -0.0729 0.217 
-23.1 -0.0712 0.217 
-23.1 -0.0699 0.217 
-23 -0.069 0.217 
-23 -0.0682 0.218 
-23 -0.067 0.219 
-23 -0.0657 0.221 
-23 -0.0642 0.222 
-23 -0.0597 0.222 
-23 -0.0588 0.223 
-23 -0.0623 0.224 
-23 -0.0622 0.225 
-23 -0.0616 0.226 
-23 -0.0611 0.227 
-23 -0.0603 0.228 
-23 -0.0594 0.229 
-23 -0.0579 0.229 
-23 -0.0569 0.229 
-23 -0.0567 0.23 
-23 -0.0561 0.232 
-23 -0.0204 0.159 
-23 -0.0283 0.161 
-23 -0.0548 0.236 
-23 -0.0535 0.237 
-23 -0.0524 0.238 
-23 -0.0529 0.239 
-23 -0.0528 0.24 
-23 -0.0533 0.24 
-23 -0.054 0.241 
-23 -0.0547 0.242 
-23 -0.0556 0.242 
-23 -0.0557 0.243 
-23 -0.0561 0.243 
-23 -0.0566 0.244 
-23 -0.0568 0.244 
-23 -0.0579 0.244 
-23 -0.0582 0.244 
-23 -0.0587 0.244 
-22.9 -0.0597 0.245 
-22.9 -0.0598 0.246 
-22.9 -0.0604 0.246 
-22.9 -0.0613 0.247 
-22.9 -0.0617 0.247 
-22.9 -0.0617 0.247 
-22.9 -0.0621 0.249 
-22.9 -0.0621 0.249 
-22.9 -0.0618 0.25 
-22.9 -0.0617 0.251 
-22.9 -0.0614 0.252 
-22.9 -0.0604 0.254 
-22.9 -0.06 0.255 
-22.9 -0.0587 0.257 
-22.9 -0.0592 0.258 
-22.9 -0.0595 0.259 
-22.9 -0.0586 0.26 
-22.9 -0.058 0.261 
-22.9 -0.0579 0.262 
-22.9 -0.0579 0.263 
-22.9 -0.0581 0.264 
-22.9 -0.059 0.264 
-22.9 -0.0597 0.264 
-22.9 -0.0602 0.265 
-22.9 -0.0607 0.265 
-22.9 -0.0606 0.264 
-22.9 -0.0603 0.264 
-22.9 -0.0602 0.264 
-22.9 -0.0599 0.264 
-22.9 -0.0595 0.263 
-22.9 -0.0591 0.263 
-22.9 -0.0581 0.262 
-22.9 -0.0577 0.262 
-22.9 -0.0565 0.261 
-22.9 -0.0561 0.261 
-22.9 -0.0552 0.259 
-22.9 -0.0556 0.259 
-22.9 -0.0557 0.257 
-22.9 -0.0559 0.255 
-22.9 -0.0568 0.254 
-22.9 -0.0573 0.253 
-22.9 -0.0575 0.253 
-22.9 -0.0575 0.253 
-22.9 -0.058 0.253 
-22.9 -0.0575 0.253 
-22.9 -0.0568 0.253 
-22.9 -0.0571 0.254 
-22.9 -0.0573 0.254 
-22.9 -0.0578 0.254 
-22.9 -0.058 0.254 
-22.8 -0.0569 0.255 
-22.8 -0.0567 0.256 
-22.8 -0.0567 0.256 
-22.8 -0.0558 0.257 
-22.8 -0.0558 0.258 
-22.8 -0.0561 0.258 
-22.8 -0.0573 0.258 
-22.8 -0.0565 0.258 
-22.8 -0.0548 0.259 
-22.8 -0.0534 0.26 
-22.8 -0.0525 0.26 
-22.8 -0.0524 0.26 
-22.8 -0.0527 0.26 
-22.7 -0.052 0.26 
-22.7 -0.0523 0.26 
-22.7 -0.0526 0.259 
-22.7 -0.0524 0.26 
-22.7 -0.0527 0.259 
-22.7 -0.053 0.259 
-22.7 -0.0532 0.259 
-22.7 -0.0536 0.258 
-22.7 -0.0537 0.258 
-22.7 -0.0533 0.259 
-22.7 -0.0534 0.259 
-22.7 -0.0532 0.258 
-22.7 -0.053 0.259 
-22.7 -0.0533 0.259 
-22.7 -0.0526 0.259 
-22.7 -0.0528 0.259 
-22.7 -0.0524 0.259 
-22.7 -0.0523 0.259 
-22.7 -0.0525 0.26 
-22.7 -0.0524 0.26 
-22.7 -0.0528 0.26 
-22.7 -0.0537 0.26 
-22.6 -0.0542 0.26 
-22.6 -0.0554 0.26 
-22.6 -0.0558 0.26 
-22.6 -0.0555 0.26 
-22.6 -0.0555 0.26 
-22.6 -0.0554 0.26 
-22.6 -0.0554 0.261 
-22.6 -0.0554 0.261 
-22.6 -0.0557 0.261 
-22.5 -0.0567 0.26 
-22.5 -0.0572 0.259 
-22.5 -0.059 0.258 
-22.5 -0.0593 0.258 
-22.5 -0.0576 0.256 
-22.5 -0.0596 0.257 
-22.4 -0.0587 0.256 
-22.4 -0.054 0.254 
-22.4 -0.0522 0.254 
-22.4 -0.0505 0.254 
-22.4 -0.0519 0.255 
-22.4 -0.05 0.254 
-22.4 -0.0486 0.253 
-22.4 -0.0475 0.252 
-22.4 -0.0473 0.252 
-22.4 -0.0463 0.251 
-22.3 -0.0463 0.251 
-22.3 -0.0465 0.251 
-22.3 -0.0473 0.25 
-22.3 -0.0468 0.25 
-22.3 -0.047 0.249 
-22.3 -0.0472 0.248 
-22.3 -0.0549 0.249 
-22.3 -0.0543 0.247 
-22.3 -0.0477 0.245 
-22.3 -0.0485 0.245 
-22.3 -0.0472 0.244 
-22.3 -0.047 0.244 
-22.3 -0.047 0.243 
-22.3 -0.0472 0.243 
-22.3 -0.0477 0.243 
-22.3 -0.0484 0.243 
-22.3 -0.0495 0.243 
-22.3 -0.05 0.243 
-22.3 -0.0511 0.243 
-22.3 -0.0524 0.244 
-22.3 -0.0524 0.244 
-22.3 -0.052 0.243 
-22.3 -0.0523 0.243 
-22.3 -0.0527 0.243 
-22.3 -0.0527 0.242 
-22.3 -0.0531 0.242 
-22.3 -0.053 0.241 
-22.3 -0.0532 0.241 
-22.3 -0.0535 0.241 
-22.3 -0.0534 0.242 
-22.3 -0.0534 0.242 
-22.3 -0.0535 0.242 
-22.3 -0.0532 0.242 
-22.3 -0.0534 0.242 
-22.3 -0.0533 0.242 
-22.3 -0.0533 0.243 
-22.3 -0.0536 0.243 
-22.3 -0.0538 0.242 
-22.3 -0.054 0.242 
-22.3 -0.0541 0.242 
-22.3 -0.0542 0.242 
-22.3 -0.0543 0.242 
-22.3 -0.0541 0.242 
-22.3 -0.0541 0.242 
-22.3 -0.0542 0.242 
-22.3 -0.0543 0.242 
-22.3 -0.0544 0.242 
-22.3 -0.0545 0.242 
-22.3 -0.0545 0.242 
-22.3 -0.0545 0.242 
-22.3 -0.0544 0.242 
-22.3 -0.054 0.242 
-22.3 -0.0537 0.242 
-22.3 -0.0532 0.241 
-22.3 -0.053 0.241 
-22.3 -0.0534 0.241 
-22.3 -0.0528 0.24 
-22.3 -0.0528 0.24 
-22.3 -0.0529 0.239 
-22.3 -0.0533 0.239 
-22.3 -0.0537 0.238 
-22.3 -0.0539 0.238 
-22.3 -0.054 0.237 
-22.3 -0.0539 0.237 
-22.3 -0.0536 0.236 
-22.3 -0.0538 0.236 
-22.3 -0.0538 0.235 
-22.3 -0.0536 0.235 
-22.3 -0.0533 0.234 
-22.3 -0.0536 0.234 
-22.3 -0.0534 0.233 
-22.3 -0.0536 0.233 
-22.3 -0.0535 0.232 
-22.3 -0.0535 0.232 
-22.4 -0.053 0.232 
-22.4 -0.0529 0.232 
-22.4 -0.0525 0.231 
-22.4 -0.0524 0.231 
-22.4 -0.0518 0.23 
-22.4 -0.0518 0.23 
-22.4 -0.0508 0.229 
-22.4 -0.0498 0.229 
-22.4 -0.0489 0.228 
-22.4 -0.0479 0.227 
-22.4 -0.0474 0.225 
-22.4 -0.047 0.224 
-22.4 -0.0465 0.222 
-22.4 -0.0456 0.22 
-22.4 -0.0444 0.219 
-22.4 -0.0443 0.219 
-22.4 -0.0432 0.218 
-22.4 -0.0431 0.218 
-22.4 -0.0431 0.218 
-22.4 -0.0421 0.217 
-22.4 -0.0419 0.217 
-22.4 -0.0405 0.216 
-22.4 -0.0404 0.215 
-22.4 -0.0389 0.213 
-22.4 -0.0389 0.213 
-22.4 -0.0376 0.211 
-22.4 -0.0374 0.211 
-22.4 -0.0371 0.211 
-22.4 -0.0359 0.21 
-22.4 -0.0362 0.21 
-22.4 -0.0351 0.209 
-22.4 -0.0356 0.209 
-22.4 -0.0352 0.209 
-22.4 -0.0356 0.209 
-22.4 -0.0353 0.208 
-22.4 -0.0355 0.208 
-22.4 -0.0353 0.209 
-22.4 -0.0354 0.209 
-22.4 -0.0354 0.209 
-22.4 -0.0353 0.209 
-22.4 -0.0351 0.21 
-22.4 -0.035 0.21 
-22.4 -0.0345 0.21 
-22.4 -0.0344 0.21 
-22.4 -0.034 0.21 
-22.4 -0.0343 0.209 
-22.4 -0.0348 0.209 
-22.4 -0.0348 0.208 
-22.4 -0.034 0.207 
-22.4 -0.0341 0.207 
-22.4 -0.0344 0.207 
-22.4 -0.0337 0.206 
-22.4 -0.0336 0.206 
-22.4 -0.0337 0.206 
-22.4 -0.0337 0.206 
-22.4 -0.0336 0.206 
-22.4 -0.0335 0.205 
-22.4 -0.0335 0.205 
-22.4 -0.0326 0.204 
-22.4 -0.0326 0.204 
-22.4 -0.0325 0.204 
-22.4 -0.0315 0.203 
-22.4 -0.0313 0.203 
-22.4 -0.0306 0.203 
-22.4 -0.0305 0.203 
-22.3 -0.0305 0.203 
-22.4 -0.0302 0.202 
-22.3 -0.0298 0.202 
-22.3 -0.0297 0.202 
-22.3 -0.0288 0.201 
-22.3 -0.0289 0.201 
-22.3 -0.0286 0.2 
-22.3 -0.0284 0.2 
-22.3 -0.0289 0.2 
-22.3 -0.0282 0.2 
-22.3 -0.028 0.2 
-22.3 -0.0278 0.2 
-22.3 -0.0271 0.201 
-22.3 -0.0272 0.2 
-22.3 -0.0271 0.201 
-22.3 -0.0273 0.2 
-22.3 -0.0277 0.2 
-22.3 -0.0279 0.2 
-22.3 -0.0285 0.201 
-22.3 -0.0286 0.201 
-22.3 -0.0289 0.2 
-22.3 -0.0291 0.2 
-22.3 -0.0296 0.201 
-22.3 -0.03 0.2 
-22.3 -0.0304 0.201 
-22.3 -0.03 0.201 
-22.3 -0.0302 0.201 
-22.3 -0.0301 0.202 
-22.3 -0.0301 0.202 
-22.3 -0.0305 0.202 
-22.3 -0.0306 0.202 
-22.3 -0.0308 0.201 
-22.3 -0.0308 0.201 
-22.3 -0.0304 0.201 
-22.3 -0.0299 0.201 
-22.3 -0.0299 0.202 
-22.3 -0.0291 0.201 
-22.3 -0.0292 0.201 
-22.3 -0.0288 0.201 
-22.3 -0.0288 0.201 
-22.3 -0.0288 0.201 
-22.3 -0.0278 0.201 
-22.3 -0.0277 0.201 
-22.3 -0.028 0.201 
-22.3 -0.0278 0.201 
-22.3 -0.0277 0.2 
-22.3 -0.0269 0.2 
-22.3 -0.0274 0.2 
-22.3 -0.0268 0.199 
-22.3 -0.027 0.199 
-22.3 -0.0271 0.199 
-22.3 -0.0266 0.198 
-22.3 -0.0271 0.198 
-22.3 -0.0272 0.198 
-22.3 -0.0273 0.198 
-22.3 -0.0269 0.197 
-22.3 -0.0271 0.197 
-22.3 -0.0272 0.197 
-22.3 -0.027 0.197 
-22.3 -0.0272 0.197 
-22.3 -0.0272 0.197 
-22.3 -0.0272 0.196 
-22.3 -0.0267 0.196 
-22.3 -0.0267 0.196 
-22.3 -0.027 0.196 
-22.3 -0.027 0.195 
-22.3 -0.0273 0.195 
-22.3 -0.0276 0.195 
-22.3 -0.0279 0.195 
-22.3 -0.0281 0.194 
-22.3 -0.0282 0.194 
-22.3 -0.0287 0.194 
-22.3 -0.0288 0.194 
-22.3 -0.0288 0.193 
-22.3 -0.0289 0.194 
-22.3 -0.0292 0.194 
-22.3 -0.0292 0.194 
-22.3 -0.0296 0.193 
-22.3 -0.0293 0.193 
-22.3 -0.0294 0.194 
-22.2 -0.0294 0.193 
-22.2 -0.0299 0.193 
-22.2 -0.0302 0.193 
-22.2 -0.0299 0.193 
-22.2 -0.0299 0.194 
-22.2 -0.0303 0.194 
-22.2 -0.0304 0.193 
-22.2 -0.0306 0.193 
-22.2 -0.0306 0.193 
-22.2 -0.0306 0.193 
-22.2 -0.0301 0.194 
-22.2 -0.0304 0.194 
-22.2 -0.0299 0.194 
-22.2 -0.0303 0.193 
-22.2 -0.0297 0.193 
-22.2 -0.03 0.194 
-22.2 -0.0298 0.194 
-22.2 -0.03 0.194 
-22.2 -0.0303 0.194 
-22.2 -0.0304 0.194 
-22.2 -0.0303 0.194 
-22.2 -0.0301 0.194 
-22.2 -0.0299 0.194 
-22.2 -0.0299 0.194 
-22.2 -0.0296 0.194 
-22.2 -0.0298 0.194 
-22.2 -0.03 0.193 
-22.2 -0.0298 0.193 
-22.2 -0.0299 0.193 
-22.2 -0.0302 0.192 
-22.2 -0.031 0.192 
-22.2 -0.0315 0.191 
-22.2 -0.0319 0.19 
-22.2 -0.0325 0.19 
-22.2 -0.0327 0.189 
-22.2 -0.0336 0.188 
-22.2 -0.034 0.188 
-22.2 -0.0349 0.187 
-22.2 -0.0354 0.187 
-22.2 -0.0347 0.188 
-22.3 -0.0388 0.188 
-22.2 -0.0341 0.187 
-22.2 -0.0336 0.186 
-22.2 -0.0334 0.186 
-22.2 -0.0333 0.186 
-22.3 -0.0337 0.186 
-22.3 -0.0334 0.185 
-22.3 -0.0328 0.185 
-22.3 -0.0319 0.185 
-22.3 -0.031 0.185 
-22.3 -0.0302 0.184 
-22.3 -0.0291 0.184 
-22.3 -0.0277 0.184 
-22.3 -0.0263 0.184 
-22.3 -0.0253 0.184 
-22.3 -0.024 0.184 
-22.3 -0.0224 0.183 
-22.3 -0.0203 0.183 
-22.2 -0.0194 0.182 
-22.2 -0.0172 0.182 
-22.2 -0.0158 0.182 
-22.2 -0.0147 0.183 
-22.2 -0.0137 0.183 
-22.2 -0.0137 0.184 
-22.2 -0.0142 0.184 
-22.2 -0.014 0.185 
-22.2 -0.0142 0.185 
-22.2 -0.0144 0.186 
-22.2 -0.0152 0.187 
-22.2 -0.0153 0.189 
-22.2 -0.0156 0.191 
-22.2 -0.0164 0.192 
-22.2 -0.0165 0.194 
-22.2 -0.0161 0.194 
-22.2 -0.0166 0.194 
-22.1 -0.0155 0.193 
-22.1 -0.0138 0.193 
-22.1 -0.0113 0.192 
-22.1 -0.00903 0.191 
-22.1 -0.00697 0.19 
-22.1 -0.00461 0.189 
-22.1 -0.00188 0.186 
-22.1 0.000213 0.185 
-22.1 0.00284 0.184 
-22.1 0.00513 0.183 
-22.1 0.00708 0.182 
-22 0.00892 0.182 
-22 0.0101 0.183 
-22 0.0103 0.183 
-21.9 0.0103 0.185 
-21.9 0.00996 0.186 
-21.9 0.00934 0.188 
-21.8 0.00806 0.191 
-21.8 0.00646 0.193 
-21.7 0.00527 0.196 
-21.7 0.00473 0.197 
-21.7 0.00377 0.199 
-21.7 0.00323 0.2 
-21.6 0.00336 0.201 
-21.6 0.00372 0.203 
-21.6 0.00418 0.204 
-21.6 0.00511 0.203 
-21.6 0.00572 0.204 
-21.6 0.00603 0.204 
-21.6 0.00666 0.205 
-21.6 0.00672 0.205 
-21.6 0.00679 0.206 
-21.6 0.00638 0.206 
-21.6 0.00696 0.207 
-21.6 0.00667 0.207 
-21.6 0.00601 0.208 
-21.6 0.00553 0.208 
-21.6 0.00467 0.209 
-21.6 0.00514 0.209 
-21.6 0.00416 0.209 
-21.6 0.00425 0.209 
-21.6 0.00374 0.209 
-21.6 0.00368 0.209 
-21.6 0.00328 0.209 
-21.6 0.0042 0.21 
-21.6 0.00469 0.21 
-21.6 0.0053 0.209 
-21.6 0.00589 0.21 
-21.6 0.00668 0.21 
-21.6 0.00907 0.21 
-21.6 0.0107 0.21 
-21.6 0.0124 0.211 
-21.5 0.014 0.211 
-21.6 0.0167 0.211 
-21.5 0.0171 0.211 
-21.6 0.0197 0.211 
-21.5 0.0203 0.211 
-21.6 0.0221 0.211 
-21.5 0.0213 0.21 
-21.5 0.0225 0.21 
-21.5 0.0232 0.21 
-21.5 0.0242 0.209 
-21.5 0.0265 0.208 
-21.5 0.0275 0.208 
-21.6 0.0298 0.207 
-21.6 0.0303 0.207 
-21.6 0.0324 0.206 
-21.6 0.0327 0.206 
-21.6 0.0347 0.204 
-21.6 0.0347 0.205 
-21.6 0.0367 0.203 
-21.6 0.037 0.203 
-21.6 0.0374 0.203 
-21.6 0.0395 0.201 
-21.6 0.0397 0.201 
-21.6 0.0399 0.201 
-21.6 0.0401 0.201 
-21.6 0.0413 0.199 
-21.6 0.0412 0.199 
-21.6 0.0414 0.199 
-21.6 0.0416 0.199 
-21.6 0.0417 0.199 
-21.6 0.042 0.198 
-21.6 0.0418 0.198 
-21.6 0.0416 0.198 
-21.6 0.0414 0.198 
-21.6 0.0414 0.199 
-21.6 0.0409 0.198 
-21.6 0.041 0.198 
-21.6 0.041 0.199 
-21.6 0.0408 0.199 
-21.6 0.0406 0.2 
-21.6 0.0404 0.2 
-21.6 0.0401 0.2 
-21.6 0.0403 0.201 
-21.6 0.0402 0.201 
-21.6 0.0404 0.201 
-21.6 0.0405 0.201 
-21.6 0.0406 0.201 
-21.6 0.0407 0.201 
-21.6 0.0407 0.201 
-21.6 0.0406 0.202 
-21.6 0.0405 0.202 
-21.6 0.0404 0.202 
-21.6 0.0401 0.202 
-21.6 0.0399 0.203 
-21.6 0.0399 0.203 
-21.6 0.0392 0.204 
-21.6 0.0392 0.204 
-21.6 0.0393 0.204 
-21.6 0.0395 0.205 
-21.6 0.0398 0.205 
-21.6 0.0398 0.206 
-21.6 0.04 0.206 
-21.6 0.04 0.206 
-21.6 0.0403 0.207 
-21.6 0.0406 0.207 
-21.6 0.0411 0.207 
-21.6 0.0416 0.206 
-21.6 0.0419 0.206 
-21.6 0.0422 0.206 
-21.6 0.0426 0.205 
-21.6 0.0427 0.205 
-21.6 0.0399 0.21 
-21.6 0.0403 0.209 
-21.6 0.0434 0.204 
-21.6 0.0405 0.209 
-21.6 0.0402 0.209 
-21.6 0.0401 0.209 
-21.6 0.04 0.209 
-21.6 0.0405 0.208 
-21.6 0.0408 0.207 
-21.6 0.0408 0.207 
-21.6 0.0412 0.206 
-21.6 0.0413 0.206 
-21.6 0.0421 0.199 
-21.6 0.0443 0.2 
-21.6 0.0409 0.205 
-21.6 0.0404 0.205 
-21.6 0.04 0.206 
-21.6 0.0394 0.207 
-21.6 0.039 0.207 
-21.6 0.0387 0.207 
-21.6 0.0381 0.207 
-21.6 0.0377 0.208 
-21.6 0.0375 0.208 
-21.6 0.0371 0.208 
-21.6 0.0369 0.208 
-21.6 0.0367 0.208 
-21.6 0.0366 0.208 
-21.6 0.0395 0.203 
-21.6 0.0364 0.208 
-21.6 0.0363 0.208 
-21.6 0.036 0.208 
-21.6 0.0355 0.209 
-21.6 0.0353 0.21 
-21.6 0.0355 0.209 
-21.6 0.0351 0.211 
-21.6 0.035 0.211 
-21.6 0.0349 0.211 
-21.6 0.0348 0.212 
-21.6 0.0352 0.211 
-21.6 0.0353 0.211 
-21.6 0.0353 0.211 
-21.5 0.0355 0.209 
-21.5 0.0364 0.208 
-21.5 0.0364 0.208 
-21.5 0.0365 0.208 
-21.5 0.0366 0.208 
-21.5 0.0366 0.209 
-21.5 0.037 0.208 
-21.5 0.0373 0.207 
-21.5 0.0375 0.207 
-21.5 0.0378 0.207 
-21.5 0.0382 0.207 
-21.5 0.0407 0.205 
-21.5 0.0388 0.205 
-21.5 0.0393 0.205 
-21.5 0.0396 0.205 
-21.5 0.0399 0.205 
-21.5 0.0402 0.205 
-21.5 0.0403 0.205 
-21.5 0.0428 0.203 
-21.5 0.043 0.203 
-21.5 0.0431 0.203 
-21.5 0.0433 0.203 
-21.5 0.0435 0.203 
-21.5 0.0437 0.203 
-21.5 0.0438 0.203 
-21.5 0.0438 0.203 
-21.5 0.0437 0.202 
-21.5 0.0437 0.202 
-21.5 0.0438 0.202 
-21.5 0.0437 0.201 
-21.5 0.0438 0.201 
-21.5 0.044 0.201 
-21.5 0.0442 0.2 
-21.5 0.0444 0.199 
-21.5 0.0446 0.199 
-21.5 0.0446 0.199 
-21.5 0.0451 0.198 
-21.5 0.0453 0.197 
-21.5 0.0454 0.196 
-21.5 0.0456 0.196 
-21.5 0.0457 0.195 
-21.5 0.0459 0.195 
-21.5 0.0459 0.194 
-21.5 0.046 0.194 
-21.5 0.0459 0.193 
-21.5 0.0459 0.193 
-21.5 0.0459 0.193 
-21.5 0.0458 0.193 
-21.5 0.0457 0.192 
-21.5 0.0453 0.192 
-21.5 0.0451 0.192 
-21.5 0.0449 0.191 
-21.5 0.045 0.191 
-21.5 0.0449 0.19 
-21.5 0.0451 0.19 
-21.5 0.0452 0.19 
-21.5 0.0453 0.19 
-21.5 0.0453 0.189 
-21.5 0.0454 0.188 
-21.5 0.0456 0.188 
-21.5 0.0457 0.187 
-21.5 0.0458 0.187 
-21.5 0.0459 0.187 
-21.5 0.0459 0.187 
-21.5 0.0462 0.186 
-21.5 0.0461 0.187 
-21.5 0.0464 0.186 
-21.5 0.0465 0.186 
-21.5 0.0464 0.186 
-21.5 0.0467 0.185 
-21.5 0.0466 0.185 
-21.5 0.0466 0.185 
-21.5 0.0467 0.185 
-21.5 0.0472 0.184 
-21.5 0.0471 0.185 
-21.5 0.0471 0.184 
-21.5 0.047 0.185 
-21.5 0.0473 0.185 
-21.5 0.0473 0.185 
-21.5 0.0474 0.185 
-21.5 0.0473 0.185 
-21.5 0.0473 0.185 
-21.5 0.0474 0.184 
-21.5 0.0477 0.185 
-21.5 0.0476 0.184 
-21.5 0.0479 0.183 
-21.5 0.0479 0.183 
-21.5 0.0482 0.181 
-21.5 0.0481 0.181 
-21.5 0.048 0.179 
-21.5 0.048 0.178 
-21.5 0.0486 0.178 
-21.5 0.0483 0.177 
-21.5 0.0482 0.177 
-21.5 0.0481 0.177 
-21.5 0.0483 0.177 
-21.5 0.0483 0.177 
-21.5 0.0484 0.177 
-21.5 0.0486 0.177 
-21.5 0.0487 0.177 
-21.5 0.0493 0.177 
-21.5 0.0493 0.177 
-21.5 0.0497 0.177 
-21.5 0.0499 0.177 
-21.5 0.0501 0.177 
-21.5 0.0505 0.178 
-21.5 0.0506 0.178 
-21.5 0.051 0.178 
-21.5 0.0512 0.178 
-21.5 0.0515 0.178 
-21.5 0.0515 0.178 
-21.5 0.0516 0.178 
-21.5 0.0517 0.178 
-21.5 0.0515 0.178 
-21.5 0.0515 0.178 
-21.5 0.0516 0.178 
-21.5 0.0517 0.178 
-21.5 0.0518 0.179 
-21.5 0.052 0.179 
-21.5 0.0521 0.179 
-21.5 0.0524 0.179 
-21.5 0.0525 0.178 
-21.5 0.0528 0.179 
-21.5 0.0528 0.179 
-21.5 0.053 0.179 
-21.5 0.0535 0.179 
-21.5 0.0536 0.179 
-21.5 0.0538 0.179 
-21.5 0.0538 0.179 
-21.4 0.0541 0.179 
-21.4 0.0544 0.179 
-21.4 0.0547 0.179 
-21.4 0.0553 0.179 
-21.4 0.0553 0.178 
-21.4 0.0554 0.178 
-21.4 0.0554 0.178 
-21.4 0.0553 0.177 
-21.4 0.0553 0.177 
-21.4 0.0545 0.177 
-21.4 0.0546 0.177 
-21.4 0.0542 0.176 
-21.4 0.0537 0.176 
-21.4 0.0536 0.176 
-21.4 0.0526 0.174 
-21.4 0.0525 0.174 
-21.4 0.0513 0.173 
-21.4 0.0513 0.173 
-21.4 0.0503 0.172 
-21.4 0.0505 0.172 
-21.4 0.0494 0.171 
-21.4 0.0496 0.171 
-21.4 0.0489 0.169 
-21.4 0.049 0.17 
-21.4 0.0483 0.168 
-21.4 0.0476 0.167 
-21.4 0.047 0.166 
-21.4 0.0465 0.165 
-21.4 0.0458 0.165 
-21.4 0.0453 0.164 
-21.4 0.0448 0.163 
-21.4 0.0447 0.163 
-21.4 0.0444 0.162 
-21.4 0.0442 0.162 
-21.4 0.0439 0.161 
-21.4 0.0437 0.161 
-21.4 0.0439 0.161 
-21.4 0.0436 0.161 
-21.4 0.0433 0.161 
-21.4 0.044 0.161 
-21.4 0.0438 0.161 
-21.4 0.0439 0.162 
-21.4 0.0451 0.161 
-21.4 0.046 0.161 
-21.4 0.0477 0.161 
-21.4 0.0487 0.161 
-21.4 0.0502 0.16 
-21.4 0.0503 0.16 
-21.4 0.0524 0.159 
-21.4 0.0521 0.159 
-21.4 0.0536 0.159 
-21.4 0.0534 0.159 
-21.4 0.0546 0.158 
-21.4 0.0545 0.159 
-21.4 0.0568 0.158 
-21.4 0.0567 0.158 
-21.4 0.0587 0.159 
-21.4 0.0582 0.159 
-21.4 0.0579 0.158 
-21.4 0.0599 0.158 
-21.4 0.0624 0.158 
-21.4 0.0623 0.158 
-21.4 0.0638 0.158 
-21.4 0.0637 0.159 
-21.4 0.0648 0.159 
-21.4 0.065 0.159 
-21.4 0.0664 0.158 
-21.4 0.0664 0.159 
-21.4 0.0666 0.159 
-21.4 0.0691 0.158 
-21.4 0.0692 0.158 
-21.4 0.0724 0.158 
-21.4 0.072 0.158 
-21.4 0.0722 0.158 
-21.4 0.0759 0.158 
-21.4 0.0775 0.157 
-21.4 0.0799 0.157 
-21.4 0.0823 0.157 
-21.4 0.0853 0.158 
-21.4 0.0888 0.159 
-21.4 0.0921 0.16 
-21.4 0.0955 0.16 
-21.4 0.0956 0.16 
-21.5 0.0993 0.16 
-21.5 0.0993 0.16 
-21.5 0.103 0.16 
-21.5 0.102 0.16 
-21.5 0.105 0.159 
-21.5 0.105 0.159 
-21.5 0.105 0.159 
-21.6 0.107 0.158 
-21.6 0.107 0.158 
-21.6 0.108 0.156 
-21.6 0.107 0.156 
-21.6 0.109 0.155 
-21.6 0.109 0.155 
-21.6 0.111 0.154 
-21.6 0.111 0.154 
-21.6 0.113 0.153 
-21.6 0.113 0.154 
-21.6 0.114 0.153 
-21.7 0.114 0.154 
-21.7 0.115 0.153 
-21.7 0.114 0.153 
-21.7 0.114 0.152 
-21.7 0.114 0.152 
-21.7 0.114 0.15 
-21.7 0.114 0.15 
-21.7 0.115 0.149 
-21.7 0.115 0.148 
-21.7 0.116 0.148 
-21.7 0.116 0.146 
-21.7 0.117 0.145 
-21.7 0.118 0.146 
-21.7 0.118 0.143 
-21.7 0.119 0.142 
-21.7 0.119 0.141 
-21.7 0.119 0.14 
-21.7 0.119 0.139 
-21.7 0.119 0.138 
-21.7 0.12 0.137 
-21.7 0.12 0.137 
-21.7 0.121 0.137 
-21.7 0.122 0.137 
-21.7 0.122 0.136 
-21.7 0.123 0.136 
-21.7 0.124 0.135 
-21.7 0.124 0.135 
-21.7 0.125 0.134 
-21.7 0.125 0.134 
-21.6 0.126 0.133 
-21.6 0.126 0.133 
-21.6 0.127 0.133 
-21.6 0.128 0.132 
-21.6 0.128 0.132 
-21.6 0.129 0.131 
-21.6 0.129 0.132 
-21.6 0.129 0.131 
-21.6 0.129 0.13 
-21.6 0.129 0.131 
-21.6 0.13 0.129 
-21.6 0.131 0.13 
-21.6 0.131 0.129 
-21.6 0.131 0.129 
-21.5 0.132 0.128 
-21.5 0.131 0.128 
-21.5 0.131 0.128 
-21.5 0.131 0.128 
-21.5 0.132 0.128 
-21.5 0.132 0.128 
-21.5 0.132 0.128 
-21.5 0.132 0.128 
-21.4 0.132 0.128 
-21.4 0.132 0.128 
-21.4 0.132 0.128 
-21.4 0.132 0.128 
-21.4 0.132 0.128 
-21.4 0.133 0.128 
-21.4 0.133 0.128 
-21.4 0.132 0.128 
-21.4 0.131 0.128 
-21.4 0.13 0.129 
-21.3 0.129 0.129 
-21.3 0.128 0.13 
-21.3 0.126 0.135 
-21.3 0.128 0.13 
-21.3 0.126 0.136 
-21.3 0.126 0.136 
-21.2 0.125 0.131 
-21.2 0.125 0.131 
-21.2 0.126 0.131 
-21.2 0.124 0.131 
-21.2 0.124 0.131 
-21.2 0.124 0.131 
-21.2 0.122 0.131 
-21.2 0.122 0.131 
-21.1 0.119 0.131 
-21.1 0.119 0.131 
-21.1 0.117 0.131 
-21.1 0.118 0.131 
-21.1 0.118 0.131 
-21.1 0.118 0.13 
-21.1 0.119 0.13 
-21.1 0.119 0.13 
-21.1 0.119 0.129 
-21.1 0.118 0.129 
-21.1 0.118 0.129 
-21.1 0.116 0.129 
-21.1 0.116 0.129 
-21 0.114 0.129 
-21 0.114 0.129 
-21 0.114 0.129 
-21 0.113 0.128 
-21 0.113 0.129 
-21 0.113 0.129 
-21 0.113 0.129 
-21 0.113 0.129 
-21 0.112 0.129 
-21 0.112 0.129 
-21 0.112 0.129 
-21 0.112 0.129 
-21 0.112 0.129 
-21 0.113 0.129 
-21 0.113 0.129 
-21 0.113 0.129 
-21 0.113 0.128 
-21 0.113 0.128 
-21 0.114 0.128 
-21 0.114 0.128 
-21 0.114 0.128 
-21 0.115 0.128 
-21 0.115 0.128 
-21 0.115 0.128 
-21 0.115 0.128 
-21 0.116 0.128 
-21 0.116 0.128 
-21 0.116 0.128 
-21 0.116 0.127 
-21 0.116 0.127 
-21 0.117 0.127 
-21 0.117 0.127 
-21 0.117 0.127 
-21 0.117 0.127 
-21 0.117 0.127 
-20.9 0.117 0.126 
-20.9 0.117 0.126 
-20.9 0.118 0.126 
-20.9 0.118 0.126 
-20.9 0.118 0.126 
-20.9 0.119 0.125 
-20.9 0.119 0.125 
-20.9 0.118 0.125 
-20.9 0.118 0.124 
-20.9 0.118 0.124 
-20.9 0.118 0.124 
-20.9 0.118 0.124 
-20.9 0.118 0.124 
-20.9 0.117 0.124 
-20.9 0.117 0.124 
-20.9 0.116 0.124 
-20.9 0.116 0.124 
-20.9 0.116 0.124 
-20.9 0.116 0.124 
-20.9 0.116 0.124 
-20.9 0.115 0.124 
-20.9 0.115 0.124 
-20.9 0.115 0.124 
-20.9 0.115 0.124 
-20.9 0.115 0.123 
-20.9 0.115 0.123 
-20.9 0.116 0.123 
-20.9 0.116 0.123 
-20.9 0.116 0.123 
-20.9 0.116 0.122 
-20.9 0.116 0.122 
-20.9 0.116 0.121 
-20.9 0.116 0.121 
-20.9 0.116 0.121 
-20.9 0.122 0.102 
-20.9 0.116 0.121 
-20.9 0.116 0.12 
-20.9 0.116 0.12 
-20.9 0.116 0.12 
-20.9 0.117 0.12 
-20.9 0.117 0.12 
-20.9 0.117 0.12 
-20.9 0.117 0.12 
-20.9 0.117 0.12 
-20.9 0.117 0.12 
-20.9 0.117 0.12 
-20.9 0.117 0.12 
-20.9 0.117 0.12 
-20.9 0.117 0.12 
-20.9 0.117 0.12 
-20.9 0.117 0.12 
-20.9 0.117 0.12 
-20.9 0.117 0.12 
-20.9 0.117 0.12 
-20.9 0.117 0.12 
-20.9 0.117 0.12 
-20.9 0.117 0.12 
-20.9 0.118 0.119 
-20.9 0.118 0.119 
-20.9 0.118 0.119 
-20.9 0.118 0.119 
-20.8 0.118 0.119 
-20.8 0.118 0.119 
-20.8 0.118 0.119 
-20.8 0.118 0.119 
-20.8 0.118 0.119 
-20.8 0.113 0.119 
-20.8 0.113 0.118 
-20.8 0.118 0.118 
-20.8 0.118 0.118 
-20.8 0.118 0.118 
-20.8 0.118 0.118 
-20.8 0.118 0.118 
-20.8 0.118 0.117 
-20.8 0.118 0.117 
-20.8 0.118 0.117 
-20.8 0.118 0.117 
-20.8 0.114 0.117 
-20.8 0.118 0.117 
-20.8 0.118 0.117 
-20.8 0.118 0.117 
-20.8 0.118 0.117 
-20.9 0.116 0.087 
-20.8 0.116 0.116 
-20.8 0.117 0.116 
-20.8 0.116 0.115 
-20.8 0.116 0.115 
-20.8 0.115 0.115 
-20.8 0.115 0.114 
-20.8 0.115 0.114 
-20.8 0.114 0.114 
-20.8 0.114 0.114 
-20.8 0.114 0.114 
-20.8 0.115 0.114 
-20.8 0.115 0.114 
-20.8 0.115 0.114 
-20.8 0.114 0.114 
-20.8 0.114 0.114 
-20.8 0.114 0.114 
-20.8 0.114 0.114 
-20.8 0.114 0.114 
-20.8 0.114 0.114 
-20.8 0.114 0.113 
-20.8 0.114 0.113 
-20.8 0.114 0.113 
-20.8 0.114 0.113 
-20.8 0.113 0.113 
-20.8 0.113 0.113 
-20.8 0.11 0.113 
-20.8 0.112 0.112 
-20.8 0.109 0.112 
-20.8 0.111 0.111 
-20.8 0.11 0.11 
-20.8 0.11 0.11 
-20.8 0.108 0.112 
-20.8 0.107 0.112 
-20.8 0.11 0.11 
-20.8 0.109 0.11 
-20.8 0.11 0.11 
-20.8 0.11 0.11 
-20.7 0.11 0.109 
-20.7 0.11 0.109 
-20.7 0.109 0.108 
-20.7 0.109 0.108 
-20.7 0.108 0.108 
-20.7 0.108 0.108 
-20.7 0.108 0.108 
-20.7 0.108 0.108 
-20.7 0.108 0.109 
-20.7 0.107 0.109 
-20.7 0.107 0.11 
-20.7 0.107 0.111 
-20.7 0.106 0.112 
-20.7 0.106 0.113 
-20.7 0.106 0.113 
-20.7 0.106 0.114 
-20.7 0.106 0.114 
-20.7 0.106 0.114 
-20.7 0.106 0.114 
-20.7 0.106 0.114 
-20.7 0.107 0.115 
-20.7 0.107 0.115 
-20.7 0.107 0.115 
-20.7 0.107 0.115 
-20.7 0.106 0.116 
-20.7 0.106 0.116 
-20.7 0.106 0.115 
-20.7 0.106 0.116 
-20.7 0.106 0.116 
-20.7 0.107 0.116 
-20.7 0.106 0.117 
-20.7 0.106 0.117 
-20.7 0.106 0.117 
-20.7 0.105 0.118 
-20.7 0.105 0.118 
-20.7 0.105 0.119 
-20.8 0.105 0.121 
-20.8 0.105 0.121 
-20.8 0.104 0.123 
-20.8 0.104 0.124 
-20.8 0.103 0.125 
-20.8 0.103 0.125 
-20.8 0.102 0.126 
-20.8 0.103 0.127 
-20.8 0.102 0.127 
-20.8 0.102 0.128 
-20.8 0.102 0.128 
-20.8 0.101 0.128 
-20.8 0.101 0.128 
-20.8 0.101 0.128 
-20.8 0.102 0.128 
-20.8 0.102 0.128 
-20.8 0.103 0.128 
-20.8 0.102 0.128 
-20.8 0.103 0.128 
-20.8 0.103 0.128 
-20.8 0.104 0.128 
-20.8 0.103 0.128 
-20.8 0.103 0.127 
-20.8 0.103 0.127 
-20.8 0.102 0.126 
-20.8 0.102 0.126 
-20.8 0.102 0.126 
-20.7 0.102 0.125 
-20.7 0.102 0.125 
-20.7 0.102 0.125 
-20.7 0.102 0.125 
-20.7 0.102 0.125 
-20.7 0.102 0.125 
-20.7 0.102 0.125 
-20.7 0.101 0.125 
-20.7 0.101 0.125 
-20.7 0.102 0.125 
-20.7 0.102 0.126 
-20.7 0.103 0.126 
-20.7 0.104 0.126 
-20.7 0.105 0.126 
-20.7 0.106 0.125 
-20.7 0.107 0.125 
-20.7 0.109 0.124 
-20.7 0.11 0.123 
-20.7 0.112 0.123 
-20.7 0.113 0.122 
-20.7 0.115 0.122 
-20.7 0.116 0.121 
-20.7 0.117 0.121 
-20.7 0.118 0.121 
-20.7 0.119 0.12 
-20.7 0.12 0.12 
-20.7 0.12 0.12 
-20.7 0.121 0.12 
-20.7 0.121 0.12 
-20.7 0.122 0.12 
-20.7 0.123 0.12 
-20.6 0.123 0.121 
-20.6 0.123 0.121 
-20.6 0.123 0.121 
-20.6 0.124 0.121 
-20.6 0.124 0.121 
-20.6 0.124 0.121 
-20.6 0.124 0.122 
-20.6 0.123 0.122 
-20.6 0.123 0.122 
-20.6 0.123 0.122 
-20.6 0.123 0.123 
-20.6 0.123 0.123 
-20.6 0.123 0.123 
-20.6 0.123 0.123 
-20.6 0.124 0.123 
-20.6 0.124 0.123 
-20.6 0.123 0.123 
-20.6 0.123 0.123 
-20.6 0.123 0.123 
-20.6 0.123 0.123 
-20.6 0.123 0.123 
-20.6 0.123 0.123 
-20.6 0.122 0.123 
-20.6 0.122 0.123 
-20.6 0.122 0.124 
-20.5 0.122 0.124 
-20.5 0.122 0.124 
-20.5 0.122 0.123 
-20.5 0.122 0.123 
-20.5 0.122 0.123 
-20.5 0.122 0.123 
-20.5 0.122 0.122 
-20.5 0.121 0.122 
-20.5 0.121 0.122 
-20.5 0.121 0.121 
-20.5 0.121 0.121 
-20.5 0.121 0.121 
-20.5 0.121 0.121 
-20.5 0.121 0.12 
-20.5 0.121 0.119 
-20.5 0.121 0.119 
-20.5 0.121 0.119 
-20.5 0.121 0.119 
-20.5 0.121 0.119 
-20.5 0.122 0.119 
-20.5 0.121 0.119 
-20.5 0.121 0.119 
-20.5 0.121 0.119 
-20.5 0.121 0.119 
-20.5 0.121 0.119 
-20.5 0.121 0.119 
-20.5 0.121 0.119 
-20.4 0.12 0.119 
-20.4 0.12 0.119 
-20.4 0.12 0.119 
-20.4 0.119 0.119 
-20.4 0.119 0.119 
-20.4 0.119 0.119 
-20.4 0.119 0.119 
-20.4 0.119 0.119 
-20.4 0.119 0.119 
-20.4 0.119 0.119 
-20.4 0.118 0.119 
-20.4 0.118 0.119 
-20.4 0.118 0.118 
-20.4 0.118 0.118 
-20.4 0.118 0.118 
-20.4 0.118 0.118 
-20.4 0.119 0.118 
-20.4 0.119 0.118 
-20.4 0.119 0.118 
-20.4 0.119 0.118 
-20.4 0.119 0.118 
-20.4 0.119 0.118 
-20.4 0.119 0.118 
-20.4 0.119 0.118 
-20.4 0.119 0.118 
-20.4 0.119 0.118 
-20.4 0.119 0.118 
-20.4 0.119 0.118 
-20.4 0.119 0.118 
-20.4 0.119 0.118 
-20.4 0.119 0.117 
-20.4 0.118 0.117 
-20.4 0.118 0.117 
-20.4 0.118 0.116 
-20.4 0.118 0.116 
-20.4 0.118 0.115 
-20.4 0.117 0.115 
-20.4 0.116 0.115 
-20.4 0.116 0.115 
-20.4 0.116 0.115 
-20.4 0.117 0.115 
-20.4 0.117 0.115 
-20.4 0.116 0.115 
-20.4 0.116 0.115 
-20.4 0.116 0.116 
-20.4 0.116 0.116 
-20.4 0.116 0.116 
-20.4 0.116 0.116 
-20.4 0.116 0.116 
-20.4 0.116 0.116 
-20.4 0.116 0.116 
-20.4 0.116 0.115 
-20.4 0.117 0.115 
-20.4 0.117 0.115 
-20.4 0.118 0.114 
-20.4 0.118 0.114 
-20.4 0.118 0.114 
-20.4 0.118 0.113 
-20.4 0.119 0.113 
-20.4 0.119 0.112 
-20.4 0.119 0.112 
-20.4 0.119 0.112 
-20.4 0.12 0.111 
-20.4 0.12 0.111 
-20.4 0.12 0.11 
-20.4 0.12 0.11 
-20.4 0.12 0.11 
-20.4 0.12 0.11 
-20.4 0.12 0.11 
-20.4 0.121 0.109 
-20.4 0.121 0.109 
-20.4 0.121 0.109 
-20.4 0.122 0.108 
-20.4 0.122 0.109 
-20.4 0.123 0.108 
-20.4 0.123 0.108 
-20.4 0.123 0.108 
-20.4 0.124 0.108 
-20.4 0.124 0.108 
-20.4 0.123 0.108 
-20.4 0.124 0.107 
-20.4 0.123 0.107 
-20.4 0.123 0.107 
-20.4 0.123 0.107 
-20.4 0.123 0.107 
-20.4 0.122 0.108 
-20.4 0.122 0.108 
-20.4 0.121 0.108 
-20.4 0.121 0.108 
-20.4 0.121 0.108 
-20.4 0.121 0.107 
-20.4 0.121 0.107 
-20.4 0.12 0.107 
-20.4 0.12 0.106 
-20.4 0.12 0.106 
-20.4 0.12 0.106 
-20.4 0.12 0.106 
-20.4 0.12 0.106 
-20.4 0.12 0.106 
-20.4 0.12 0.106 
-20.5 0.12 0.106 
-20.5 0.12 0.105 
-20.5 0.119 0.105 
-20.5 0.12 0.105 
-20.5 0.119 0.105 
-20.5 0.119 0.105 
-20.5 0.118 0.105 
-20.5 0.118 0.105 
-20.5 0.118 0.105 
-20.5 0.118 0.105 
-20.5 0.117 0.105 
-20.5 0.117 0.105 
-20.5 0.117 0.105 
-20.5 0.117 0.105 
-20.5 0.116 0.105 
-20.5 0.116 0.105 
-20.4 0.115 0.106 
-20.4 0.115 0.106 
-20.4 0.115 0.106 
-20.4 0.115 0.106 
-20.4 0.113 0.105 
-20.4 0.113 0.105 
-20.4 0.112 0.105 
-20.4 0.111 0.105 
-20.5 0.11 0.105 
-20.5 0.109 0.105 
-20.5 0.108 0.105 
-20.5 0.108 0.105 
-20.5 0.108 0.105 
-20.5 0.107 0.105 
-20.5 0.106 0.105 
-20.5 0.106 0.104 
-20.5 0.106 0.104 
-20.5 0.105 0.104 
-20.5 0.105 0.104 
-20.5 0.104 0.104 
-20.5 0.104 0.104 
-20.5 0.103 0.103 
-20.5 0.103 0.103 
-20.5 0.102 0.104 
-20.5 0.102 0.104 
-20.5 0.102 0.104 
-20.5 0.101 0.104 
-20.5 0.1 0.104 
-20.5 0.0993 0.104 
-20.5 0.0987 0.104 
-20.5 0.0978 0.105 
-20.5 0.0974 0.105 
-20.5 0.0965 0.108 
-20.5 0.103 0.118 
-20.5 0.0966 0.112 
-20.5 0.0962 0.115 
-20.5 0.0967 0.114 
-20.5 0.0967 0.114 
-20.5 0.0971 0.114 
-20.5 0.0972 0.114 
-20.5 0.0972 0.114 
-20.5 0.0972 0.114 
-20.5 0.0972 0.114 
-20.5 0.0972 0.114 
-20.5 0.0972 0.114 
-20.5 0.0973 0.114 
-20.5 0.0974 0.114 
-20.5 0.0976 0.114 
-20.5 0.0976 0.114 
-20.5 0.0977 0.114 
-20.4 0.0979 0.114 
-20.4 0.0982 0.114 
-20.4 0.0986 0.114 
-20.4 0.0991 0.113 
-20.4 0.0994 0.113 
-20.4 0.0998 0.112 
-20.4 0.1 0.112 
-20.4 0.1 0.111 
-20.4 0.101 0.111 
-20.3 0.101 0.11 
-20.3 0.101 0.11 
-20.3 0.101 0.109 
-20.3 0.101 0.11 
-20.3 0.101 0.109 
-20.3 0.102 0.109 
-20.3 0.102 0.109 
-20.3 0.102 0.109 
-20.3 0.102 0.108 
-20.3 0.103 0.108 
-20.3 0.103 0.108 
-20.3 0.102 0.108 
-20.3 0.102 0.108 
-20.3 0.102 0.108 
-20.3 0.101 0.108 
-20.3 0.101 0.108 
-20.3 0.101 0.108 
-20.3 0.101 0.108 
-20.3 0.101 0.108 
-20.3 0.101 0.107 
-20.3 0.101 0.107 
-20.3 0.101 0.107 
-20.3 0.101 0.106 
-20.3 0.101 0.107 
-20.3 0.101 0.106 
-20.3 0.101 0.106 
-20.3 0.101 0.106 
-20.3 0.101 0.106 
-20.3 0.101 0.106 
-20.3 0.1 0.106 
-20.3 0.1 0.106 
-20.3 0.1 0.105 
-20.3 0.1 0.105 
-20.3 0.1 0.105 
-20.3 0.0999 0.105 
-20.3 0.0999 0.105 
-20.3 0.0996 0.105 
-20.3 0.0996 0.105 
-20.3 0.0992 0.105 
-20.3 0.0992 0.105 
-20.3 0.0988 0.106 
-20.3 0.0988 0.106 
-20.3 0.0985 0.107 
-20.3 0.0984 0.107 
-20.3 0.098 0.108 
-20.3 0.098 0.108 
-20.3 0.0975 0.109 
-20.3 0.0975 0.109 
-20.2 0.0971 0.11 
-20.2 0.0968 0.11 
-20.2 0.0962 0.111 
-20.2 0.0958 0.111 
-20.2 0.0952 0.112 
-20.2 0.0947 0.112 
-20.2 0.0944 0.113 
-20.2 0.0938 0.113 
-20.2 0.0933 0.113 
-20.2 0.0931 0.113 
-20.2 0.0927 0.113 
-20.2 0.0923 0.113 
-20.2 0.0921 0.113 
-20.2 0.0916 0.113 
-20.2 0.0914 0.114 
-20.2 0.0912 0.114 
-20.2 0.0911 0.113 
-20.2 0.091 0.114 
-20.2 0.091 0.113 
-20.2 0.091 0.113 
-20.2 0.0911 0.113 
-20.2 0.0911 0.113 
-20.2 0.091 0.113 
-20.2 0.0911 0.114 
-20.2 0.0912 0.114 
-20.2 0.0914 0.114 
-20.2 0.0914 0.114 
-20.2 0.0916 0.114 
-20.2 0.0915 0.114 
-20.2 0.0917 0.114 
-20.2 0.0916 0.114 
-20.2 0.0918 0.114 
-20.2 0.0916 0.114 
-20.2 0.0916 0.114 
-20.2 0.0914 0.114 
-20.2 0.0915 0.113 
-20.2 0.0915 0.113 
-20.2 0.0917 0.113 
-20.2 0.0916 0.113 
-20.2 0.0918 0.113 
-20.2 0.0917 0.113 
-20.2 0.092 0.113 
-20.2 0.092 0.114 
-20.2 0.0924 0.114 
-20.2 0.0924 0.114 
-20.2 0.0927 0.115 
-20.2 0.0926 0.115 
-20.2 0.0927 0.116 
-20.2 0.0931 0.117 
-20.2 0.093 0.116 
-20.2 0.0929 0.117 
-20.2 0.0929 0.117 
-20.2 0.0931 0.118 
-20.2 0.093 0.118 
-20.2 0.0931 0.118 
-20.2 0.0931 0.118 
-20.2 0.0931 0.118 
-20.2 0.0932 0.119 
-20.2 0.0932 0.119 
-20.2 0.0933 0.119 
-20.2 0.0933 0.119 
-20.2 0.0934 0.119 
-20.2 0.0933 0.119 
-20.2 0.0931 0.118 
-20.2 0.0929 0.118 
-20.2 0.0926 0.117 
-20.2 0.0924 0.117 
-20.2 0.0923 0.117 
-20.2 0.0923 0.116 
-20.2 0.0922 0.116 
-20.2 0.0922 0.116 
-20.2 0.0921 0.116 
-20.2 0.092 0.115 
-20.2 0.0921 0.115 
-20.2 0.092 0.115 
-20.2 0.092 0.115 
-20.2 0.0919 0.115 
-20.3 0.0918 0.115 
-20.3 0.0918 0.115 
-20.3 0.0917 0.114 
-20.3 0.0918 0.114 
-20.3 0.0915 0.114 
-20.3 0.0914 0.114 
-20.3 0.0913 0.114 
-20.3 0.0911 0.114 
-20.3 0.091 0.114 
-20.3 0.0909 0.114 
-20.3 0.0908 0.114 
-20.3 0.0908 0.114 
-20.3 0.0908 0.114 
-20.3 0.0908 0.114 
-20.3 0.091 0.114 
-20.3 0.091 0.114 
-20.3 0.0912 0.114 
-20.3 0.091 0.114 
-20.3 0.0912 0.114 
-20.3 0.0912 0.114 
-20.3 0.0912 0.114 
-20.3 0.0914 0.115 
-20.3 0.0914 0.115 
-20.3 0.0914 0.115 
-20.3 0.0913 0.115 
-20.3 0.0914 0.115 
-20.3 0.0914 0.115 
-20.3 0.0914 0.115 
-20.3 0.0912 0.115 
-20.3 0.0911 0.115 
-20.3 0.0911 0.115 
-20.3 0.0911 0.115 
-20.3 0.0909 0.115 
-20.3 0.0906 0.115 
-20.3 0.0906 0.115 
-20.3 0.0905 0.115 
-20.3 0.0905 0.116 
-20.3 0.0904 0.116 
-20.3 0.0904 0.116 
-20.3 0.0903 0.116 
-20.3 0.0901 0.116 
-20.3 0.0902 0.117 
-20.3 0.0901 0.117 
-20.3 0.0907 0.117 
-20.3 0.0912 0.118 
-20.3 0.0915 0.118 
-20.3 0.0918 0.118 
-20.3 0.0919 0.118 
-20.3 0.0919 0.119 
-20.3 0.0919 0.118 
-20.3 0.0918 0.118 
-20.3 0.0916 0.118 
-20.3 0.0916 0.118 
-20.3 0.0913 0.118 
-20.3 0.0914 0.118 
-20.3 0.0913 0.118 
-20.3 0.091 0.117 
-20.3 0.0909 0.117 
-20.3 0.0909 0.117 
-20.3 0.0908 0.117 
-20.3 0.0907 0.117 
-20.3 0.0907 0.117 
-20.3 0.0905 0.117 
-20.4 0.0904 0.116 
-20.4 0.0905 0.116 
-20.4 0.0904 0.116 
-20.4 0.0904 0.116 
-20.4 0.0903 0.116 
-20.4 0.0902 0.116 
-20.4 0.0901 0.115 
-20.4 0.0901 0.115 
-20.4 0.09 0.114 
-20.4 0.09 0.114 
-20.3 0.0902 0.114 
-20.3 0.0903 0.114 
-20.3 0.0908 0.113 
-20.3 0.0908 0.113 
-20.3 0.0909 0.113 
-20.3 0.0916 0.113 
-20.3 0.0916 0.113 
-20.3 0.0918 0.113 
-20.3 0.0924 0.113 
-20.3 0.0922 0.113 
-20.3 0.0926 0.112 
-20.3 0.0925 0.112 
-20.3 0.0926 0.112 
-20.3 0.0926 0.112 
-20.3 0.0926 0.112 
-20.3 0.093 0.112 
-20.3 0.0925 0.112 
-20.3 0.0926 0.112 
-20.3 0.0927 0.112 
-20.3 0.0928 0.111 
-20.3 0.0928 0.112 
-20.3 0.0929 0.112 
-20.3 0.0928 0.112 
-20.3 0.093 0.112 
-20.3 0.0932 0.112 
-20.3 0.0933 0.112 
-20.3 0.0939 0.112 
-20.3 0.0938 0.112 
-20.3 0.0937 0.111 
-20.3 0.0935 0.111 
-20.3 0.0936 0.111 
-20.3 0.0937 0.111 
-20.3 0.0937 0.11 
-20.3 0.0937 0.111 
-20.3 0.0936 0.111 
-20.3 0.0936 0.111 
-20.3 0.0934 0.112 
-20.3 0.0934 0.113 
-20.3 0.0934 0.113 
-20.3 0.0935 0.114 
-20.3 0.0936 0.115 
-20.3 0.0938 0.115 
-20.3 0.0938 0.116 
-20.3 0.0939 0.116 
-20.3 0.094 0.116 
-20.3 0.0939 0.116 
-20.3 0.0938 0.116 
-20.3 0.0937 0.116 
-20.3 0.0935 0.116 
-20.3 0.0933 0.117 
-20.3 0.0932 0.117 
-20.3 0.0928 0.117 
-20.3 0.0928 0.117 
-20.3 0.0928 0.117 
-20.3 0.0927 0.117 
-20.3 0.0927 0.117 
-20.3 0.0926 0.117 
-20.3 0.0925 0.117 
-20.3 0.0923 0.116 
-20.3 0.0923 0.116 
-20.3 0.0923 0.116 
-20.3 0.0947 0.115 
-20.3 0.0922 0.116 
-20.3 0.092 0.115 
-20.3 0.0916 0.115 
-20.3 0.0913 0.116 
-20.3 0.0907 0.116 
-20.3 0.0903 0.116 
-20.3 0.0899 0.116 
-20.3 0.09 0.116 
-20.3 0.0898 0.116 
-20.3 0.0901 0.116 
-20.3 0.0899 0.116 
-20.3 0.0899 0.115 
-20.3 0.0897 0.115 
-20.3 0.0896 0.115 
-20.3 0.0893 0.115 
-20.3 0.0891 0.115 
-20.3 0.0889 0.115 
-20.3 0.0889 0.115 
-20.3 0.0889 0.115 
-20.3 0.0888 0.115 
-20.3 0.0889 0.114 
-20.3 0.0888 0.114 
-20.3 0.0887 0.114 
-20.3 0.0885 0.114 
-20.3 0.0883 0.114 
-20.3 0.0883 0.114 
-20.3 0.0882 0.114 
-20.3 0.0883 0.114 
-20.3 0.0885 0.114 
-20.3 0.0885 0.114 
-20.3 0.0886 0.114 
-20.3 0.0886 0.114 
-20.3 0.0885 0.114 
-20.3 0.0885 0.114 
-20.3 0.0883 0.114 
-20.3 0.0883 0.114 
-20.3 0.0883 0.114 
-20.3 0.0882 0.114 
-20.3 0.0882 0.114 
-20.3 0.0882 0.113 
-20.3 0.0882 0.113 
-20.3 0.0884 0.113 
-20.3 0.0883 0.113 
-20.3 0.0882 0.113 
-20.3 0.0883 0.113 
-20.3 0.0882 0.113 
-20.3 0.0874 0.113 
-20.3 0.0873 0.113 
-20.3 0.0873 0.113 
-20.3 0.0871 0.113 
-20.3 0.0869 0.113 
-20.3 0.0872 0.113 
-20.3 0.087 0.113 
-20.3 0.0869 0.113 
-20.3 0.0867 0.113 
-20.3 0.0865 0.113 
-20.3 0.0863 0.113 
-20.3 0.086 0.113 
-20.3 0.086 0.113 
-20.3 0.086 0.113 
-20.3 0.0859 0.113 
-20.3 0.0859 0.113 
-20.3 0.0859 0.113 
-20.3 0.0859 0.113 
-20.3 0.0859 0.113 
-20.3 0.0859 0.113 
-20.3 0.0858 0.113 
-20.3 0.0858 0.113 
-20.3 0.0858 0.113 
-20.3 0.0858 0.113 
-20.3 0.0857 0.113 
-20.3 0.0857 0.113 
-20.3 0.0857 0.113 
-20.3 0.0857 0.113 
-20.3 0.0856 0.113 
-20.3 0.0856 0.113 
-20.3 0.0856 0.113 
-20.3 0.0855 0.113 
-20.3 0.0855 0.113 
-20.3 0.0855 0.113 
-20.3 0.0854 0.113 
-20.3 0.0854 0.113 
-20.3 0.0852 0.113 
-20.3 0.0851 0.113 
-20.3 0.0851 0.113 
-20.3 0.085 0.113 
-20.3 0.085 0.113 
-20.3 0.0849 0.113 
-20.3 0.0849 0.113 
-20.4 0.0848 0.113 
-20.4 0.0848 0.113 
-20.4 0.0847 0.113 
-20.4 0.0847 0.113 
-20.4 0.0846 0.113 
-20.4 0.0846 0.113 
-20.4 0.0845 0.113 
-20.4 0.0845 0.113 
-20.4 0.0844 0.113 
-20.4 0.0844 0.113 
-20.4 0.0844 0.113 
-20.4 0.0843 0.113 
-20.4 0.0843 0.113 
