-36.2 -0.894 0.0101 
-36.5 -0.733 0.0476 
-36.1 -0.904 0.666 
-35.2 -1.18 0.501 
-35.2 -1.1 0.456 
-34.6 -1.05 0.602 
-33.9 -1.13 0.784 
-33.8 -1.23 0.886 
-33.8 -1.44 0.985 
-34 -1.66 1.08 
-34.3 -1.85 1.11 
-34.8 -2.06 1.08 
-35.7 -1.84 0.747 
-37.1 -1.75 0.0274 
-39.5 -1.5 -0.986 
-41.9 -1.23 -2.2 
-43 -0.709 -3.15 
-43.4 -0.459 -3.71 
-44.1 -0.385 -4.07 
-44.7 -0.684 -4.11 
-45.7 -1.09 -4.19 
-46.7 -1.49 -4.28 
-45.4 -2.02 -2.98 
-43.1 -1.7 -2.06 
-41.3 -1.19 -1.71 
-40.5 -1.01 -1.52 
-40.4 -0.85 -1.6 
-39.9 -0.37 -1.62 
-40 -0.369 -1.69 
-41.5 -0.852 -2.04 
-42.5 -1.16 -2.24 
-44.3 -1.25 -2.85 
-45 -1.85 -2.72 
-45.7 -2.08 -2.84 
-46.4 -2.26 -2.99 
-47.1 -2.41 -3.24 
-47.8 -2.58 -3.43 
-50.8 -3.46 -4.06 
-50.8 -3.41 -4.15 
-50.7 -3.36 -4.14 
-50.5 -3.34 -4.08 
-50.4 -3.27 -4.09 
-50.5 -3.31 -4.14 
-52.1 -3.95 -4.33 
-51.7 -3.76 -4.32 
-51.5 -3.61 -4.37 
-51.3 -3.54 -4.33 
-52.2 -3.84 -4.51 
-52.1 -3.76 -4.47 
-51.9 -3.75 -4.38 
-51.4 -3.66 -4.24 
-51.1 -3.58 -4.18 
-50.7 -3.44 -4.11 
-50.3 -3.31 -4.06 
-49.9 -3.37 -3.78 
-49.8 -3.15 -4 
-50.4 -3.1 -4.21 
-50.3 -3.15 -4.1 
-50.5 -3.13 -4.21 
-50.6 -3.24 -4.19 
-50.3 -3.28 -4.05 
-50.4 -3.32 -4.14 
-49.8 -3.32 -3.89 
-50.1 -3.36 -3.98 
-49.8 -3.35 -3.94 
-49.5 -3.34 -3.91 
-48.1 -3 -3.52 
-46.4 -2.29 -3.3 
-47 -2.13 -3.76 
-48.1 -1.42 -5.2 
-50.4 -1.87 -6.21 
-51.6 -1.9 -6.94 
-53.7 -2.62 -7.57 
-52 -2.05 -7.01 
-48 -0.906 -5.48 
-44.3 -0.191 -4.04 
-44.3 -0.115 -4.09 
-42.9 0.0968 -3.49 
-43.2 0.0828 -3.6 
-41.7 0.315 -2.98 
-41.6 0.296 -2.86 
-41.3 0.293 -2.7 
-40.7 0.335 -2.36 
-41.3 0.122 -2.55 
-41 0.0365 -2.27 
-41.2 -0.0729 -2.36 
-41 -0.108 -2.19 
-40.8 -0.088 -2.1 
-40.7 -0.057 -2.04 
-40.6 -0.105 -1.98 
-40.1 -0.042 -1.81 
-39.9 -0.0171 -1.71 
-39.4 0.0148 -1.56 
-39 0.0534 -1.43 
-38.6 0.106 -1.29 
-38.2 0.113 -1.14 
-37.8 0.112 -1.01 
-37.8 0.0173 -0.984 
-37.8 -0.0953 -0.97 
-37.7 -0.185 -0.929 
-37.5 -0.231 -0.891 
-37.3 -0.248 -0.818 
-37.1 -0.25 -0.751 
-36.8 -0.228 -0.652 
-36.5 -0.223 -0.567 
-36.3 -0.219 -0.508 
-36.2 -0.229 -0.463 
-36.1 -0.233 -0.433 
-36 -0.195 -0.416 
-36 -0.185 -0.43 
-36 -0.164 -0.428 
-36 -0.141 -0.438 
-36.1 -0.131 -0.472 
-36.2 -0.131 -0.496 
-36.2 -0.13 -0.525 
-36.2 -0.13 -0.525 
-36.2 -0.13 -0.525 
-36.2 -0.13 -0.525 
-36.2 -0.13 -0.525 
-36.2 -0.13 -0.525 
-36.2 -0.13 -0.525 
-36.2 -0.13 -0.525 
-36.2 -0.13 -0.525 
-36.2 -0.13 -0.525 
-36.2 -0.13 -0.525 
-36.2 -0.13 -0.525 
-36.2 -0.13 -0.525 
-36.2 -0.13 -0.525 
-36.2 -0.13 -0.525 
-36.2 -0.13 -0.525 
-36.2 -0.13 -0.525 
-36.2 -0.13 -0.525 
-36.2 -0.13 -0.525 
-36.2 -0.13 -0.525 
-36.2 -0.13 -0.525 
-36.2 -0.13 -0.525 
-36.2 -0.13 -0.525 
-36.2 -0.13 -0.525 
-36.2 -0.13 -0.525 
-36.2 -0.13 -0.525 
-36.2 -0.13 -0.525 
-36.2 -0.13 -0.525 
-36.2 -0.13 -0.525 
-36.2 -0.13 -0.525 
-36.2 -0.13 -0.525 
-36.2 -0.13 -0.525 
-36.2 -0.13 -0.525 
-36.2 -0.13 -0.525 
-36.2 -0.13 -0.525 
-36.2 -0.13 -0.525 
-36.2 -0.13 -0.525 
-36.2 -0.13 -0.525 
-36.2 -0.13 -0.525 
-36.2 -0.13 -0.525 
-36.2 -0.13 -0.525 
-36.2 -0.13 -0.525 
-36.2 -0.13 -0.525 
-36.2 -0.13 -0.525 
-36.2 -0.13 -0.525 
-36.2 -0.13 -0.525 
-36.2 -0.13 -0.525 
-36.2 -0.13 -0.525 
-36.2 -0.13 -0.525 
-36.2 -0.13 -0.525 
-36.2 -0.13 -0.525 
-36.2 -0.13 -0.525 
-36.2 -0.13 -0.525 
-36.2 -0.13 -0.525 
-36.2 -0.13 -0.525 
-36.2 -0.13 -0.525 
-36.2 -0.13 -0.525 
-36.2 -0.13 -0.525 
-36.2 -0.13 -0.525 
-36.2 -0.13 -0.525 
-36.2 -0.13 -0.525 
-36.2 -0.13 -0.525 
-36.2 -0.13 -0.525 
-36.2 -0.13 -0.525 
-36.2 -0.13 -0.525 
-36.2 -0.13 -0.525 
-36.2 -0.13 -0.525 
-36.2 -0.13 -0.525 
-36.2 -0.13 -0.525 
-36.2 -0.13 -0.525 
-36.2 -0.13 -0.525 
-36.2 -0.13 -0.525 
-36.2 -0.13 -0.525 
-36.2 -0.13 -0.525 
-36.2 -0.13 -0.525 
-36.2 -0.13 -0.525 
-36.2 -0.13 -0.525 
-36.2 -0.13 -0.525 
-36.2 -0.13 -0.525 
-36.2 -0.13 -0.525 
-36.2 -0.13 -0.525 
-36.2 -0.13 -0.525 
-36.2 -0.13 -0.525 
-36.2 -0.13 -0.525 
-36.2 -0.13 -0.525 
-36.2 -0.13 -0.525 
-36.2 -0.13 -0.525 
-36.2 -0.13 -0.525 
-36.2 -0.13 -0.525 
-36.2 -0.13 -0.525 
-36.2 -0.13 -0.525 
-36.2 -0.13 -0.525 
-36.2 -0.13 -0.525 
-36.2 -0.13 -0.525 
-36.2 -0.13 -0.525 
-36.2 -0.13 -0.525 
-36.2 -0.13 -0.525 
-36.2 -0.13 -0.525 
-36.2 -0.13 -0.525 
-36.2 -0.13 -0.525 
-36.2 -0.13 -0.525 
-36.2 -0.13 -0.525 
-36.2 -0.13 -0.525 
-36.2 -0.13 -0.525 
-36.2 -0.13 -0.525 
-36.2 -0.13 -0.525 
-36.2 -0.13 -0.525 
-36.2 -0.13 -0.525 
-36.2 -0.13 -0.525 
-36.2 -0.13 -0.525 
-36.2 -0.13 -0.525 
-36.2 -0.13 -0.525 
-36.2 -0.13 -0.525 
-36.2 -0.13 -0.525 
-36.2 -0.13 -0.525 
-36.2 -0.13 -0.525 
-36.2 -0.13 -0.525 
-36.2 -0.13 -0.525 
-36.2 -0.13 -0.525 
-36.2 -0.13 -0.525 
-36.2 -0.13 -0.525 
-36.2 -0.13 -0.525 
-36.2 -0.13 -0.525 
-36.2 -0.13 -0.525 
-36.2 -0.13 -0.525 
-36.2 -0.13 -0.525 
-36.2 -0.13 -0.525 
-36.2 -0.13 -0.525 
-36.2 -0.13 -0.525 
-36.2 -0.13 -0.525 
-36.2 -0.13 -0.525 
-36.2 -0.13 -0.525 
-36.2 -0.13 -0.525 
-36.2 -0.13 -0.525 
-36.2 -0.13 -0.525 
-36.2 -0.13 -0.525 
-36.2 -0.13 -0.525 
-36.2 -0.13 -0.525 
-36.2 -0.13 -0.525 
-36.2 -0.13 -0.525 
-36.2 -0.13 -0.525 
-36.2 -0.13 -0.525 
-36.2 -0.13 -0.525 
-36.2 -0.13 -0.525 
-36.2 -0.13 -0.525 
-36.2 -0.13 -0.525 
-36.2 -0.13 -0.525 
-36.2 -0.13 -0.525 
-36.2 -0.13 -0.525 
-36.2 -0.13 -0.525 
-36.2 -0.13 -0.525 
-36.2 -0.13 -0.525 
-36.2 -0.13 -0.525 
-36.2 -0.13 -0.525 
-36.2 -0.13 -0.525 
-36.2 -0.13 -0.525 
-36.2 -0.13 -0.525 
-36.2 -0.13 -0.525 
-36.2 -0.13 -0.525 
-36.2 -0.13 -0.525 
-36.2 -0.13 -0.525 
-36.2 -0.13 -0.525 
-36.2 -0.13 -0.525 
-36.2 -0.13 -0.525 
-36.2 -0.13 -0.525 
-36.2 -0.13 -0.525 
-36.2 -0.13 -0.525 
-36.2 -0.13 -0.525 
-36.2 -0.13 -0.525 
-36.2 -0.13 -0.525 
-36.2 -0.13 -0.525 
-36.2 -0.13 -0.525 
-36.2 -0.13 -0.525 
-36.2 -0.13 -0.525 
-36.2 -0.13 -0.525 
-36.2 -0.13 -0.525 
-36.2 -0.13 -0.525 
-36.2 -0.13 -0.525 
-36.2 -0.13 -0.525 
-36.2 -0.13 -0.525 
-36.2 -0.13 -0.525 
-36.2 -0.13 -0.525 
-36.2 -0.13 -0.525 
-36.2 -0.13 -0.525 
-36.2 -0.13 -0.525 
-36.2 -0.13 -0.525 
-36.2 -0.13 -0.525 
-36.2 -0.13 -0.525 
-36.2 -0.13 -0.525 
-36.2 -0.13 -0.525 
-36.2 -0.13 -0.525 
-36.2 -0.13 -0.525 
-36.2 -0.13 -0.525 
-36.2 -0.13 -0.525 
-36.2 -0.13 -0.525 
-36.2 -0.13 -0.525 
-36.2 -0.13 -0.525 
-36.2 -0.13 -0.525 
-36.2 -0.13 -0.525 
-36.2 -0.13 -0.525 
-36.2 -0.13 -0.525 
-36.2 -0.13 -0.525 
-36.2 -0.13 -0.525 
-36.2 -0.13 -0.525 
-36.2 -0.13 -0.525 
-36.2 -0.13 -0.525 
-36.2 -0.13 -0.525 
-36.2 -0.13 -0.525 
-36.2 -0.13 -0.525 
-36.2 -0.13 -0.525 
-36.2 -0.13 -0.525 
-36.2 -0.13 -0.525 
-36.2 -0.13 -0.525 
-36.2 -0.13 -0.525 
-36.2 -0.13 -0.525 
-36.2 -0.13 -0.525 
-36.2 -0.13 -0.525 
-36.2 -0.13 -0.525 
-36.2 -0.13 -0.525 
-36.2 -0.13 -0.525 
-36.2 -0.13 -0.525 
-36.2 -0.13 -0.525 
-36.2 -0.13 -0.525 
-36.2 -0.13 -0.525 
-36.2 -0.13 -0.525 
-36.2 -0.13 -0.525 
-36.2 -0.13 -0.525 
-36.2 -0.13 -0.525 
-36.2 -0.13 -0.525 
-36.2 -0.13 -0.525 
-36.2 -0.13 -0.525 
-36.2 -0.13 -0.525 
-36.2 -0.13 -0.525 
-36.2 -0.13 -0.525 
-36.2 -0.13 -0.525 
-36.2 -0.13 -0.525 
-36.2 -0.13 -0.525 
-36.2 -0.13 -0.525 
-36.2 -0.13 -0.525 
-36.2 -0.13 -0.525 
-36.2 -0.13 -0.525 
-36.2 -0.13 -0.525 
-36.2 -0.13 -0.525 
-36.2 -0.13 -0.525 
-36.2 -0.13 -0.525 
-36.2 -0.13 -0.525 
-36.2 -0.13 -0.525 
-36.2 -0.13 -0.525 
-36.2 -0.13 -0.525 
-36.2 -0.13 -0.525 
-36.2 -0.13 -0.525 
-36.2 -0.13 -0.525 
-36.2 -0.13 -0.525 
-36.2 -0.13 -0.525 
-36.2 -0.13 -0.525 
-36.2 -0.13 -0.525 
-36.2 -0.13 -0.525 
-36.2 -0.13 -0.525 
-36.2 -0.13 -0.525 
-36.2 -0.13 -0.525 
-36.2 -0.13 -0.525 
-36.2 -0.13 -0.525 
-36.2 -0.13 -0.525 
-36.2 -0.13 -0.525 
-36.2 -0.13 -0.525 
-36.2 -0.13 -0.525 
-36.2 -0.13 -0.525 
-36.2 -0.13 -0.525 
-36.2 -0.13 -0.525 
-36.2 -0.13 -0.525 
-36.2 -0.13 -0.525 
-36.2 -0.13 -0.525 
-36.2 -0.13 -0.525 
-36.2 -0.13 -0.525 
-36.2 -0.13 -0.525 
-36.2 -0.13 -0.525 
-36.2 -0.13 -0.525 
-36.2 -0.13 -0.525 
-36.2 -0.13 -0.525 
-36.2 -0.13 -0.525 
-36.2 -0.13 -0.525 
-36.2 -0.13 -0.525 
-36.2 -0.13 -0.525 
-36.2 -0.13 -0.525 
-36.2 -0.13 -0.525 
-36.2 -0.13 -0.525 
-36.2 -0.13 -0.525 
-36.2 -0.13 -0.525 
-36.2 -0.13 -0.525 
-36.2 -0.13 -0.525 
-36.2 -0.13 -0.525 
-36.2 -0.13 -0.525 
-36.2 -0.13 -0.525 
-36.2 -0.13 -0.525 
-36.2 -0.13 -0.525 
-36.2 -0.13 -0.525 
-36.2 -0.13 -0.525 
-36.2 -0.13 -0.525 
-36.2 -0.13 -0.525 
-36.2 -0.13 -0.525 
-36.2 -0.13 -0.525 
-36.2 -0.13 -0.525 
-36.2 -0.13 -0.525 
-36.2 -0.13 -0.525 
-36.2 -0.13 -0.525 
-36.2 -0.13 -0.525 
-36.2 -0.13 -0.525 
-36.2 -0.13 -0.525 
-36.2 -0.13 -0.525 
-36.2 -0.13 -0.525 
-36.2 -0.13 -0.525 
-36.2 -0.13 -0.525 
-36.2 -0.13 -0.525 
-36.2 -0.13 -0.525 
-36.2 -0.13 -0.525 
-36.2 -0.13 -0.525 
-36.2 -0.13 -0.525 
-36.2 -0.13 -0.525 
-36.2 -0.13 -0.525 
-36.2 -0.13 -0.525 
-36.2 -0.13 -0.525 
-36.2 -0.13 -0.525 
-36.2 -0.13 -0.525 
-36.2 -0.13 -0.525 
-36.2 -0.13 -0.525 
-36.2 -0.13 -0.525 
-36.2 -0.13 -0.525 
-36.2 -0.13 -0.525 
-36.2 -0.13 -0.525 
-36.2 -0.13 -0.525 
-36.2 -0.13 -0.525 
-36.2 -0.13 -0.525 
-36.2 -0.13 -0.525 
-36.2 -0.13 -0.525 
-36.2 -0.13 -0.525 
-36.2 -0.13 -0.525 
-36.2 -0.13 -0.525 
-36.2 -0.13 -0.525 
-36.2 -0.13 -0.525 
-36.2 -0.13 -0.525 
-36.2 -0.13 -0.525 
-36.2 -0.13 -0.525 
-36.2 -0.13 -0.525 
-36.2 -0.13 -0.525 
-36.2 -0.13 -0.525 
-36.2 -0.13 -0.525 
-36.2 -0.13 -0.525 
-36.2 -0.13 -0.525 
-36.2 -0.13 -0.525 
-36.2 -0.13 -0.525 
-36.2 -0.13 -0.525 
-36.2 -0.13 -0.525 
-36.2 -0.13 -0.525 
-36.2 -0.13 -0.525 
-36.2 -0.13 -0.525 
-36.2 -0.13 -0.525 
-36.2 -0.13 -0.525 
-36.2 -0.13 -0.525 
-36.2 -0.13 -0.525 
-36.2 -0.13 -0.525 
-36.2 -0.13 -0.525 
-36.2 -0.13 -0.525 
-36.2 -0.13 -0.525 
-36.2 -0.13 -0.525 
-36.2 -0.13 -0.525 
-36.2 -0.13 -0.525 
-36.2 -0.13 -0.525 
-36.2 -0.13 -0.525 
-36.2 -0.13 -0.525 
-36.2 -0.13 -0.525 
-36.2 -0.13 -0.525 
-36.2 -0.13 -0.525 
-36.2 -0.13 -0.525 
-36.2 -0.13 -0.525 
-36.2 -0.13 -0.525 
-36.2 -0.13 -0.525 
-36.2 -0.13 -0.525 
-36.2 -0.13 -0.525 
-36.2 -0.13 -0.525 
-36.2 -0.13 -0.525 
-36.2 -0.13 -0.525 
-36.2 -0.13 -0.525 
-36.2 -0.13 -0.525 
-36.2 -0.13 -0.525 
-36.2 -0.13 -0.525 
-36.2 -0.13 -0.525 
-36.2 -0.13 -0.525 
-36.2 -0.13 -0.525 
-36.2 -0.13 -0.525 
-36.2 -0.13 -0.525 
-36.2 -0.13 -0.525 
-36.2 -0.13 -0.525 
-36.2 -0.13 -0.525 
-36.2 -0.13 -0.525 
-36.2 -0.13 -0.525 
-36.2 -0.13 -0.525 
-36.2 -0.13 -0.525 
-36.2 -0.13 -0.525 
-36.2 -0.13 -0.525 
-36.2 -0.13 -0.525 
-36.2 -0.13 -0.525 
-36.2 -0.13 -0.525 
-36.2 -0.13 -0.525 
-36.2 -0.13 -0.525 
-36.2 -0.13 -0.525 
-36.2 -0.13 -0.525 
-36.2 -0.13 -0.525 
-36.2 -0.13 -0.525 
-36.2 -0.13 -0.525 
-36.2 -0.13 -0.525 
-36.2 -0.13 -0.525 
-36.2 -0.13 -0.525 
-36.2 -0.13 -0.525 
-36.2 -0.13 -0.525 
-36.2 -0.13 -0.525 
-36.2 -0.13 -0.525 
-36.2 -0.13 -0.525 
-36.2 -0.13 -0.525 
-36.2 -0.13 -0.525 
-36.2 -0.13 -0.525 
-36.2 -0.13 -0.525 
-36.2 -0.13 -0.525 
-36.2 -0.13 -0.525 
-36.2 -0.13 -0.525 
-36.2 -0.13 -0.525 
-36.2 -0.13 -0.525 
-36.2 -0.13 -0.525 
-36.2 -0.13 -0.525 
-36.2 -0.13 -0.525 
-36.2 -0.13 -0.525 
-36.2 -0.13 -0.525 
-36.2 -0.13 -0.525 
-36.2 -0.13 -0.525 
-36.2 -0.13 -0.525 
-36.2 -0.13 -0.525 
-36.2 -0.13 -0.525 
-36.2 -0.13 -0.525 
-36.2 -0.13 -0.525 
-36.2 -0.13 -0.525 
-36.2 -0.13 -0.525 
-36.2 -0.13 -0.525 
-36.2 -0.13 -0.525 
-36.2 -0.13 -0.525 
-36.2 -0.13 -0.525 
-36.2 -0.13 -0.525 
-36.2 -0.13 -0.525 
-36.2 -0.13 -0.525 
-36.2 -0.13 -0.525 
-36.2 -0.13 -0.525 
-36.2 -0.13 -0.525 
-36.2 -0.13 -0.525 
-36.2 -0.13 -0.525 
-36.2 -0.13 -0.525 
-36.2 -0.13 -0.525 
-36.2 -0.13 -0.525 
-36.2 -0.13 -0.525 
-36.2 -0.13 -0.525 
-36.2 -0.13 -0.525 
-36.2 -0.13 -0.525 
-36.2 -0.13 -0.525 
-36.2 -0.13 -0.525 
-36.2 -0.13 -0.525 
-36.2 -0.13 -0.525 
-36.2 -0.13 -0.525 
-36.2 -0.13 -0.525 
-36.2 -0.13 -0.525 
-36.2 -0.13 -0.525 
-36.2 -0.13 -0.525 
-36.2 -0.13 -0.525 
-36.2 -0.13 -0.525 
-36.2 -0.13 -0.525 
-36.2 -0.13 -0.525 
-36.2 -0.13 -0.525 
-36.2 -0.13 -0.525 
-36.2 -0.13 -0.525 
-36.2 -0.13 -0.525 
-36.2 -0.13 -0.525 
-36.2 -0.13 -0.525 
-36.2 -0.13 -0.525 
-36.2 -0.13 -0.525 
-36.2 -0.13 -0.525 
-36.2 -0.13 -0.525 
-36.2 -0.13 -0.525 
-36.2 -0.13 -0.525 
-36.2 -0.13 -0.525 
-36.2 -0.13 -0.525 
-36.2 -0.13 -0.525 
-36.2 -0.13 -0.525 
-36.2 -0.13 -0.525 
-36.2 -0.13 -0.525 
-36.2 -0.13 -0.525 
-36.2 -0.13 -0.525 
-36.2 -0.13 -0.525 
-36.2 -0.13 -0.525 
-36.2 -0.13 -0.525 
-36.2 -0.13 -0.525 
-36.2 -0.13 -0.525 
-36.2 -0.13 -0.525 
-36.2 -0.13 -0.525 
-36.2 -0.13 -0.525 
-36.2 -0.13 -0.525 
-36.2 -0.13 -0.525 
-36.2 -0.13 -0.525 
-36.2 -0.13 -0.525 
-36.2 -0.13 -0.525 
-36.2 -0.13 -0.525 
-36.2 -0.13 -0.525 
-36.2 -0.13 -0.525 
-36.2 -0.13 -0.525 
-36.2 -0.13 -0.525 
-36.2 -0.13 -0.525 
-36.2 -0.13 -0.525 
-36.2 -0.13 -0.525 
-36.2 -0.13 -0.525 
-36.2 -0.13 -0.525 
-36.2 -0.13 -0.525 
-36.2 -0.13 -0.525 
-36.2 -0.13 -0.525 
-36.2 -0.13 -0.525 
-36.2 -0.13 -0.525 
-36.2 -0.13 -0.525 
-36.2 -0.13 -0.525 
-36.2 -0.13 -0.525 
-36.2 -0.13 -0.525 
-36.2 -0.13 -0.525 
-36.2 -0.13 -0.525 
-36.2 -0.13 -0.525 
-36.2 -0.13 -0.525 
-36.2 -0.13 -0.525 
-36.2 -0.13 -0.525 
-36.2 -0.13 -0.525 
-36.2 -0.13 -0.525 
-36.2 -0.13 -0.525 
-36.2 -0.13 -0.525 
-36.2 -0.13 -0.525 
-36.2 -0.13 -0.525 
-36.2 -0.13 -0.525 
-36.2 -0.13 -0.525 
-36.2 -0.13 -0.525 
-36.2 -0.13 -0.525 
-36.2 -0.13 -0.525 
-36.2 -0.13 -0.525 
-36.2 -0.13 -0.525 
-36.2 -0.13 -0.525 
-36.2 -0.13 -0.525 
-36.2 -0.13 -0.525 
-36.2 -0.13 -0.525 
-36.2 -0.13 -0.525 
-36.2 -0.13 -0.525 
-36.2 -0.13 -0.525 
-36.2 -0.13 -0.525 
-36.2 -0.13 -0.525 
-36.2 -0.13 -0.525 
-36.2 -0.13 -0.525 
-36.2 -0.13 -0.525 
-36.2 -0.13 -0.525 
-36.2 -0.13 -0.525 
-36.2 -0.13 -0.525 
-36.2 -0.13 -0.525 
-36.2 -0.13 -0.525 
-36.2 -0.13 -0.525 
-36.2 -0.13 -0.525 
-36.2 -0.13 -0.525 
-36.2 -0.13 -0.525 
-36.2 -0.13 -0.525 
-36.2 -0.13 -0.525 
-36.2 -0.13 -0.525 
-36.2 -0.13 -0.525 
-36.2 -0.13 -0.525 
-36.2 -0.13 -0.525 
-36.2 -0.13 -0.525 
-36.2 -0.13 -0.525 
-36.2 -0.13 -0.525 
-36.2 -0.13 -0.525 
-36.2 -0.13 -0.525 
-36.2 -0.13 -0.525 
-36.2 -0.13 -0.525 
-36.2 -0.13 -0.525 
-36.2 -0.13 -0.525 
-36.2 -0.13 -0.525 
-36.2 -0.13 -0.525 
-36.2 -0.13 -0.525 
-36.2 -0.13 -0.525 
-36.2 -0.13 -0.525 
-36.2 -0.13 -0.525 
-36.2 -0.13 -0.525 
-36.2 -0.13 -0.525 
-36.2 -0.13 -0.525 
-36.2 -0.13 -0.525 
-36.2 -0.13 -0.525 
-36.2 -0.13 -0.525 
-36.2 -0.13 -0.525 
-36.2 -0.13 -0.525 
-36.2 -0.13 -0.525 
-36.2 -0.13 -0.525 
-36.2 -0.13 -0.525 
-36.2 -0.13 -0.525 
-36.2 -0.13 -0.525 
-36.2 -0.13 -0.525 
-36.2 -0.13 -0.525 
-36.2 -0.13 -0.525 
-36.2 -0.13 -0.525 
-36.2 -0.13 -0.525 
-36.2 -0.13 -0.525 
-36.2 -0.13 -0.525 
-36.2 -0.13 -0.525 
-36.2 -0.13 -0.525 
-36.2 -0.13 -0.525 
-36.2 -0.13 -0.525 
-36.2 -0.13 -0.525 
-36.2 -0.13 -0.525 
-36.2 -0.13 -0.525 
-36.2 -0.13 -0.525 
-36.2 -0.13 -0.525 
-36.2 -0.13 -0.525 
-36.2 -0.13 -0.525 
-36.2 -0.13 -0.525 
-36.2 -0.13 -0.525 
-36.2 -0.13 -0.525 
-36.2 -0.13 -0.525 
-36.2 -0.13 -0.525 
-36.2 -0.13 -0.525 
-36.2 -0.13 -0.525 
-36.2 -0.13 -0.525 
-36.2 -0.13 -0.525 
-36.2 -0.13 -0.525 
-36.2 -0.13 -0.525 
-36.2 -0.13 -0.525 
-36.2 -0.13 -0.525 
-36.2 -0.13 -0.525 
-36.2 -0.13 -0.525 
-36.2 -0.13 -0.525 
-36.2 -0.13 -0.525 
-36.2 -0.13 -0.525 
-36.2 -0.13 -0.525 
-36.2 -0.13 -0.525 
-36.2 -0.13 -0.525 
-36.2 -0.13 -0.525 
-36.2 -0.13 -0.525 
-36.2 -0.13 -0.525 
-36.2 -0.13 -0.525 
-36.2 -0.13 -0.525 
-36.2 -0.13 -0.525 
-36.2 -0.13 -0.525 
-36.2 -0.13 -0.525 
-36.2 -0.13 -0.525 
-36.2 -0.13 -0.525 
-36.2 -0.13 -0.525 
-36.2 -0.13 -0.525 
-36.2 -0.13 -0.525 
-36.2 -0.13 -0.525 
-36.2 -0.13 -0.525 
-36.2 -0.13 -0.525 
-36.2 -0.13 -0.525 
-36.2 -0.13 -0.525 
-36.2 -0.13 -0.525 
-36.2 -0.13 -0.525 
-36.2 -0.13 -0.525 
-36.2 -0.13 -0.525 
-36.2 -0.13 -0.525 
-36.2 -0.13 -0.525 
-36.2 -0.13 -0.525 
-36.2 -0.13 -0.525 
-36.2 -0.13 -0.525 
-36.2 -0.13 -0.525 
-36.2 -0.13 -0.525 
-36.2 -0.13 -0.525 
-36.2 -0.13 -0.525 
-36.2 -0.13 -0.525 
-36.2 -0.13 -0.525 
-36.2 -0.13 -0.525 
-36.2 -0.13 -0.525 
-36.2 -0.13 -0.525 
-36.2 -0.13 -0.525 
-36.2 -0.13 -0.525 
-36.2 -0.13 -0.525 
-36.2 -0.13 -0.525 
-36.2 -0.13 -0.525 
-36.2 -0.13 -0.525 
-36.2 -0.13 -0.525 
-36.2 -0.13 -0.525 
-36.2 -0.13 -0.525 
-36.2 -0.13 -0.525 
-36.2 -0.13 -0.525 
-36.2 -0.13 -0.525 
-36.2 -0.13 -0.525 
-36.2 -0.13 -0.525 
-36.2 -0.13 -0.525 
-36.2 -0.13 -0.525 
-36.2 -0.13 -0.525 
-36.2 -0.13 -0.525 
-36.2 -0.13 -0.525 
-36.2 -0.13 -0.525 
-36.2 -0.13 -0.525 
-36.2 -0.13 -0.525 
-36.2 -0.13 -0.525 
-36.2 -0.13 -0.525 
-36.2 -0.13 -0.525 
-36.2 -0.13 -0.525 
-36.2 -0.13 -0.525 
-36.2 -0.13 -0.525 
-36.2 -0.13 -0.525 
-36.2 -0.13 -0.525 
-36.2 -0.13 -0.525 
-36.2 -0.13 -0.525 
-36.2 -0.13 -0.525 
-36.2 -0.13 -0.525 
-36.2 -0.13 -0.525 
-36.2 -0.13 -0.525 
-36.2 -0.13 -0.525 
-36.2 -0.13 -0.525 
-36.2 -0.13 -0.525 
-36.2 -0.13 -0.525 
-36.2 -0.13 -0.525 
-36.2 -0.13 -0.525 
-36.2 -0.13 -0.525 
-36.2 -0.13 -0.525 
-36.2 -0.13 -0.525 
-36.2 -0.13 -0.525 
-36.2 -0.13 -0.525 
-36.2 -0.13 -0.525 
-36.2 -0.13 -0.525 
-36.2 -0.13 -0.525 
-36.2 -0.13 -0.525 
-36.2 -0.13 -0.525 
-36.2 -0.13 -0.525 
-36.2 -0.13 -0.525 
-36.2 -0.13 -0.525 
-36.2 -0.13 -0.525 
-36.2 -0.13 -0.525 
-36.2 -0.13 -0.525 
-36.2 -0.13 -0.525 
-36.2 -0.13 -0.525 
-36.2 -0.13 -0.525 
-36.2 -0.13 -0.525 
-36.2 -0.13 -0.525 
-36.2 -0.13 -0.525 
-36.2 -0.13 -0.525 
-36.2 -0.13 -0.525 
-36.2 -0.13 -0.525 
-36.2 -0.13 -0.525 
-36.2 -0.13 -0.525 
-36.2 -0.13 -0.525 
-36.2 -0.13 -0.525 
-36.2 -0.13 -0.525 
-36.2 -0.13 -0.525 
-36.2 -0.13 -0.525 
-36.2 -0.13 -0.525 
-36.2 -0.13 -0.525 
-36.2 -0.13 -0.525 
-36.2 -0.13 -0.525 
-36.2 -0.13 -0.525 
-36.2 -0.13 -0.525 
-36.2 -0.13 -0.525 
-36.2 -0.13 -0.525 
-36.2 -0.13 -0.525 
-36.2 -0.13 -0.525 
-36.2 -0.13 -0.525 
-36.2 -0.13 -0.525 
-36.2 -0.13 -0.525 
-36.2 -0.13 -0.525 
-36.2 -0.13 -0.525 
-36.2 -0.13 -0.525 
-36.2 -0.13 -0.525 
-36.2 -0.13 -0.525 
-36.2 -0.13 -0.525 
-36.2 -0.13 -0.525 
-36.2 -0.13 -0.525 
-36.2 -0.13 -0.525 
-36.2 -0.13 -0.525 
-36.2 -0.13 -0.525 
-36.2 -0.13 -0.525 
-36.2 -0.13 -0.525 
-36.2 -0.13 -0.525 
-36.2 -0.13 -0.525 
-36.2 -0.13 -0.525 
-36.2 -0.13 -0.525 
-36.2 -0.13 -0.525 
-36.2 -0.13 -0.525 
-36.2 -0.13 -0.525 
-36.2 -0.13 -0.525 
-36.2 -0.13 -0.525 
-36.2 -0.13 -0.525 
-36.2 -0.13 -0.525 
-36.2 -0.13 -0.525 
-36.2 -0.13 -0.525 
-36.2 -0.13 -0.525 
-36.2 -0.13 -0.525 
-36.2 -0.13 -0.525 
-36.2 -0.13 -0.525 
-36.2 -0.13 -0.525 
-36.2 -0.13 -0.525 
-36.2 -0.13 -0.525 
-36.2 -0.13 -0.525 
-36.2 -0.13 -0.525 
-36.2 -0.13 -0.525 
-36.2 -0.13 -0.525 
-36.2 -0.13 -0.525 
-36.2 -0.13 -0.525 
-36.2 -0.13 -0.525 
-36.2 -0.13 -0.525 
-36.2 -0.13 -0.525 
-36.2 -0.13 -0.525 
-36.2 -0.13 -0.525 
-36.2 -0.13 -0.525 
-36.2 -0.13 -0.525 
-36.2 -0.13 -0.525 
-36.2 -0.13 -0.525 
-36.2 -0.13 -0.525 
-36.2 -0.13 -0.525 
-36.2 -0.13 -0.525 
-36.2 -0.13 -0.525 
-36.2 -0.13 -0.525 
-36.2 -0.13 -0.525 
-36.2 -0.13 -0.525 
-36.2 -0.13 -0.525 
-36.2 -0.13 -0.525 
-36.2 -0.13 -0.525 
-36.2 -0.13 -0.525 
-36.2 -0.13 -0.525 
-36.2 -0.13 -0.525 
-36.2 -0.13 -0.525 
-36.2 -0.13 -0.525 
-36.2 -0.13 -0.525 
-36.2 -0.13 -0.525 
-36.2 -0.13 -0.525 
-36.2 -0.13 -0.525 
-36.2 -0.13 -0.525 
-36.2 -0.13 -0.525 
-36.2 -0.13 -0.525 
-36.2 -0.13 -0.525 
-36.2 -0.13 -0.525 
-36.2 -0.13 -0.525 
-36.2 -0.13 -0.525 
-36.2 -0.13 -0.525 
-36.2 -0.13 -0.525 
-36.2 -0.13 -0.525 
-36.2 -0.13 -0.525 
-36.2 -0.13 -0.525 
-36.2 -0.13 -0.525 
-36.2 -0.13 -0.525 
-36.2 -0.13 -0.525 
-36.2 -0.13 -0.525 
-36.2 -0.13 -0.525 
-36.2 -0.13 -0.525 
-36.2 -0.13 -0.525 
-36.2 -0.13 -0.525 
-36.2 -0.13 -0.525 
-36.2 -0.13 -0.525 
-36.2 -0.13 -0.525 
-36.2 -0.13 -0.525 
-36.2 -0.13 -0.525 
-36.2 -0.13 -0.525 
-36.2 -0.13 -0.525 
-36.2 -0.13 -0.525 
-36.2 -0.13 -0.525 
-36.2 -0.13 -0.525 
-36.2 -0.13 -0.525 
-36.2 -0.13 -0.525 
-36.2 -0.13 -0.525 
-36.2 -0.13 -0.525 
-36.2 -0.13 -0.525 
-36.2 -0.13 -0.525 
-36.2 -0.13 -0.525 
-36.2 -0.13 -0.525 
-36.2 -0.13 -0.525 
-36.2 -0.13 -0.525 
-36.2 -0.13 -0.525 
-36.2 -0.13 -0.525 
-36.2 -0.13 -0.525 
-36.2 -0.13 -0.525 
-36.2 -0.13 -0.525 
-36.2 -0.13 -0.525 
-36.2 -0.13 -0.525 
-36.2 -0.13 -0.525 
-36.2 -0.13 -0.525 
-36.2 -0.13 -0.525 
-36.2 -0.13 -0.525 
-36.2 -0.13 -0.525 
-36.2 -0.13 -0.525 
-36.2 -0.13 -0.525 
-36.2 -0.13 -0.525 
-36.2 -0.13 -0.525 
-36.2 -0.13 -0.525 
-36.2 -0.13 -0.525 
-36.2 -0.13 -0.525 
-36.2 -0.13 -0.525 
-36.2 -0.13 -0.525 
-36.2 -0.13 -0.525 
-36.2 -0.13 -0.525 
-36.2 -0.13 -0.525 
-36.2 -0.13 -0.525 
-36.2 -0.13 -0.525 
-36.2 -0.13 -0.525 
-36.2 -0.13 -0.525 
-36.2 -0.13 -0.525 
-36.2 -0.13 -0.525 
-36.2 -0.13 -0.525 
-36.2 -0.13 -0.525 
-36.2 -0.13 -0.525 
-36.2 -0.13 -0.525 
-36.2 -0.13 -0.525 
-36.2 -0.13 -0.525 
-36.2 -0.13 -0.525 
-36.2 -0.13 -0.525 
-36.2 -0.13 -0.525 
-36.2 -0.13 -0.525 
-36.2 -0.13 -0.525 
-36.2 -0.13 -0.525 
-36.2 -0.13 -0.525 
-36.2 -0.13 -0.525 
-36.2 -0.13 -0.525 
-36.2 -0.13 -0.525 
-36.2 -0.13 -0.525 
-36.2 -0.13 -0.525 
-36.2 -0.13 -0.525 
-36.2 -0.13 -0.525 
-36.2 -0.13 -0.525 
-36.2 -0.13 -0.525 
-36.2 -0.13 -0.525 
-36.2 -0.13 -0.525 
-36.2 -0.13 -0.525 
-36.2 -0.13 -0.525 
-36.2 -0.13 -0.525 
-36.2 -0.13 -0.525 
-36.2 -0.13 -0.525 
-36.2 -0.13 -0.525 
-36.2 -0.13 -0.525 
-36.2 -0.13 -0.525 
-36.2 -0.13 -0.525 
-36.2 -0.13 -0.525 
-36.2 -0.13 -0.525 
-36.2 -0.13 -0.525 
-36.2 -0.13 -0.525 
-36.2 -0.13 -0.525 
-36.2 -0.13 -0.525 
-36.2 -0.13 -0.525 
-36.2 -0.13 -0.525 
-36.2 -0.13 -0.525 
-36.2 -0.13 -0.525 
-36.2 -0.13 -0.525 
-36.2 -0.13 -0.525 
-36.2 -0.13 -0.525 
-36.2 -0.13 -0.525 
-36.2 -0.13 -0.525 
-36.2 -0.13 -0.525 
-36.2 -0.13 -0.525 
-36.2 -0.13 -0.525 
-36.2 -0.13 -0.525 
-36.2 -0.13 -0.525 
-36.2 -0.13 -0.525 
-36.2 -0.13 -0.525 
-36.2 -0.13 -0.525 
-36.2 -0.13 -0.525 
-36.2 -0.13 -0.525 
-36.2 -0.13 -0.525 
-36.2 -0.13 -0.525 
-36.2 -0.13 -0.525 
-36.2 -0.13 -0.525 
-36.2 -0.13 -0.525 
-36.2 -0.13 -0.525 
-36.2 -0.13 -0.525 
-36.2 -0.13 -0.525 
-36.2 -0.13 -0.525 
-36.2 -0.13 -0.525 
-36.2 -0.13 -0.525 
-36.2 -0.13 -0.525 
-36.2 -0.13 -0.525 
-36.2 -0.13 -0.525 
-36.2 -0.13 -0.525 
-36.2 -0.13 -0.525 
-36.2 -0.13 -0.525 
-36.2 -0.13 -0.525 
-36.2 -0.13 -0.525 
-36.2 -0.13 -0.525 
-36.2 -0.13 -0.525 
-36.2 -0.13 -0.525 
-36.2 -0.13 -0.525 
-36.2 -0.13 -0.525 
-36.2 -0.13 -0.525 
-36.2 -0.13 -0.525 
-36.2 -0.13 -0.525 
-36.2 -0.13 -0.525 
-36.2 -0.13 -0.525 
-36.2 -0.13 -0.525 
-36.2 -0.13 -0.525 
-36.2 -0.13 -0.525 
-36.2 -0.13 -0.525 
-36.2 -0.13 -0.525 
-36.2 -0.13 -0.525 
-36.2 -0.13 -0.525 
-36.2 -0.13 -0.525 
-36.2 -0.13 -0.525 
-36.2 -0.13 -0.525 
-36.2 -0.13 -0.525 
-36.2 -0.13 -0.525 
-36.2 -0.13 -0.525 
-36.2 -0.13 -0.525 
-36.2 -0.13 -0.525 
-36.2 -0.13 -0.525 
-36.2 -0.13 -0.525 
-36.2 -0.13 -0.525 
-36.2 -0.13 -0.525 
-36.2 -0.13 -0.525 
-36.2 -0.13 -0.525 
-36.2 -0.13 -0.525 
-36.2 -0.13 -0.525 
-36.2 -0.13 -0.525 
-36.2 -0.13 -0.525 
-36.2 -0.13 -0.525 
-36.2 -0.13 -0.525 
-36.2 -0.13 -0.525 
-36.2 -0.13 -0.525 
-36.2 -0.13 -0.525 
-36.2 -0.13 -0.525 
-36.2 -0.13 -0.525 
-36.2 -0.13 -0.525 
-36.2 -0.13 -0.525 
-36.2 -0.13 -0.525 
-36.2 -0.13 -0.525 
-36.2 -0.13 -0.525 
-36.2 -0.13 -0.525 
-36.2 -0.13 -0.525 
-36.2 -0.13 -0.525 
-36.2 -0.13 -0.525 
-36.2 -0.13 -0.525 
-36.2 -0.13 -0.525 
-36.2 -0.13 -0.525 
-36.2 -0.13 -0.525 
-36.2 -0.13 -0.525 
-36.2 -0.13 -0.525 
-36.2 -0.13 -0.525 
-36.2 -0.13 -0.525 
-36.2 -0.13 -0.525 
-36.2 -0.13 -0.525 
-36.2 -0.13 -0.525 
-36.2 -0.13 -0.525 
-36.2 -0.13 -0.525 
-36.2 -0.13 -0.525 
-36.2 -0.13 -0.525 
-36.2 -0.13 -0.525 
-36.2 -0.13 -0.525 
-36.2 -0.13 -0.525 
-36.2 -0.13 -0.525 
-36.2 -0.13 -0.525 
-36.2 -0.13 -0.525 
-36.2 -0.13 -0.525 
-36.2 -0.13 -0.525 
-36.2 -0.13 -0.525 
-36.2 -0.13 -0.525 
-36.2 -0.13 -0.525 
-36.2 -0.13 -0.525 
-36.2 -0.13 -0.525 
-36.2 -0.13 -0.525 
-36.2 -0.13 -0.525 
-36.2 -0.13 -0.525 
-36.2 -0.13 -0.525 
-36.2 -0.13 -0.525 
-36.2 -0.13 -0.525 
-36.2 -0.13 -0.525 
-36.2 -0.13 -0.525 
-36.2 -0.13 -0.525 
-36.2 -0.13 -0.525 
-36.2 -0.13 -0.525 
-36.2 -0.13 -0.525 
-36.2 -0.13 -0.525 
-36.2 -0.13 -0.525 
-36.2 -0.13 -0.525 
-36.2 -0.13 -0.525 
-36.2 -0.13 -0.525 
-36.2 -0.13 -0.525 
-36.2 -0.13 -0.525 
-36.2 -0.13 -0.525 
-36.2 -0.13 -0.525 
-36.2 -0.13 -0.525 
-36.2 -0.13 -0.525 
-36.2 -0.13 -0.525 
-36.2 -0.13 -0.525 
-36.2 -0.13 -0.525 
-36.2 -0.13 -0.525 
-36.2 -0.13 -0.525 
-36.2 -0.13 -0.525 
-36.2 -0.13 -0.525 
-36.2 -0.13 -0.525 
-36.2 -0.13 -0.525 
-36.2 -0.13 -0.525 
-36.2 -0.13 -0.525 
-36.2 -0.13 -0.525 
-36.2 -0.13 -0.525 
-36.2 -0.13 -0.525 
-36.2 -0.13 -0.525 
-36.2 -0.13 -0.525 
-36.2 -0.13 -0.525 
-36.2 -0.13 -0.525 
-36.2 -0.13 -0.525 
-36.2 -0.13 -0.525 
-36.2 -0.13 -0.525 
-36.2 -0.13 -0.525 
-36.2 -0.13 -0.525 
-36.2 -0.13 -0.525 
-36.2 -0.13 -0.525 
-36.2 -0.13 -0.525 
-36.2 -0.13 -0.525 
-36.2 -0.13 -0.525 
-36.2 -0.13 -0.525 
-36.2 -0.13 -0.525 
-36.2 -0.13 -0.525 
-36.2 -0.13 -0.525 
-36.2 -0.13 -0.525 
-36.2 -0.13 -0.525 
-36.2 -0.13 -0.525 
-36.2 -0.13 -0.525 
-36.2 -0.13 -0.525 
-36.2 -0.13 -0.525 
-36.2 -0.13 -0.525 
-36.2 -0.13 -0.525 
-36.2 -0.13 -0.525 
-36.2 -0.13 -0.525 
-36.2 -0.13 -0.525 
-36.2 -0.13 -0.525 
-36.2 -0.13 -0.525 
-36.2 -0.13 -0.525 
-36.2 -0.13 -0.525 
-36.2 -0.13 -0.525 
-36.2 -0.13 -0.525 
-36.2 -0.13 -0.525 
-36.2 -0.13 -0.525 
-36.2 -0.13 -0.525 
-36.2 -0.13 -0.525 
-36.2 -0.13 -0.525 
-36.2 -0.13 -0.525 
-36.2 -0.13 -0.525 
-36.2 -0.13 -0.525 
-36.2 -0.13 -0.525 
-36.2 -0.13 -0.525 
-36.2 -0.13 -0.525 
-36.2 -0.13 -0.525 
-36.2 -0.13 -0.525 
-36.2 -0.13 -0.525 
-36.2 -0.13 -0.525 
-36.2 -0.13 -0.525 
-36.2 -0.13 -0.525 
-36.2 -0.13 -0.525 
-36.2 -0.13 -0.525 
-36.2 -0.13 -0.525 
-36.2 -0.13 -0.525 
-36.2 -0.13 -0.525 
-36.2 -0.13 -0.525 
-36.2 -0.13 -0.525 
-36.2 -0.13 -0.525 
-36.2 -0.13 -0.525 
-36.2 -0.13 -0.525 
-36.2 -0.13 -0.525 
-36.2 -0.13 -0.525 
-36.2 -0.13 -0.525 
-36.2 -0.13 -0.525 
-36.2 -0.13 -0.525 
-36.2 -0.13 -0.525 
-36.2 -0.13 -0.525 
-36.2 -0.13 -0.525 
-36.2 -0.13 -0.525 
-36.2 -0.13 -0.525 
-36.2 -0.13 -0.525 
-36.2 -0.13 -0.525 
-36.2 -0.13 -0.525 
-36.2 -0.13 -0.525 
-36.2 -0.13 -0.525 
-36.2 -0.13 -0.525 
-36.2 -0.13 -0.525 
-36.2 -0.13 -0.525 
-36.2 -0.13 -0.525 
-36.2 -0.13 -0.525 
-36.2 -0.13 -0.525 
-36.2 -0.13 -0.525 
-36.2 -0.13 -0.525 
-36.2 -0.13 -0.525 
-36.2 -0.13 -0.525 
-36.2 -0.13 -0.525 
-36.2 -0.13 -0.525 
-36.2 -0.13 -0.525 
-36.2 -0.13 -0.525 
-36.2 -0.13 -0.525 
-36.2 -0.13 -0.525 
-36.2 -0.13 -0.525 
-36.2 -0.13 -0.525 
-36.2 -0.13 -0.525 
-36.2 -0.13 -0.525 
-36.2 -0.13 -0.525 
-36.2 -0.13 -0.525 
-36.2 -0.13 -0.525 
-36.2 -0.13 -0.525 
-36.2 -0.13 -0.525 
-36.2 -0.13 -0.525 
-36.2 -0.13 -0.525 
-36.2 -0.13 -0.525 
-36.2 -0.13 -0.525 
-36.2 -0.13 -0.525 
-36.2 -0.13 -0.525 
-36.2 -0.13 -0.525 
-36.2 -0.13 -0.525 
-36.2 -0.13 -0.525 
-36.2 -0.13 -0.525 
-36.2 -0.13 -0.525 
-36.2 -0.13 -0.525 
-36.2 -0.13 -0.525 
-36.2 -0.13 -0.525 
-36.2 -0.13 -0.525 
-36.2 -0.13 -0.525 
-36.2 -0.13 -0.525 
-36.2 -0.13 -0.525 
-36.2 -0.13 -0.525 
-36.2 -0.13 -0.525 
-36.2 -0.13 -0.525 
-36.2 -0.13 -0.525 
-36.2 -0.13 -0.525 
-36.2 -0.13 -0.525 
-36.2 -0.13 -0.525 
-36.2 -0.13 -0.525 
-36.2 -0.13 -0.525 
-36.2 -0.13 -0.525 
-36.2 -0.13 -0.525 
-36.2 -0.13 -0.525 
-36.2 -0.13 -0.525 
-36.2 -0.13 -0.525 
-36.2 -0.13 -0.525 
-36.2 -0.13 -0.525 
-36.2 -0.13 -0.525 
-36.2 -0.13 -0.525 
-36.2 -0.13 -0.525 
-36.2 -0.13 -0.525 
-36.2 -0.13 -0.525 
-36.2 -0.13 -0.525 
-36.2 -0.13 -0.525 
-36.2 -0.13 -0.525 
-36.2 -0.13 -0.525 
-36.2 -0.13 -0.525 
-36.2 -0.13 -0.525 
-36.2 -0.13 -0.525 
-36.2 -0.13 -0.525 
-36.2 -0.13 -0.525 
-36.2 -0.13 -0.525 
-36.2 -0.13 -0.525 
-36.2 -0.13 -0.525 
-36.2 -0.13 -0.525 
-36.2 -0.13 -0.525 
-36.2 -0.13 -0.525 
-36.2 -0.13 -0.525 
-36.2 -0.13 -0.525 
-36.2 -0.13 -0.525 
-36.2 -0.13 -0.525 
-36.2 -0.13 -0.525 
-36.2 -0.13 -0.525 
-36.2 -0.13 -0.525 
-36.2 -0.13 -0.525 
-36.2 -0.13 -0.525 
-36.2 -0.13 -0.525 
-36.2 -0.13 -0.525 
-36.2 -0.13 -0.525 
-36.2 -0.13 -0.525 
-36.2 -0.13 -0.525 
-36.2 -0.13 -0.525 
-36.2 -0.13 -0.525 
-36.2 -0.13 -0.525 
-36.2 -0.13 -0.525 
-36.2 -0.13 -0.525 
-36.2 -0.13 -0.525 
-36.2 -0.13 -0.525 
-36.2 -0.13 -0.525 
-36.2 -0.13 -0.525 
-36.2 -0.13 -0.525 
-36.2 -0.13 -0.525 
-36.2 -0.13 -0.525 
-36.2 -0.13 -0.525 
-36.2 -0.13 -0.525 
-36.2 -0.13 -0.525 
-36.2 -0.13 -0.525 
-36.2 -0.13 -0.525 
-36.2 -0.13 -0.525 
-36.2 -0.13 -0.525 
-36.2 -0.13 -0.525 
-36.2 -0.13 -0.525 
-36.2 -0.13 -0.525 
-36.2 -0.13 -0.525 
-36.2 -0.13 -0.525 
-36.2 -0.13 -0.525 
-36.2 -0.13 -0.525 
-36.2 -0.13 -0.525 
-36.2 -0.13 -0.525 
-36.2 -0.13 -0.525 
-36.2 -0.13 -0.525 
-36.2 -0.13 -0.525 
-36.2 -0.13 -0.525 
-36.2 -0.13 -0.525 
-36.2 -0.13 -0.525 
-36.2 -0.13 -0.525 
-36.2 -0.13 -0.525 
-36.2 -0.13 -0.525 
-36.2 -0.13 -0.525 
-36.2 -0.13 -0.525 
-36.2 -0.13 -0.525 
-36.2 -0.13 -0.525 
-36.2 -0.13 -0.525 
-36.2 -0.13 -0.525 
-36.2 -0.13 -0.525 
-36.2 -0.13 -0.525 
-36.2 -0.13 -0.525 
-36.2 -0.13 -0.525 
-36.2 -0.13 -0.525 
-36.2 -0.13 -0.525 
-36.2 -0.13 -0.525 
-36.2 -0.13 -0.525 
-36.2 -0.13 -0.525 
-36.2 -0.13 -0.525 
-36.2 -0.13 -0.525 
-36.2 -0.13 -0.525 
-36.2 -0.13 -0.525 
-36.2 -0.13 -0.525 
-36.2 -0.13 -0.525 
-36.2 -0.13 -0.525 
-36.2 -0.13 -0.525 
-36.2 -0.13 -0.525 
-36.2 -0.13 -0.525 
-36.2 -0.13 -0.525 
-36.2 -0.13 -0.525 
-36.2 -0.13 -0.525 
-36.2 -0.13 -0.525 
-36.2 -0.13 -0.525 
-36.2 -0.13 -0.525 
-36.2 -0.13 -0.525 
-36.2 -0.13 -0.525 
-36.2 -0.13 -0.525 
-36.2 -0.13 -0.525 
-36.2 -0.13 -0.525 
-36.2 -0.13 -0.525 
-36.2 -0.13 -0.525 
-36.2 -0.13 -0.525 
-36.2 -0.13 -0.525 
-36.2 -0.13 -0.525 
-36.2 -0.13 -0.525 
-36.2 -0.13 -0.525 
-36.2 -0.13 -0.525 
-36.2 -0.13 -0.525 
-36.2 -0.13 -0.525 
-36.2 -0.13 -0.525 
-36.2 -0.13 -0.525 
-36.2 -0.13 -0.525 
-36.2 -0.13 -0.525 
-36.2 -0.13 -0.525 
-36.2 -0.13 -0.525 
-36.2 -0.13 -0.525 
-36.2 -0.13 -0.525 
-36.2 -0.13 -0.525 
-36.2 -0.13 -0.525 
-36.2 -0.13 -0.525 
-36.2 -0.13 -0.525 
-36.2 -0.13 -0.525 
-36.2 -0.13 -0.525 
-36.2 -0.13 -0.525 
-36.2 -0.13 -0.525 
-36.2 -0.13 -0.525 
-36.2 -0.13 -0.525 
-36.2 -0.13 -0.525 
-36.2 -0.13 -0.525 
-36.2 -0.13 -0.525 
-36.2 -0.13 -0.525 
-36.2 -0.13 -0.525 
-36.2 -0.13 -0.525 
-36.2 -0.13 -0.525 
-36.2 -0.13 -0.525 
-36.2 -0.13 -0.525 
-36.2 -0.13 -0.525 
-36.2 -0.13 -0.525 
-36.2 -0.13 -0.525 
-36.2 -0.13 -0.525 
-36.2 -0.13 -0.525 
-36.2 -0.13 -0.525 
-36.2 -0.13 -0.525 
-36.2 -0.13 -0.525 
-36.2 -0.13 -0.525 
-36.2 -0.13 -0.525 
-36.2 -0.13 -0.525 
-36.2 -0.13 -0.525 
-36.2 -0.13 -0.525 
-36.2 -0.13 -0.525 
-36.2 -0.13 -0.525 
-36.2 -0.13 -0.525 
-36.2 -0.13 -0.525 
-36.2 -0.13 -0.525 
-36.2 -0.13 -0.525 
-36.2 -0.13 -0.525 
-36.2 -0.13 -0.525 
-36.2 -0.13 -0.525 
-36.2 -0.13 -0.525 
-36.2 -0.13 -0.525 
-36.2 -0.13 -0.525 
-36.2 -0.13 -0.525 
-36.2 -0.13 -0.525 
-36.2 -0.13 -0.525 
-36.2 -0.13 -0.525 
-36.2 -0.13 -0.525 
-36.2 -0.13 -0.525 
-36.2 -0.13 -0.525 
-36.2 -0.13 -0.525 
-36.2 -0.13 -0.525 
-36.2 -0.13 -0.525 
-36.2 -0.13 -0.525 
-36.2 -0.13 -0.525 
-36.2 -0.13 -0.525 
-36.2 -0.13 -0.525 
-36.2 -0.13 -0.525 
-36.2 -0.13 -0.525 
-36.2 -0.13 -0.525 
-36.2 -0.13 -0.525 
-36.2 -0.13 -0.525 
-36.2 -0.13 -0.525 
-36.2 -0.13 -0.525 
-36.2 -0.13 -0.525 
-36.2 -0.13 -0.525 
-36.2 -0.13 -0.525 
-36.2 -0.13 -0.525 
-36.2 -0.13 -0.525 
-36.2 -0.13 -0.525 
-36.2 -0.13 -0.525 
-36.2 -0.13 -0.525 
-36.2 -0.13 -0.525 
-36.2 -0.13 -0.525 
-36.2 -0.13 -0.525 
-36.2 -0.13 -0.525 
-36.2 -0.13 -0.525 
-36.2 -0.13 -0.525 
-36.2 -0.13 -0.525 
-36.2 -0.13 -0.525 
-36.2 -0.13 -0.525 
-36.2 -0.13 -0.525 
-36.2 -0.13 -0.525 
-36.2 -0.13 -0.525 
-36.2 -0.13 -0.525 
-36.2 -0.13 -0.525 
-36.2 -0.13 -0.525 
-36.2 -0.13 -0.525 
-36.2 -0.13 -0.525 
-36.2 -0.13 -0.525 
-36.2 -0.13 -0.525 
-36.2 -0.13 -0.525 
-36.2 -0.13 -0.525 
-36.2 -0.13 -0.525 
-36.2 -0.13 -0.525 
-36.2 -0.13 -0.525 
-36.2 -0.13 -0.525 
-36.2 -0.13 -0.525 
-36.2 -0.13 -0.525 
-36.2 -0.13 -0.525 
-36.2 -0.13 -0.525 
-36.2 -0.13 -0.525 
-36.2 -0.13 -0.525 
-36.2 -0.13 -0.525 
-36.2 -0.13 -0.525 
-36.2 -0.13 -0.525 
-36.2 -0.13 -0.525 
-36.2 -0.13 -0.525 
-36.2 -0.13 -0.525 
-36.2 -0.13 -0.525 
-36.2 -0.13 -0.525 
-36.2 -0.13 -0.525 
-36.2 -0.13 -0.525 
-36.2 -0.13 -0.525 
-36.2 -0.13 -0.525 
-36.2 -0.13 -0.525 
-36.2 -0.13 -0.525 
-36.2 -0.13 -0.525 
-36.2 -0.13 -0.525 
-36.2 -0.13 -0.525 
-36.2 -0.13 -0.525 
-36.2 -0.13 -0.525 
-36.2 -0.13 -0.525 
-36.2 -0.13 -0.525 
-36.2 -0.13 -0.525 
-36.2 -0.13 -0.525 
-36.2 -0.13 -0.525 
-36.2 -0.13 -0.525 
-36.2 -0.13 -0.525 
-36.2 -0.13 -0.525 
-36.2 -0.13 -0.525 
-36.2 -0.13 -0.525 
-36.2 -0.13 -0.525 
-36.2 -0.13 -0.525 
-36.2 -0.13 -0.525 
-36.2 -0.13 -0.525 
-36.2 -0.13 -0.525 
-36.2 -0.13 -0.525 
-36.2 -0.13 -0.525 
-36.2 -0.13 -0.525 
-36.2 -0.13 -0.525 
-36.2 -0.13 -0.525 
-36.2 -0.13 -0.525 
-36.2 -0.13 -0.525 
-36.2 -0.13 -0.525 
-36.2 -0.13 -0.525 
-36.2 -0.13 -0.525 
-36.2 -0.13 -0.525 
-36.2 -0.13 -0.525 
-36.2 -0.13 -0.525 
-36.2 -0.13 -0.525 
-36.2 -0.13 -0.525 
-36.2 -0.13 -0.525 
-36.2 -0.13 -0.525 
-36.2 -0.13 -0.525 
-36.2 -0.13 -0.525 
-36.2 -0.13 -0.525 
-36.2 -0.13 -0.525 
-36.2 -0.13 -0.525 
-36.2 -0.13 -0.525 
-36.2 -0.13 -0.525 
-36.2 -0.13 -0.525 
-36.2 -0.13 -0.525 
-36.2 -0.13 -0.525 
-36.2 -0.13 -0.525 
-36.2 -0.13 -0.525 
-36.2 -0.13 -0.525 
-36.2 -0.13 -0.525 
-36.2 -0.13 -0.525 
-36.2 -0.13 -0.525 
-36.2 -0.13 -0.525 
-36.2 -0.13 -0.525 
-36.2 -0.13 -0.525 
-36.2 -0.13 -0.525 
-36.2 -0.13 -0.525 
-36.2 -0.13 -0.525 
-36.2 -0.13 -0.525 
-36.2 -0.13 -0.525 
-36.2 -0.13 -0.525 
-36.2 -0.13 -0.525 
-36.2 -0.13 -0.525 
-36.2 -0.13 -0.525 
-36.2 -0.13 -0.525 
-36.2 -0.13 -0.525 
-36.2 -0.13 -0.525 
-36.2 -0.13 -0.525 
-36.2 -0.13 -0.525 
-36.2 -0.13 -0.525 
-36.2 -0.13 -0.525 
-36.2 -0.13 -0.525 
-36.2 -0.13 -0.525 
-36.2 -0.13 -0.525 
-36.2 -0.13 -0.525 
-36.2 -0.13 -0.525 
-36.2 -0.13 -0.525 
-36.2 -0.13 -0.525 
-36.2 -0.13 -0.525 
-36.2 -0.13 -0.525 
-36.2 -0.13 -0.525 
-36.2 -0.13 -0.525 
-36.2 -0.13 -0.525 
-36.2 -0.13 -0.525 
-36.2 -0.13 -0.525 
-36.2 -0.13 -0.525 
-36.2 -0.13 -0.525 
-36.2 -0.13 -0.525 
-36.2 -0.13 -0.525 
-36.2 -0.13 -0.525 
-36.2 -0.13 -0.525 
-36.2 -0.13 -0.525 
-36.2 -0.13 -0.525 
-36.2 -0.13 -0.525 
-36.2 -0.13 -0.525 
-36.2 -0.13 -0.525 
-36.2 -0.13 -0.525 
-36.2 -0.13 -0.525 
-36.2 -0.13 -0.525 
-36.2 -0.13 -0.525 
-36.2 -0.13 -0.525 
-36.2 -0.13 -0.525 
-36.2 -0.13 -0.525 
-36.2 -0.13 -0.525 
-36.2 -0.13 -0.525 
-36.2 -0.13 -0.525 
-36.2 -0.13 -0.525 
-36.2 -0.13 -0.525 
-36.2 -0.13 -0.525 
-36.2 -0.13 -0.525 
-36.2 -0.13 -0.525 
-36.2 -0.13 -0.525 
-36.2 -0.13 -0.525 
-36.2 -0.13 -0.525 
-36.2 -0.13 -0.525 
-36.2 -0.13 -0.525 
-36.2 -0.13 -0.525 
-36.2 -0.13 -0.525 
-36.2 -0.13 -0.525 
-36.2 -0.13 -0.525 
-36.2 -0.13 -0.525 
-36.2 -0.13 -0.525 
-36.2 -0.13 -0.525 
-36.2 -0.13 -0.525 
-36.2 -0.13 -0.525 
-36.2 -0.13 -0.525 
-36.2 -0.13 -0.525 
-36.2 -0.13 -0.525 
-36.2 -0.13 -0.525 
-36.2 -0.13 -0.525 
-36.2 -0.13 -0.525 
-36.2 -0.13 -0.525 
-36.2 -0.13 -0.525 
-36.2 -0.13 -0.525 
-36.2 -0.13 -0.525 
-36.2 -0.13 -0.525 
-36.2 -0.13 -0.525 
-36.2 -0.13 -0.525 
-36.2 -0.13 -0.525 
-36.2 -0.13 -0.525 
-36.2 -0.13 -0.525 
-36.2 -0.13 -0.525 
-36.2 -0.13 -0.525 
-36.2 -0.13 -0.525 
-36.2 -0.13 -0.525 
-36.2 -0.13 -0.525 
-36.2 -0.13 -0.525 
-36.2 -0.13 -0.525 
-36.2 -0.13 -0.525 
-36.2 -0.13 -0.525 
-36.2 -0.13 -0.525 
-36.2 -0.13 -0.525 
-36.2 -0.13 -0.525 
-36.2 -0.13 -0.525 
-36.2 -0.13 -0.525 
-36.2 -0.13 -0.525 
-36.2 -0.13 -0.525 
-36.2 -0.13 -0.525 
-36.2 -0.13 -0.525 
-36.2 -0.13 -0.525 
-36.2 -0.13 -0.525 
-36.2 -0.13 -0.525 
-36.2 -0.13 -0.525 
-36.2 -0.13 -0.525 
-36.2 -0.13 -0.525 
-36.2 -0.13 -0.525 
-36.2 -0.13 -0.525 
-36.2 -0.13 -0.525 
-36.2 -0.13 -0.525 
-36.2 -0.13 -0.525 
-36.2 -0.13 -0.525 
-36.2 -0.13 -0.525 
-36.2 -0.13 -0.525 
-36.2 -0.13 -0.525 
-36.2 -0.13 -0.525 
-36.2 -0.13 -0.525 
-36.2 -0.13 -0.525 
-36.2 -0.13 -0.525 
-36.2 -0.13 -0.525 
-36.2 -0.13 -0.525 
-36.2 -0.13 -0.525 
-36.2 -0.13 -0.525 
-36.2 -0.13 -0.525 
-36.2 -0.13 -0.525 
-36.2 -0.13 -0.525 
-36.2 -0.13 -0.525 
-36.2 -0.13 -0.525 
-36.2 -0.13 -0.525 
-36.2 -0.13 -0.525 
-36.2 -0.13 -0.525 
-36.2 -0.13 -0.525 
-36.2 -0.13 -0.525 
-36.2 -0.13 -0.525 
-36.2 -0.13 -0.525 
-36.2 -0.13 -0.525 
-36.2 -0.13 -0.525 
-36.2 -0.13 -0.525 
-36.2 -0.13 -0.525 
-36.2 -0.13 -0.525 
-36.2 -0.13 -0.525 
-36.2 -0.13 -0.525 
-36.2 -0.13 -0.525 
-36.2 -0.13 -0.525 
-36.2 -0.13 -0.525 
-36.2 -0.13 -0.525 
-36.2 -0.13 -0.525 
-36.2 -0.13 -0.525 
-36.2 -0.13 -0.525 
-36.2 -0.13 -0.525 
-36.2 -0.13 -0.525 
-36.2 -0.13 -0.525 
-36.2 -0.13 -0.525 
-36.2 -0.13 -0.525 
-36.2 -0.13 -0.525 
-36.2 -0.13 -0.525 
-36.2 -0.13 -0.525 
-36.2 -0.13 -0.525 
-36.2 -0.13 -0.525 
-36.2 -0.13 -0.525 
-36.2 -0.13 -0.525 
-36.2 -0.13 -0.525 
-36.2 -0.13 -0.525 
-36.2 -0.13 -0.525 
-36.2 -0.13 -0.525 
-36.2 -0.13 -0.525 
-36.2 -0.13 -0.525 
-36.2 -0.13 -0.525 
-36.2 -0.13 -0.525 
-36.2 -0.13 -0.525 
-36.2 -0.13 -0.525 
-36.2 -0.13 -0.525 
-36.2 -0.13 -0.525 
-36.2 -0.13 -0.525 
-36.2 -0.13 -0.525 
-36.2 -0.13 -0.525 
-36.2 -0.13 -0.525 
-36.2 -0.13 -0.525 
-36.2 -0.13 -0.525 
-36.2 -0.13 -0.525 
-36.2 -0.13 -0.525 
-36.2 -0.13 -0.525 
-36.2 -0.13 -0.525 
-36.2 -0.13 -0.525 
-36.2 -0.13 -0.525 
-36.2 -0.13 -0.525 
-36.2 -0.13 -0.525 
-36.2 -0.13 -0.525 
-36.2 -0.13 -0.525 
-36.2 -0.13 -0.525 
-36.2 -0.13 -0.525 
-36.2 -0.13 -0.525 
-36.2 -0.13 -0.525 
-36.2 -0.13 -0.525 
-36.2 -0.13 -0.525 
-36.2 -0.13 -0.525 
-36.2 -0.13 -0.525 
-36.2 -0.13 -0.525 
-36.2 -0.13 -0.525 
-36.2 -0.13 -0.525 
-36.2 -0.13 -0.525 
-36.2 -0.13 -0.525 
-36.2 -0.13 -0.525 
-36.2 -0.13 -0.525 
-36.2 -0.13 -0.525 
-36.2 -0.13 -0.525 
-36.2 -0.13 -0.525 
-36.2 -0.13 -0.525 
-36.2 -0.13 -0.525 
-36.2 -0.13 -0.525 
-36.2 -0.13 -0.525 
-36.2 -0.13 -0.525 
-36.2 -0.13 -0.525 
-36.2 -0.13 -0.525 
-36.2 -0.13 -0.525 
-36.2 -0.13 -0.525 
-36.2 -0.13 -0.525 
-36.2 -0.13 -0.525 
-36.2 -0.13 -0.525 
-36.2 -0.13 -0.525 
-36.2 -0.13 -0.525 
-36.2 -0.13 -0.525 
-36.2 -0.13 -0.525 
-36.2 -0.13 -0.525 
-36.2 -0.13 -0.525 
-36.2 -0.13 -0.525 
-36.2 -0.13 -0.525 
-36.2 -0.13 -0.525 
-36.2 -0.13 -0.525 
-36.2 -0.13 -0.525 
-36.2 -0.13 -0.525 
-36.2 -0.13 -0.525 
-36.2 -0.13 -0.525 
-36.2 -0.13 -0.525 
-36.2 -0.13 -0.525 
-36.2 -0.13 -0.525 
-36.2 -0.13 -0.525 
-36.2 -0.13 -0.525 
-36.2 -0.13 -0.525 
-36.2 -0.13 -0.525 
-36.2 -0.13 -0.525 
-36.2 -0.13 -0.525 
-36.2 -0.13 -0.525 
-36.2 -0.13 -0.525 
-36.2 -0.13 -0.525 
-36.2 -0.13 -0.525 
-36.2 -0.13 -0.525 
-36.2 -0.13 -0.525 
-36.2 -0.13 -0.525 
-36.2 -0.13 -0.525 
-36.2 -0.13 -0.525 
-36.2 -0.13 -0.525 
-36.2 -0.13 -0.525 
-36.2 -0.13 -0.525 
-36.2 -0.13 -0.525 
-36.2 -0.13 -0.525 
-36.2 -0.13 -0.525 
-36.2 -0.13 -0.525 
-36.2 -0.13 -0.525 
-36.2 -0.13 -0.525 
-36.2 -0.13 -0.525 
-36.2 -0.13 -0.525 
-36.2 -0.13 -0.525 
-36.2 -0.13 -0.525 
-36.2 -0.13 -0.525 
-36.2 -0.13 -0.525 
-36.2 -0.13 -0.525 
-36.2 -0.13 -0.525 
-36.2 -0.13 -0.525 
-36.2 -0.13 -0.525 
-36.2 -0.13 -0.525 
-36.2 -0.13 -0.525 
-36.2 -0.13 -0.525 
-36.2 -0.13 -0.525 
-36.2 -0.13 -0.525 
-36.2 -0.13 -0.525 
-36.2 -0.13 -0.525 
-36.2 -0.13 -0.525 
-36.2 -0.13 -0.525 
-36.2 -0.13 -0.525 
-36.2 -0.13 -0.525 
-36.2 -0.13 -0.525 
-36.2 -0.13 -0.525 
-36.2 -0.13 -0.525 
-36.2 -0.13 -0.525 
-36.2 -0.13 -0.525 
-36.2 -0.13 -0.525 
-36.2 -0.13 -0.525 
-36.2 -0.13 -0.525 
-36.2 -0.13 -0.525 
-36.2 -0.13 -0.525 
-36.2 -0.13 -0.525 
-36.2 -0.13 -0.525 
-36.2 -0.13 -0.525 
-36.2 -0.13 -0.525 
-36.2 -0.13 -0.525 
-36.2 -0.13 -0.525 
-36.2 -0.13 -0.525 
-36.2 -0.13 -0.525 
-36.2 -0.13 -0.525 
-36.2 -0.13 -0.525 
-36.2 -0.13 -0.525 
-36.2 -0.13 -0.525 
-36.2 -0.13 -0.525 
-36.2 -0.13 -0.525 
-36.2 -0.13 -0.525 
-36.2 -0.13 -0.525 
-36.2 -0.13 -0.525 
-36.2 -0.13 -0.525 
-36.2 -0.13 -0.525 
-36.2 -0.13 -0.525 
-36.2 -0.13 -0.525 
-36.2 -0.13 -0.525 
-36.2 -0.13 -0.525 
-36.2 -0.13 -0.525 
-36.2 -0.13 -0.525 
-36.2 -0.13 -0.525 
-36.2 -0.13 -0.525 
-36.2 -0.13 -0.525 
-36.2 -0.13 -0.525 
-36.2 -0.13 -0.525 
-36.2 -0.13 -0.525 
-36.2 -0.13 -0.525 
-36.2 -0.13 -0.525 
-36.2 -0.13 -0.525 
-36.2 -0.13 -0.525 
-36.2 -0.13 -0.525 
-36.2 -0.13 -0.525 
-36.2 -0.13 -0.525 
-36.2 -0.13 -0.525 
-36.2 -0.13 -0.525 
-36.2 -0.13 -0.525 
-36.2 -0.13 -0.525 
-36.2 -0.13 -0.525 
-36.2 -0.13 -0.525 
-36.2 -0.13 -0.525 
-36.2 -0.13 -0.525 
-36.2 -0.13 -0.525 
-36.2 -0.13 -0.525 
-36.2 -0.13 -0.525 
-36.2 -0.13 -0.525 
-36.2 -0.13 -0.525 
-36.2 -0.13 -0.525 
-36.2 -0.13 -0.525 
-36.2 -0.13 -0.525 
-36.2 -0.13 -0.525 
-36.2 -0.13 -0.525 
-36.2 -0.13 -0.525 
-36.2 -0.13 -0.525 
-36.2 -0.13 -0.525 
-36.2 -0.13 -0.525 
-36.2 -0.13 -0.525 
-36.2 -0.13 -0.525 
-36.2 -0.13 -0.525 
-36.2 -0.13 -0.525 
-36.2 -0.13 -0.525 
-36.2 -0.13 -0.525 
-36.2 -0.13 -0.525 
-36.2 -0.13 -0.525 
-36.2 -0.13 -0.525 
-36.2 -0.13 -0.525 
-36.2 -0.13 -0.525 
-36.2 -0.13 -0.525 
-36.2 -0.13 -0.525 
-36.2 -0.13 -0.525 
-36.2 -0.13 -0.525 
-36.2 -0.13 -0.525 
-36.2 -0.13 -0.525 
-36.2 -0.13 -0.525 
-36.2 -0.13 -0.525 
-36.2 -0.13 -0.525 
-36.2 -0.13 -0.525 
-36.2 -0.13 -0.525 
-36.2 -0.13 -0.525 
-36.2 -0.13 -0.525 
-36.2 -0.13 -0.525 
-36.2 -0.13 -0.525 
-36.2 -0.13 -0.525 
-36.2 -0.13 -0.525 
-36.2 -0.13 -0.525 
-36.2 -0.13 -0.525 
-36.2 -0.13 -0.525 
-36.2 -0.13 -0.525 
-36.2 -0.13 -0.525 
-36.2 -0.13 -0.525 
-36.2 -0.13 -0.525 
-36.2 -0.13 -0.525 
-36.2 -0.13 -0.525 
-36.2 -0.13 -0.525 
-36.2 -0.13 -0.525 
-36.2 -0.13 -0.525 
-36.2 -0.13 -0.525 
-36.2 -0.13 -0.525 
-36.2 -0.13 -0.525 
-36.2 -0.13 -0.525 
-36.2 -0.13 -0.525 
-36.2 -0.13 -0.525 
-36.2 -0.13 -0.525 
-36.2 -0.13 -0.525 
-36.2 -0.13 -0.525 
-36.2 -0.13 -0.525 
-36.2 -0.13 -0.525 
-36.2 -0.13 -0.525 
-36.2 -0.13 -0.525 
-36.2 -0.13 -0.525 
-36.2 -0.13 -0.525 
-36.2 -0.13 -0.525 
-36.2 -0.13 -0.525 
-36.2 -0.13 -0.525 
-36.2 -0.13 -0.525 
-36.2 -0.13 -0.525 
-36.2 -0.13 -0.525 
-36.2 -0.13 -0.525 
-36.2 -0.13 -0.525 
-36.2 -0.13 -0.525 
-36.2 -0.13 -0.525 
-36.2 -0.13 -0.525 
-36.2 -0.13 -0.525 
-36.2 -0.13 -0.525 
-36.2 -0.13 -0.525 
-36.2 -0.13 -0.525 
-36.2 -0.13 -0.525 
-36.2 -0.13 -0.525 
-36.2 -0.13 -0.525 
-36.2 -0.13 -0.525 
-36.2 -0.13 -0.525 
-36.2 -0.13 -0.525 
-36.2 -0.13 -0.525 
-36.2 -0.13 -0.525 
-36.2 -0.13 -0.525 
-36.2 -0.13 -0.525 
-36.2 -0.13 -0.525 
-36.2 -0.13 -0.525 
-36.2 -0.13 -0.525 
-36.2 -0.13 -0.525 
-36.2 -0.13 -0.525 
-36.2 -0.13 -0.525 
-36.2 -0.13 -0.525 
-36.2 -0.13 -0.525 
-36.2 -0.13 -0.525 
-36.2 -0.13 -0.525 
-36.2 -0.13 -0.525 
-36.2 -0.13 -0.525 
-36.2 -0.13 -0.525 
-36.2 -0.13 -0.525 
-36.2 -0.13 -0.525 
-36.2 -0.13 -0.525 
-36.2 -0.13 -0.525 
-36.2 -0.13 -0.525 
-36.2 -0.13 -0.525 
-36.2 -0.13 -0.525 
-36.2 -0.13 -0.525 
-36.2 -0.13 -0.525 
-36.2 -0.13 -0.525 
-36.2 -0.13 -0.525 
-36.2 -0.13 -0.525 
-36.2 -0.13 -0.525 
-36.2 -0.13 -0.525 
-36.2 -0.13 -0.525 
-36.2 -0.13 -0.525 
-36.2 -0.13 -0.525 
-36.2 -0.13 -0.525 
-36.2 -0.13 -0.525 
-36.2 -0.13 -0.525 
-36.2 -0.13 -0.525 
-36.2 -0.13 -0.525 
-36.2 -0.13 -0.525 
-36.2 -0.13 -0.525 
-36.2 -0.13 -0.525 
-36.2 -0.13 -0.525 
-36.2 -0.13 -0.525 
-36.2 -0.13 -0.525 
-36.2 -0.13 -0.525 
-36.2 -0.13 -0.525 
-36.2 -0.13 -0.525 
-36.2 -0.13 -0.525 
-36.2 -0.13 -0.525 
-36.2 -0.13 -0.525 
-36.2 -0.13 -0.525 
-36.2 -0.13 -0.525 
-36.2 -0.13 -0.525 
-36.2 -0.13 -0.525 
-36.2 -0.13 -0.525 
-36.2 -0.13 -0.525 
-36.2 -0.13 -0.525 
-36.2 -0.13 -0.525 
-36.2 -0.13 -0.525 
-36.2 -0.13 -0.525 
-36.2 -0.13 -0.525 
-36.2 -0.13 -0.525 
-36.2 -0.13 -0.525 
-36.2 -0.13 -0.525 
-36.2 -0.13 -0.525 
-36.2 -0.13 -0.525 
-36.2 -0.13 -0.525 
-36.2 -0.13 -0.525 
-36.2 -0.13 -0.525 
-36.2 -0.13 -0.525 
-36.2 -0.13 -0.525 
-36.2 -0.13 -0.525 
-36.2 -0.13 -0.525 
-36.2 -0.13 -0.525 
-36.2 -0.13 -0.525 
-36.2 -0.13 -0.525 
-36.2 -0.13 -0.525 
-36.2 -0.13 -0.525 
-36.2 -0.13 -0.525 
-36.2 -0.13 -0.525 
-36.2 -0.13 -0.525 
-36.2 -0.13 -0.525 
-36.2 -0.13 -0.525 
-36.2 -0.13 -0.525 
-36.2 -0.13 -0.525 
-36.2 -0.13 -0.525 
-36.2 -0.13 -0.525 
-36.2 -0.13 -0.525 
-36.2 -0.13 -0.525 
-36.2 -0.13 -0.525 
-36.2 -0.13 -0.525 
-36.2 -0.13 -0.525 
-36.2 -0.13 -0.525 
-36.2 -0.13 -0.525 
-36.2 -0.13 -0.525 
-36.2 -0.13 -0.525 
-36.2 -0.13 -0.525 
-36.2 -0.13 -0.525 
-36.2 -0.13 -0.525 
-36.2 -0.13 -0.525 
-36.2 -0.13 -0.525 
-36.2 -0.13 -0.525 
-36.2 -0.13 -0.525 
-36.2 -0.13 -0.525 
-36.2 -0.13 -0.525 
-36.2 -0.13 -0.525 
-36.2 -0.13 -0.525 
-36.2 -0.13 -0.525 
-36.2 -0.13 -0.525 
-36.2 -0.13 -0.525 
-36.2 -0.13 -0.525 
-36.2 -0.13 -0.525 
-36.2 -0.13 -0.525 
-36.2 -0.13 -0.525 
-36.2 -0.13 -0.525 
-36.2 -0.13 -0.525 
-36.2 -0.13 -0.525 
-36.2 -0.13 -0.525 
-36.2 -0.13 -0.525 
-36.2 -0.13 -0.525 
-36.2 -0.13 -0.525 
-36.2 -0.13 -0.525 
-36.2 -0.13 -0.525 
-36.2 -0.13 -0.525 
-36.2 -0.13 -0.525 
-36.2 -0.13 -0.525 
-36.2 -0.13 -0.525 
-36.2 -0.13 -0.525 
-36.2 -0.13 -0.525 
-36.2 -0.13 -0.525 
-36.2 -0.13 -0.525 
-36.2 -0.13 -0.525 
-36.2 -0.13 -0.525 
-36.2 -0.13 -0.525 
-36.2 -0.13 -0.525 
-36.2 -0.13 -0.525 
-36.2 -0.13 -0.525 
-36.2 -0.13 -0.525 
-36.2 -0.13 -0.525 
-36.2 -0.13 -0.525 
-36.2 -0.13 -0.525 
-36.2 -0.13 -0.525 
-36.2 -0.13 -0.525 
-36.2 -0.13 -0.525 
-36.2 -0.13 -0.525 
-36.2 -0.13 -0.525 
-36.2 -0.13 -0.525 
-36.2 -0.13 -0.525 
-36.2 -0.13 -0.525 
-36.2 -0.13 -0.525 
-36.2 -0.13 -0.525 
-36.2 -0.13 -0.525 
-36.2 -0.13 -0.525 
-36.2 -0.13 -0.525 
-36.2 -0.13 -0.525 
-36.2 -0.13 -0.525 
-36.2 -0.13 -0.525 
-36.2 -0.13 -0.525 
-36.2 -0.13 -0.525 
-36.2 -0.13 -0.525 
-36.2 -0.13 -0.525 
-36.2 -0.13 -0.525 
-36.2 -0.13 -0.525 
-36.2 -0.13 -0.525 
-36.2 -0.13 -0.525 
-36.2 -0.13 -0.525 
-36.2 -0.13 -0.525 
-36.2 -0.13 -0.525 
-36.2 -0.13 -0.525 
-36.2 -0.13 -0.525 
-36.2 -0.13 -0.525 
-36.2 -0.13 -0.525 
-36.2 -0.13 -0.525 
-36.2 -0.13 -0.525 
-36.2 -0.13 -0.525 
-36.2 -0.13 -0.525 
-36.2 -0.13 -0.525 
-36.2 -0.13 -0.525 
-36.2 -0.13 -0.525 
-36.2 -0.13 -0.525 
-36.2 -0.13 -0.525 
-36.2 -0.13 -0.525 
-36.2 -0.13 -0.525 
-36.2 -0.13 -0.525 
-36.2 -0.13 -0.525 
-36.2 -0.13 -0.525 
-36.2 -0.13 -0.525 
-36.2 -0.13 -0.525 
-36.2 -0.13 -0.525 
-36.2 -0.13 -0.525 
-36.2 -0.13 -0.525 
-36.2 -0.13 -0.525 
-36.2 -0.13 -0.525 
-36.2 -0.13 -0.525 
-36.2 -0.13 -0.525 
-36.2 -0.13 -0.525 
-36.2 -0.13 -0.525 
-36.2 -0.13 -0.525 
-36.2 -0.13 -0.525 
-36.2 -0.13 -0.525 
-36.2 -0.13 -0.525 
-36.2 -0.13 -0.525 
-36.2 -0.13 -0.525 
-36.2 -0.13 -0.525 
-36.2 -0.13 -0.525 
-36.2 -0.13 -0.525 
-36.2 -0.13 -0.525 
-36.2 -0.13 -0.525 
