75.9 0.0794 -0.272 
75.9 0.0204 -0.284 
75.9 0.0753 -0.239 
75.9 0.0979 -0.247 
75.8 0.131 -0.234 
75.9 0.157 -0.187 
75.9 0.217 -0.148 
75.9 0.316 -0.115 
75.9 0.324 -0.0747 
75.9 0.412 -0.0403 
75.8 0.482 -0.0044 
75.8 0.532 0.0438 
75.9 0.674 0.0781 
75.9 0.405 0.137 
75.9 0.41 0.191 
75.9 0.744 0.184 
75.8 0.693 0.168 
75.8 0.813 0.155 
75.8 0.797 0.165 
75.8 0.836 0.166 
75.8 0.828 0.158 
75.8 0.808 0.157 
75.8 0.785 0.157 
75.8 0.757 0.156 
75.8 0.769 0.159 
75.8 0.761 0.161 
75.8 0.745 0.163 
75.8 0.763 0.159 
75.8 0.743 0.154 
75.8 0.707 0.155 
75.8 0.753 0.152 
75.8 0.763 0.151 
75.8 0.722 0.154 
75.8 0.776 0.147 
75.7 0.775 0.143 
75.8 0.766 0.146 
75.8 0.764 0.145 
75.8 0.765 0.145 
75.8 0.765 0.147 
75.8 0.819 0.15 
75.9 0.92 0.0914 
75.8 0.826 0.122 
75.8 0.847 0.142 
75.8 0.842 0.139 
75.8 0.873 0.14 
75.8 0.894 0.14 
75.8 0.918 0.12 
75.8 0.915 0.116 
75.8 0.863 0.112 
75.8 0.775 0.121 
75.8 0.761 0.123 
75.9 0.702 0.129 
75.9 0.669 0.133 
75.9 0.62 0.143 
75.9 0.621 0.144 
75.9 0.584 0.145 
75.9 0.592 0.148 
75.9 0.549 0.151 
75.9 0.548 0.149 
75.9 0.535 0.148 
75.9 0.529 0.148 
75.8 0.469 0.141 
75.8 0.476 0.142 
75.8 0.478 0.139 
75.8 0.496 0.136 
75.9 0.448 0.0569 
75.8 0.481 0.128 
75.8 0.498 0.127 
75.8 0.447 0.114 
75.8 0.454 0.12 
75.8 0.479 0.119 
75.8 0.505 0.119 
75.8 0.493 0.109 
75.8 0.485 0.11 
75.8 0.526 0.106 
75.8 0.507 0.106 
75.8 0.504 0.105 
75.8 0.521 0.102 
75.8 0.501 0.0987 
75.8 0.503 0.0907 
75.7 0.55 0.0796 
75.7 0.599 0.0687 
75.7 0.587 0.066 
75.7 0.565 0.0634 
75.7 0.577 0.069 
75.7 0.525 0.076 
75.7 0.528 0.0816 
75.7 0.559 0.0796 
75.8 0.513 0.0848 
75.7 0.439 0.0928 
75.8 0.49 0.104 
75.8 0.462 0.0984 
75.8 0.479 0.0993 
75.8 0.418 0.107 
75.8 0.416 0.11 
75.8 0.405 0.116 
75.8 0.466 0.12 
75.8 0.558 0.109 
75.9 0.388 0.0773 
75.9 0.401 0.0943 
75.9 0.455 0.0973 
75.9 0.441 0.101 
75.9 0.415 0.106 
75.9 0.39 0.115 
75.9 0.412 0.127 
75.9 0.35 0.0764 
75.9 0.29 0.0828 
75.9 0.401 0.0938 
75.9 0.349 0.0844 
75.9 0.289 0.0751 
76 0.253 0.0678 
75.9 0.447 0.129 
75.9 0.288 0.0816 
75.9 0.41 0.125 
75.9 0.266 0.0909 
75.9 0.344 0.109 
75.9 0.326 0.0966 
75.9 0.363 0.0931 
75.9 0.422 0.0826 
75.9 0.423 0.0415 
75.8 0.535 0.0807 
75.8 0.534 0.0683 
75.8 0.558 0.0601 
75.8 0.564 0.0594 
75.9 0.637 0.0332 
75.8 0.594 0.0471 
75.8 0.59 0.0286 
75.9 0.6 0.0315 
75.8 0.6 0.045 
75.8 0.554 0.0452 
75.8 0.582 0.0444 
75.8 0.583 0.0381 
75.8 0.577 0.0396 
75.8 0.588 0.0342 
75.8 0.58 0.034 
75.8 0.585 0.0359 
75.8 0.574 0.0338 
75.8 0.573 0.0351 
75.8 0.579 0.0347 
75.8 0.561 0.0364 
75.8 0.606 0.0334 
75.8 0.608 0.0295 
75.8 0.606 0.029 
75.8 0.601 0.0283 
75.8 0.598 0.0303 
75.8 0.602 0.0297 
75.8 0.598 0.0288 
75.8 0.595 0.0294 
75.8 0.594 0.0287 
75.8 0.589 0.0265 
75.8 0.591 0.0256 
75.8 0.609 0.0203 
75.8 0.608 0.017 
75.8 0.604 0.022 
75.8 0.604 0.0182 
75.8 0.603 0.023 
75.8 0.583 0.017 
75.8 0.587 0.0178 
75.8 0.58 0.0208 
75.8 0.587 0.0187 
75.8 0.591 0.0188 
75.8 0.589 0.0173 
75.8 0.593 0.016 
75.8 0.591 0.0152 
75.9 0.592 0.013 
75.9 0.594 0.0111 
75.9 0.6 0.00764 
75.9 0.598 0.00815 
75.9 0.6 0.00618 
75.9 0.602 0.00661 
75.9 0.602 0.00709 
75.9 0.602 0.00559 
75.9 0.602 0.00616 
75.9 0.602 0.0069 
75.9 0.595 0.01 
75.9 0.603 0.00996 
75.9 0.597 0.0099 
75.9 0.585 0.0103 
75.9 0.592 0.011 
75.9 0.594 0.0112 
75.9 0.589 0.00726 
75.9 0.606 0.00642 
75.9 0.604 0.00687 
76 0.623 0.000867 
76 0.593 -0.00437 
76 0.587 -0.00817 
76 0.583 -0.0141 
76.1 0.579 -0.0176 
76.1 0.572 -0.0187 
76.1 0.54 -0.0137 
76.1 0.567 -0.022 
76.1 0.55 -0.0224 
76.1 0.552 -0.0234 
76.1 0.552 -0.0224 
76.1 0.553 -0.0315 
76.1 0.553 -0.0391 
76.1 0.553 -0.0431 
76.1 0.546 -0.047 
76.1 0.567 -0.0465 
76.2 0.541 -0.0486 
76.2 0.597 -0.053 
76.2 0.501 -0.0491 
76.2 0.48 -0.0407 
76.2 0.476 -0.0405 
76.2 0.47 -0.0413 
76.2 0.46 -0.0371 
76.2 0.426 -0.033 
76.2 0.428 -0.0308 
76.2 0.404 -0.0283 
76.2 0.371 -0.0229 
76.2 0.36 -0.0175 
76.2 0.291 -0.0121 
76.2 0.291 -0.00565 
76.2 0.294 -0.00567 
76.2 0.295 -0.00579 
76.2 0.284 -0.00414 
76.2 0.279 -0.00251 
76.2 0.279 -0.00144 
76.2 0.282 -0.0021 
76.2 0.285 -0.00484 
76.2 0.285 -0.00388 
76.2 0.284 -0.00419 
76.2 0.286 -0.00284 
76.2 0.289 -0.00133 
76.2 0.29 -0.00122 
76.4 0.209 0.0182 
76.2 0.304 0.00481 
76.2 0.304 0.00626 
76.2 0.303 0.00205 
76.2 0.297 0.0027 
76.2 0.297 0.000677 
76.2 0.299 0.0038 
76.2 0.305 0.0028 
76.2 0.303 0.00313 
76.2 0.311 0.00378 
76.2 0.307 0.00319 
76.1 0.308 0.00775 
76.2 0.31 0.00286 
76.1 0.298 0.00957 
76.1 0.311 0.0066 
76.1 0.317 0.00303 
76.1 0.321 0.00283 
76.2 0.334 -0.00101 
76.2 0.334 -0.000782 
76.2 0.333 -0.00325 
76.2 0.337 -0.000284 
76.2 0.323 0.000377 
76.2 0.32 0.00154 
76.2 0.321 7.16e-05 
76.2 0.317 -0.00285 
76.2 0.31 -0.0031 
76.2 0.299 -0.00361 
76.2 0.288 -0.00333 
76.2 0.268 -0.00245 
76.2 0.266 -0.00165 
76.2 0.248 9.76e-05 
76.2 0.238 0.0023 
76.2 0.225 0.00568 
76.2 0.194 0.0115 
76.2 0.187 0.0154 
76.2 0.178 0.019 
76.2 0.162 0.0234 
76.2 0.158 0.0234 
76.1 0.155 0.0229 
76.1 0.155 0.0225 
76.1 0.148 0.0212 
76.1 0.15 0.0221 
76.1 0.148 0.0201 
76.1 0.148 0.0209 
76.1 0.147 0.0207 
76.1 0.149 0.0212 
76.1 0.151 0.0217 
76.1 0.151 0.022 
76.1 0.143 0.0244 
76.1 0.144 0.026 
76.1 0.142 0.0288 
76.1 0.142 0.0289 
76.1 0.135 0.0314 
76.1 0.133 0.035 
76.1 0.134 0.036 
76.2 0.131 0.0396 
76.2 0.131 0.0431 
76.2 0.128 0.0468 
76.2 0.122 0.0515 
76.2 0.123 0.0563 
76.2 0.128 0.0606 
76.2 0.132 0.0666 
76.1 0.133 0.0719 
76.2 0.135 0.0777 
76.1 0.141 0.0833 
76.1 0.138 0.0909 
76.1 0.139 0.0991 
76.1 0.142 0.106 
76.1 0.145 0.114 
76.1 0.147 0.12 
76.1 0.148 0.127 
76.1 0.148 0.133 
76.1 0.146 0.14 
76.1 0.147 0.146 
76.1 0.146 0.152 
76.1 0.145 0.156 
76.1 0.151 0.161 
76.1 0.15 0.161 
76.1 0.156 0.17 
76.1 0.157 0.168 
76.1 0.158 0.171 
76.1 0.158 0.173 
76.1 0.159 0.173 
76.1 0.16 0.173 
76.1 0.157 0.172 
76.1 0.155 0.173 
76.1 0.155 0.174 
76.1 0.153 0.175 
76.1 0.153 0.178 
76.2 0.154 0.181 
76.2 0.162 0.176 
76.2 0.155 0.184 
76.2 0.157 0.189 
76.2 0.157 0.19 
76.2 0.158 0.194 
76.2 0.159 0.193 
76.2 0.161 0.197 
76.2 0.162 0.196 
76.1 0.163 0.201 
76.1 0.163 0.202 
76.1 0.164 0.206 
76.1 0.163 0.208 
76.2 0.16 0.211 
76.2 0.16 0.211 
76.2 0.156 0.213 
76.4 0.2 0.383 
76.2 0.156 0.209 
76.2 0.143 0.219 
76.2 0.142 0.219 
76.2 0.14 0.22 
76.2 0.138 0.22 
76.2 0.137 0.216 
76.2 0.132 0.219 
76.2 0.132 0.219 
76.3 0.128 0.218 
76.3 0.127 0.217 
76.3 0.122 0.215 
76.3 0.122 0.215 
76.3 0.118 0.212 
76.3 0.121 0.213 
76.3 0.116 0.21 
76.3 0.117 0.21 
76.3 0.114 0.207 
76.3 0.115 0.207 
76.3 0.113 0.203 
76.3 0.112 0.204 
76.3 0.111 0.202 
76.3 0.112 0.201 
76.3 0.113 0.198 
76.3 0.114 0.198 
76.3 0.115 0.195 
76.3 0.115 0.193 
76.3 0.116 0.193 
76.3 0.118 0.193 
76.3 0.118 0.193 
76.3 0.118 0.193 
76.3 0.117 0.195 
76.3 0.117 0.194 
76.3 0.115 0.195 
76.3 0.116 0.195 
76.3 0.115 0.195 
76.3 0.115 0.194 
76.3 0.116 0.193 
76.3 0.116 0.191 
76.3 0.116 0.189 
76.3 0.116 0.189 
76.3 0.115 0.187 
76.3 0.115 0.186 
76.3 0.115 0.186 
76.4 0.115 0.186 
76.4 0.111 0.188 
76.4 0.11 0.186 
76.4 0.109 0.186 
76.4 0.107 0.186 
76.4 0.104 0.187 
76.4 0.0995 0.19 
76.4 0.101 0.189 
76.4 0.0976 0.19 
76.4 0.0974 0.192 
76.4 0.0986 0.19 
76.4 0.1 0.187 
76.4 0.101 0.186 
76.4 0.102 0.184 
76.4 0.103 0.181 
76.4 0.102 0.181 
76.4 0.102 0.179 
76.4 0.101 0.179 
76.4 0.0988 0.177 
76.4 0.0969 0.177 
76.4 0.0939 0.176 
76.4 0.0964 0.176 
76.5 0.0966 0.174 
76.5 0.0968 0.174 
76.5 0.0967 0.172 
76.5 0.0984 0.172 
76.5 0.098 0.17 
76.5 0.0982 0.168 
76.5 0.097 0.166 
76.5 0.0984 0.165 
76.5 0.0968 0.162 
76.5 0.094 0.16 
76.5 0.0929 0.162 
76.5 0.0924 0.163 
76.5 0.0918 0.164 
76.5 0.0918 0.166 
76.5 0.092 0.167 
76.5 0.0948 0.169 
76.5 0.0946 0.168 
76.5 0.0976 0.17 
76.5 0.0942 0.174 
76.5 0.0918 0.177 
76.5 0.0889 0.178 
76.5 0.0871 0.181 
76.5 0.0868 0.181 
76.5 0.0835 0.184 
76.5 0.0823 0.184 
76.5 0.0823 0.185 
76.5 0.0828 0.188 
76.5 0.0813 0.188 
76.5 0.0813 0.188 
76.5 0.0802 0.19 
76.5 0.0796 0.189 
76.5 0.0791 0.189 
76.5 0.0787 0.19 
76.6 0.0781 0.19 
76.5 0.077 0.191 
76.5 0.0775 0.191 
76.6 0.0772 0.191 
76.6 0.0761 0.191 
76.6 0.0755 0.191 
76.6 0.0755 0.191 
76.6 0.075 0.193 
76.6 0.0731 0.193 
76.6 0.0739 0.194 
76.6 0.0726 0.195 
76.6 0.0734 0.195 
76.6 0.0729 0.195 
76.6 0.0711 0.195 
76.6 0.0704 0.195 
76.6 0.0696 0.195 
76.6 0.069 0.195 
76.6 0.0675 0.194 
76.6 0.0686 0.196 
76.6 0.0679 0.196 
76.6 0.0686 0.195 
76.6 0.0677 0.195 
76.6 0.0677 0.193 
76.6 0.067 0.193 
76.6 0.0693 0.192 
76.6 0.0678 0.192 
76.6 0.0698 0.19 
76.6 0.0692 0.188 
76.6 0.067 0.186 
76.6 0.0641 0.186 
76.6 0.063 0.187 
76.6 0.0618 0.188 
76.6 0.0592 0.187 
76.6 0.0614 0.188 
76.6 0.0649 0.187 
76.6 0.0659 0.187 
76.6 0.0665 0.186 
76.6 0.0647 0.188 
76.6 0.0614 0.188 
76.6 0.0599 0.188 
76.6 0.0579 0.188 
76.6 0.0561 0.187 
76.6 0.0529 0.187 
76.6 0.0507 0.186 
76.6 0.0506 0.186 
76.7 0.0482 0.186 
76.7 0.0459 0.185 
76.7 0.0454 0.184 
76.7 0.0434 0.184 
76.6 0.0367 0.182 
76.6 0.0342 0.182 
76.6 0.0326 0.183 
76.6 0.0318 0.183 
76.6 0.0312 0.183 
76.6 0.0262 0.192 
76.6 0.0295 0.185 
76.6 0.0272 0.186 
76.6 0.0242 0.189 
76.6 0.0217 0.192 
76.6 0.0191 0.194 
76.6 0.0162 0.196 
76.6 0.014 0.197 
76.6 0.0128 0.198 
76.6 0.0133 0.199 
76.6 0.013 0.199 
76.6 0.014 0.198 
76.6 0.0136 0.198 
76.7 0.0165 0.199 
76.6 0.0151 0.196 
76.6 0.016 0.196 
76.7 0.0161 0.196 
76.7 0.0151 0.196 
76.7 0.015 0.196 
76.7 0.0148 0.195 
76.7 0.0153 0.195 
76.7 0.0148 0.195 
76.7 0.0144 0.195 
76.7 0.0127 0.194 
76.7 0.0126 0.195 
76.7 0.0122 0.195 
76.7 0.0117 0.195 
76.7 0.0125 0.195 
76.7 0.0116 0.195 
76.7 0.0116 0.195 
76.7 0.0114 0.195 
76.7 0.0102 0.195 
76.7 0.01 0.195 
76.7 0.00906 0.195 
76.7 0.00755 0.195 
76.7 0.00701 0.196 
76.7 0.00597 0.196 
76.7 0.0049 0.195 
76.7 0.0042 0.194 
76.7 0.00268 0.193 
76.7 0.000629 0.194 
76.7 -0.00115 0.193 
76.7 -0.00354 0.193 
76.7 -0.00587 0.193 
76.7 -0.00766 0.193 
76.7 -0.00699 0.19 
76.7 -0.00849 0.19 
76.8 -0.0791 0.191 
76.7 -0.0106 0.195 
76.7 -0.0112 0.189 
76.7 -0.0128 0.189 
76.7 -0.0133 0.189 
76.7 -0.0143 0.189 
76.7 -0.0157 0.191 
76.7 -0.0186 0.193 
76.7 -0.0193 0.193 
76.7 -0.0207 0.193 
76.7 -0.0213 0.194 
76.8 -0.0233 0.195 
76.8 -0.0239 0.196 
76.8 -0.0253 0.196 
76.8 -0.0265 0.196 
76.8 -0.0296 0.195 
76.8 -0.0285 0.195 
76.8 -0.0628 0.168 
76.8 -0.0328 0.195 
76.8 -0.0325 0.191 
76.8 -0.032 0.191 
76.8 -0.032 0.189 
76.7 -0.0326 0.187 
76.7 -0.0313 0.185 
76.7 -0.0324 0.186 
76.7 -0.0328 0.181 
76.7 -0.0329 0.182 
76.7 -0.034 0.183 
76.7 -0.0334 0.183 
76.7 -0.0341 0.183 
76.7 -0.0329 0.183 
76.7 -0.0318 0.183 
76.7 -0.0316 0.183 
76.7 -0.0304 0.184 
76.7 -0.0317 0.184 
76.7 -0.0324 0.185 
76.7 -0.0342 0.185 
76.7 -0.0347 0.186 
76.7 -0.0344 0.186 
76.7 -0.0359 0.186 
76.7 -0.0379 0.187 
76.7 -0.0387 0.188 
76.7 -0.0402 0.189 
76.7 -0.0402 0.189 
76.7 -0.0406 0.19 
76.7 -0.042 0.191 
76.7 -0.043 0.192 
76.7 -0.0438 0.192 
76.7 -0.0467 0.193 
76.7 -0.0466 0.193 
76.7 -0.0501 0.193 
76.7 -0.0501 0.194 
76.7 -0.0532 0.194 
76.7 -0.0524 0.194 
76.7 -0.0559 0.193 
76.7 -0.0564 0.194 
76.7 -0.056 0.194 
76.7 -0.0593 0.193 
76.7 -0.059 0.193 
76.7 -0.0586 0.194 
76.7 -0.0609 0.193 
76.7 -0.0606 0.193 
76.7 -0.0609 0.193 
76.8 -0.062 0.192 
76.8 -0.0616 0.192 
76.8 -0.0617 0.192 
76.8 -0.0628 0.192 
76.8 -0.063 0.192 
76.8 -0.0635 0.192 
76.8 -0.0644 0.191 
76.8 -0.0642 0.192 
76.8 -0.0666 0.192 
76.8 -0.0664 0.193 
76.8 -0.068 0.192 
76.8 -0.0678 0.192 
76.8 -0.0694 0.19 
76.8 -0.0692 0.19 
76.8 -0.0697 0.188 
76.7 -0.0719 0.186 
76.8 -0.0713 0.186 
76.8 -0.0712 0.186 
76.8 -0.0722 0.185 
76.8 -0.0719 0.185 
76.8 -0.0719 0.185 
76.8 -0.0721 0.184 
76.8 -0.0734 0.184 
76.8 -0.074 0.184 
76.8 -0.0739 0.184 
76.8 -0.074 0.183 
76.8 -0.0751 0.183 
76.8 -0.0753 0.183 
76.8 -0.0759 0.183 
76.8 -0.0763 0.183 
76.8 -0.0772 0.182 
76.8 -0.0773 0.182 
76.8 -0.0776 0.182 
76.8 -0.0774 0.182 
76.8 -0.0787 0.181 
76.8 -0.0789 0.182 
76.8 -0.0796 0.182 
76.8 -0.0795 0.182 
76.8 -0.08 0.182 
76.8 -0.0799 0.182 
76.8 -0.0812 0.18 
76.8 -0.0801 0.181 
76.8 -0.0805 0.18 
76.8 -0.0814 0.18 
76.8 -0.0821 0.18 
76.8 -0.0823 0.179 
76.8 -0.0827 0.179 
76.8 -0.0831 0.178 
76.8 -0.0837 0.178 
76.8 -0.0843 0.178 
76.8 -0.0846 0.178 
76.8 -0.0855 0.178 
76.8 -0.0859 0.178 
76.8 -0.0861 0.178 
76.8 -0.0859 0.177 
76.8 -0.0863 0.177 
76.8 -0.0861 0.177 
76.8 -0.0862 0.177 
76.8 -0.0861 0.177 
76.8 -0.0861 0.178 
76.8 -0.0859 0.177 
76.8 -0.0857 0.177 
76.8 -0.0855 0.177 
76.8 -0.0856 0.178 
76.8 -0.0856 0.177 
76.8 -0.0857 0.178 
76.8 -0.0861 0.178 
76.8 -0.0864 0.178 
76.8 -0.0863 0.178 
76.8 -0.0864 0.178 
76.8 -0.0867 0.177 
76.9 -0.0869 0.177 
76.9 -0.0869 0.177 
76.9 -0.0872 0.177 
76.9 -0.0871 0.177 
76.9 -0.0874 0.177 
76.9 -0.0873 0.177 
76.9 -0.0872 0.177 
76.9 -0.0872 0.177 
76.9 -0.0872 0.177 
76.9 -0.0875 0.178 
76.9 -0.0874 0.178 
76.9 -0.0872 0.178 
76.9 -0.0872 0.178 
76.9 -0.0869 0.178 
76.9 -0.0865 0.178 
76.9 -0.0863 0.178 
76.9 -0.0863 0.178 
76.9 -0.0863 0.178 
76.9 -0.0864 0.178 
76.9 -0.0865 0.178 
76.9 -0.0864 0.178 
76.9 -0.0865 0.178 
76.9 -0.0866 0.178 
77 -0.0866 0.177 
77 -0.0868 0.178 
77 -0.0871 0.178 
77 -0.0867 0.177 
77 -0.0867 0.177 
77 -0.0867 0.177 
77 -0.0868 0.177 
77 -0.0866 0.177 
77 -0.0867 0.177 
77 -0.0866 0.177 
77 -0.0866 0.177 
77 -0.0866 0.177 
77 -0.0873 0.179 
77 -0.0864 0.177 
77 -0.0862 0.177 
77 -0.0862 0.177 
77 -0.086 0.177 
77 -0.0861 0.177 
77 -0.0875 0.18 
77 -0.0873 0.18 
77 -0.0872 0.18 
77 -0.0863 0.178 
77 -0.0853 0.176 
77 -0.0854 0.176 
77 -0.0849 0.176 
77 -0.0849 0.176 
77 -0.0847 0.176 
77 -0.0843 0.176 
77 -0.0844 0.176 
77 -0.0835 0.175 
77 -0.0834 0.174 
77 -0.0829 0.174 
77 -0.0831 0.174 
77 -0.0829 0.174 
77 -0.082 0.173 
77 -0.0821 0.173 
77 -0.0821 0.173 
77 -0.0818 0.173 
77 -0.0817 0.173 
77 -0.0819 0.172 
77 -0.0805 0.172 
77 -0.0805 0.172 
77 -0.0802 0.172 
77 -0.0781 0.17 
77 -0.079 0.171 
77 -0.0787 0.171 
77 -0.0787 0.171 
77 -0.0781 0.171 
77 -0.078 0.171 
77 -0.0769 0.168 
77 -0.078 0.171 
77 -0.0773 0.17 
77 -0.0782 0.171 
77 -0.0775 0.17 
77 -0.0776 0.171 
77 -0.0767 0.171 
77 -0.077 0.171 
77 -0.077 0.171 
77 -0.0766 0.171 
77.1 -0.076 0.171 
77 -0.0765 0.172 
77.1 -0.0776 0.173 
77.1 -0.0765 0.172 
77.1 -0.0765 0.172 
77.1 -0.0762 0.172 
77.1 -0.0761 0.172 
77.1 -0.0771 0.172 
77.1 -0.0768 0.173 
77.1 -0.0769 0.172 
77.1 -0.0769 0.172 
77.1 -0.0774 0.172 
77.1 -0.0777 0.173 
77.1 -0.0786 0.173 
77.1 -0.0783 0.173 
77.2 -0.0788 0.172 
77.2 -0.0791 0.173 
77.2 -0.079 0.173 
77.2 -0.0794 0.174 
77.2 -0.0793 0.174 
77.2 -0.0796 0.174 
77.2 -0.0796 0.174 
77.3 -0.0796 0.174 
77.3 -0.0796 0.174 
77.3 -0.0793 0.174 
77.3 -0.0794 0.174 
77.3 -0.0794 0.174 
77.3 -0.0786 0.173 
77.3 -0.0788 0.173 
77.3 -0.0791 0.173 
77.3 -0.0792 0.173 
77.3 -0.0793 0.173 
77.3 -0.0789 0.173 
77.3 -0.0788 0.173 
77.4 -0.0783 0.173 
77.4 -0.0784 0.174 
77.4 -0.0788 0.174 
77.4 -0.0787 0.174 
77.4 -0.0787 0.174 
77.4 -0.0789 0.174 
77.4 -0.0785 0.174 
77.4 -0.0786 0.174 
77.4 -0.0786 0.175 
77.4 -0.0782 0.174 
77.4 -0.0781 0.174 
77.4 -0.0769 0.174 
77.4 -0.0769 0.174 
77.4 -0.0768 0.174 
77.4 -0.0755 0.174 
77.4 -0.0762 0.174 
77.4 -0.076 0.174 
77.5 -0.0756 0.174 
77.5 -0.076 0.174 
77.5 -0.0739 0.174 
77.5 -0.0743 0.174 
77.5 -0.073 0.174 
77.5 -0.0733 0.174 
77.5 -0.0711 0.17 
77.5 -0.0714 0.17 
77.5 -0.0713 0.169 
77.5 -0.0716 0.169 
77.6 -0.0702 0.167 
77.6 -0.071 0.169 
77.6 -0.0685 0.168 
77.6 -0.0692 0.168 
77.6 -0.0692 0.167 
77.6 -0.0695 0.168 
77.6 -0.0697 0.168 
77.6 -0.0702 0.168 
77.6 -0.0701 0.167 
77.6 -0.0703 0.167 
77.6 -0.0716 0.168 
77.6 -0.0722 0.169 
77.6 -0.0718 0.169 
77.6 -0.0721 0.17 
77.6 -0.0722 0.17 
77.6 -0.0713 0.169 
77.6 -0.0723 0.169 
77.6 -0.0725 0.169 
77.6 -0.0716 0.169 
77.6 -0.0716 0.168 
77.6 -0.0715 0.168 
77.6 -0.0716 0.168 
77.6 -0.072 0.168 
77.7 -0.0716 0.168 
77.6 -0.0695 0.161 
77.7 -0.0649 0.138 
77.6 -0.0714 0.165 
77.6 -0.0703 0.163 
77.6 -0.0702 0.163 
77.6 -0.0706 0.163 
77.6 -0.0706 0.162 
77.6 -0.0704 0.163 
77.6 -0.0706 0.163 
77.6 -0.0706 0.163 
77.6 -0.0712 0.163 
77.6 -0.0719 0.163 
77.6 -0.0719 0.164 
77.6 -0.0719 0.164 
77.6 -0.0724 0.163 
77.6 -0.0721 0.163 
77.6 -0.0717 0.163 
77.6 -0.0716 0.163 
77.6 -0.0713 0.159 
77.6 -0.0726 0.161 
77.6 -0.0709 0.161 
77.6 -0.07 0.161 
77.6 -0.0689 0.161 
77.6 -0.0689 0.161 
77.6 -0.0684 0.161 
77.6 -0.067 0.16 
77.6 -0.0684 0.16 
77.6 -0.0684 0.161 
77.6 -0.0678 0.16 
77.6 -0.0701 0.162 
77.6 -0.0697 0.162 
77.6 -0.0699 0.163 
77.6 -0.0703 0.163 
77.6 -0.0681 0.163 
77.6 -0.0686 0.163 
77.6 -0.0688 0.164 
77.6 -0.0679 0.163 
77.6 -0.0681 0.164 
77.6 -0.068 0.165 
77.6 -0.067 0.167 
77.6 -0.0679 0.166 
77.6 -0.0673 0.166 
77.6 -0.0676 0.166 
77.6 -0.0673 0.166 
77.6 -0.0674 0.166 
77.6 -0.0683 0.169 
77.6 -0.0672 0.167 
77.6 -0.0667 0.167 
77.6 -0.0663 0.167 
77.6 -0.0664 0.167 
77.6 -0.0652 0.168 
77.6 -0.0653 0.168 
77.6 -0.066 0.171 
77.6 -0.0643 0.172 
77.6 -0.0632 0.172 
77.7 -0.0623 0.171 
77.7 -0.0617 0.171 
77.7 -0.0605 0.172 
77.7 -0.0592 0.172 
77.7 -0.0565 0.172 
77.8 -0.0535 0.172 
77.8 -0.0508 0.175 
77.8 -0.0471 0.175 
77.8 -0.0423 0.173 
77.9 -0.0402 0.177 
77.9 -0.0346 0.175 
77.9 -0.0328 0.179 
78 -0.0298 0.178 
78 -0.0277 0.179 
78 -0.0267 0.18 
78 -0.0242 0.179 
78 -0.0235 0.181 
78.1 -0.0232 0.181 
78.1 -0.0226 0.182 
78.1 -0.0218 0.183 
78.1 -0.0217 0.184 
78.1 -0.022 0.185 
78.1 -0.0223 0.186 
78.1 -0.0223 0.186 
78.1 -0.0218 0.187 
78.1 -0.0217 0.187 
78.2 -0.0214 0.188 
78.2 -0.0211 0.189 
78.2 -0.0217 0.19 
78.2 -0.022 0.191 
78.2 -0.0223 0.192 
78.2 -0.0222 0.192 
78.2 -0.0218 0.193 
78.2 -0.0216 0.194 
78.2 -0.0219 0.195 
78.2 -0.0217 0.195 
78.2 0.0689 0.29 
78.2 -0.0158 0.189 
78.2 -0.0232 0.198 
78.2 -0.0226 0.198 
78.2 -0.0223 0.199 
78.2 -0.0222 0.199 
78.2 -0.0205 0.199 
78.2 -0.022 0.2 
78.2 -0.0213 0.2 
78.2 -0.0209 0.2 
78.2 -0.0201 0.2 
78.2 -0.0193 0.2 
78.2 -0.0188 0.201 
78.2 -0.0174 0.199 
78.2 -0.0149 0.2 
78.2 -0.0127 0.2 
78.2 -0.00775 0.198 
78.2 -0.00793 0.2 
78.2 -0.0131 0.205 
78.2 -0.012 0.205 
78.2 -0.00473 0.201 
78.2 -0.0112 0.203 
78.2 -0.0105 0.204 
78.2 -0.0101 0.204 
78.2 -0.00997 0.205 
78.2 -0.0101 0.206 
78.2 -0.0102 0.205 
78.2 -0.0102 0.206 
78.2 -0.0104 0.206 
78.2 -0.00928 0.208 
78.2 -0.00937 0.208 
78.2 -0.00858 0.208 
78.2 -0.00837 0.207 
78.2 -0.0075 0.208 
78.2 -0.00741 0.207 
78.2 -0.00686 0.207 
78.2 -0.00648 0.207 
78.2 -0.00586 0.207 
78.2 -0.00557 0.207 
78.2 -0.00525 0.209 
78.2 -0.00483 0.209 
78.2 -0.00468 0.21 
78.2 -0.0041 0.21 
78.2 -0.00414 0.211 
78.2 -0.00348 0.21 
78.2 -0.00371 0.21 
78.2 -0.00314 0.21 
78.2 -0.00271 0.21 
78.2 -0.0023 0.21 
78.2 -0.00183 0.211 
78.2 -0.00185 0.21 
78.2 -0.000203 0.204 
78.1 -0.00142 0.21 
78.1 -0.00125 0.211 
78.2 -0.00113 0.213 
78.2 -0.00145 0.215 
78.2 -0.00171 0.215 
78.2 -0.00194 0.216 
78.2 -0.00176 0.216 
78.2 -0.00203 0.217 
78.2 -0.0018 0.217 
78.2 -0.0019 0.219 
78.2 -0.00182 0.219 
78.2 -0.00193 0.221 
78.2 -0.0016 0.22 
78.2 -0.0031 0.222 
78.2 -0.00389 0.225 
78.2 -0.00425 0.22 
78.2 -0.00557 0.223 
78.2 -0.00667 0.235 
78.2 -0.00604 0.237 
78.2 -0.00597 0.239 
78.2 -0.00556 0.24 
78.2 -0.00526 0.241 
78.2 -0.00472 0.241 
78.2 -0.00427 0.241 
78.2 -0.00382 0.24 
78.2 -0.00361 0.239 
78.2 -0.00378 0.239 
78.2 -0.00388 0.239 
78.2 -0.00391 0.24 
78.2 -0.00443 0.24 
78.2 -0.00492 0.239 
78.2 -0.00575 0.24 
78.2 -0.00622 0.24 
78.2 -0.0072 0.24 
78.2 -0.00843 0.24 
78.2 -0.00808 0.241 
78.2 -0.01 0.242 
78.3 -0.0102 0.243 
78.3 -0.0102 0.243 
78.3 -0.00989 0.243 
78.3 -0.00986 0.243 
78.3 -0.00926 0.244 
78.3 -0.00934 0.244 
78.3 -0.0107 0.245 
78.3 -0.0114 0.245 
78.3 -0.0119 0.245 
78.3 -0.0126 0.246 
78.3 -0.0126 0.246 
78.3 -0.0113 0.246 
78.3 -0.0115 0.245 
78.3 -0.0115 0.244 
78.4 -0.011 0.243 
78.4 -0.0118 0.243 
78.4 -0.0139 0.244 
78.4 -0.0149 0.245 
78.4 -0.0165 0.245 
78.4 -0.0172 0.245 
78.4 -0.0184 0.245 
78.4 -0.0192 0.246 
78.4 -0.02 0.247 
78.4 -0.0201 0.248 
78.4 -0.0205 0.248 
78.4 -0.021 0.249 
78.4 -0.0213 0.249 
78.4 -0.0224 0.249 
78.5 -0.0236 0.248 
78.5 -0.0247 0.245 
78.5 -0.0261 0.243 
78.5 -0.0265 0.241 
78.6 -0.0265 0.237 
78.6 -0.0271 0.236 
78.6 -0.0274 0.234 
78.7 -0.112 0.224 
78.7 -0.0449 0.227 
78.6 -0.0296 0.233 
78.7 -0.0313 0.227 
78.7 -0.0321 0.225 
78.7 -0.0317 0.226 
78.7 -0.0317 0.224 
78.7 -0.0316 0.223 
78.8 -0.0319 0.222 
78.8 -0.0317 0.221 
78.8 -0.0322 0.218 
78.8 -0.033 0.218 
78.8 -0.03 0.211 
78.8 -0.0351 0.214 
78.9 0.0037 0.196 
78.8 -0.0374 0.212 
78.8 -0.0374 0.213 
78.9 -0.039 0.211 
78.9 -0.0401 0.209 
78.9 -0.0406 0.207 
78.9 -0.0419 0.206 
78.9 -0.0437 0.204 
78.9 -0.0442 0.204 
78.9 -0.0455 0.203 
78.9 -0.0461 0.204 
78.9 -0.0477 0.204 
78.9 -0.0474 0.203 
78.9 -0.0484 0.201 
78.9 -0.0485 0.201 
79 -0.0502 0.2 
79 -0.0505 0.199 
79 -0.0517 0.198 
79 -0.0518 0.198 
79 -0.0523 0.198 
79 -0.0539 0.196 
79 -0.0547 0.196 
79 -0.0557 0.197 
79 -0.0579 0.195 
79 -0.0587 0.196 
79 -0.0324 0.185 
79 -0.063 0.193 
79 -0.064 0.193 
79 -0.0656 0.194 
79 -0.0656 0.195 
79 -0.0658 0.195 
79 -0.0665 0.195 
79 -0.0691 0.194 
79 -0.0694 0.195 
79 -0.0694 0.195 
79 -0.0693 0.195 
79 -0.0713 0.194 
79 -0.0711 0.194 
79 -0.071 0.194 
79 -0.072 0.192 
79 -0.0714 0.192 
79 -0.0711 0.191 
79 -0.0711 0.19 
79 -0.0707 0.19 
79 -0.0706 0.189 
79 -0.0704 0.188 
79 -0.0705 0.189 
79 -0.0701 0.189 
79 -0.0702 0.186 
79 -0.0701 0.187 
79 -0.0701 0.186 
79 -0.0705 0.187 
79 -0.0705 0.186 
79 -0.0708 0.186 
79 -0.0706 0.186 
79 -0.0706 0.185 
79 -0.0713 0.185 
79 -0.0718 0.186 
79 -0.0725 0.186 
79 -0.0733 0.186 
79 -0.0729 0.187 
79 -0.0745 0.187 
79 -0.0745 0.188 
79 -0.0755 0.187 
79 -0.0766 0.187 
79 -0.0779 0.187 
79 -0.0783 0.187 
79 -0.0788 0.187 
79 -0.0796 0.188 
79 -0.0799 0.188 
79.1 -0.0804 0.189 
79.1 -0.0814 0.19 
79.1 -0.0826 0.191 
79.1 -0.0837 0.191 
79 -0.0851 0.19 
79.1 -0.086 0.19 
79.1 -0.087 0.19 
79 -0.0911 0.191 
79.1 -0.111 0.194 
79.1 -0.0885 0.191 
79.1 -0.0902 0.188 
79.1 -0.0913 0.188 
79.1 -0.0919 0.188 
79.1 -0.101 0.181 
79.1 -0.11 0.168 
79.1 -0.0936 0.191 
79.1 -0.0973 0.166 
79.1 -0.1 0.177 
79.2 -0.0913 0.181 
79.1 -0.0795 0.18 
79.2 -0.0712 0.185 
79.1 -0.0912 0.187 
79.2 -0.0901 0.194 
79.2 -0.088 0.188 
79.2 -0.0878 0.188 
79.2 -0.0875 0.189 
79.1 -0.0875 0.189 
79.1 -0.0871 0.189 
79.1 -0.0867 0.189 
79.1 -0.086 0.189 
79.2 -0.0855 0.189 
79.1 -0.0855 0.188 
79.1 -0.0837 0.189 
79.2 -0.0836 0.188 
79.2 -0.0829 0.188 
79.2 -0.0822 0.188 
79.2 -0.081 0.188 
79.2 -0.0811 0.188 
79.3 -0.0792 0.188 
79.2 -0.0797 0.188 
79.2 -0.08 0.187 
79.2 -0.0802 0.187 
79.2 -0.0805 0.187 
79.2 -0.0808 0.185 
79.2 -0.0809 0.185 
79.2 -0.081 0.184 
79.2 -0.0824 0.185 
79.2 -0.0836 0.184 
79.2 -0.0833 0.184 
79.2 -0.0834 0.183 
79.2 -0.0837 0.183 
79.2 -0.0842 0.182 
79.2 -0.0841 0.182 
79.2 -0.085 0.182 
79.2 -0.0849 0.182 
79.2 -0.0851 0.181 
79.2 -0.0851 0.181 
79.2 -0.0856 0.181 
79.2 -0.0857 0.182 
79.2 -0.086 0.182 
79.2 -0.086 0.182 
79.2 -0.0861 0.182 
79.2 -0.0861 0.182 
79.2 -0.0862 0.182 
79.2 -0.0863 0.183 
79.2 -0.0868 0.183 
79.2 -0.0867 0.183 
79.2 -0.0869 0.183 
79.2 -0.087 0.183 
79.2 -0.087 0.183 
79.2 -0.087 0.183 
79.2 -0.0871 0.183 
79.2 -0.0873 0.183 
79.2 -0.0876 0.182 
79.2 -0.0874 0.182 
79.2 -0.0875 0.182 
79.2 -0.0878 0.181 
79.2 -0.0877 0.181 
79.2 -0.0876 0.179 
79.2 -0.0876 0.179 
79.2 -0.0876 0.179 
79.2 -0.0877 0.179 
79.2 -0.0881 0.178 
79.2 -0.0882 0.178 
79.2 -0.0883 0.177 
79.2 -0.0882 0.177 
79.2 -0.0886 0.178 
79.2 -0.0887 0.178 
79.2 -0.0888 0.179 
79.2 -0.0889 0.179 
79.2 -0.0892 0.179 
79.2 -0.0892 0.179 
79.2 -0.0891 0.179 
79.2 -0.0895 0.179 
79.2 -0.0895 0.179 
79.3 -0.0895 0.179 
79.2 -0.0896 0.179 
79.2 -0.0897 0.179 
79.3 -0.0898 0.179 
79.3 -0.0899 0.179 
79.3 -0.0903 0.178 
79.3 -0.0905 0.178 
79.3 -0.0906 0.178 
79.3 -0.0909 0.177 
79.3 -0.0914 0.176 
79.3 -0.0918 0.175 
79.3 -0.0921 0.175 
79.3 -0.0922 0.175 
79.3 -0.0926 0.175 
79.3 -0.0924 0.175 
79.3 -0.0924 0.175 
79.3 -0.0925 0.175 
79.3 -0.0924 0.175 
79.3 -0.0924 0.175 
79.3 -0.0928 0.175 
79.3 -0.0928 0.176 
79.3 -0.0929 0.176 
79.3 -0.093 0.176 
79.3 -0.0931 0.176 
79.3 -0.0933 0.177 
79.3 -0.0935 0.177 
79.3 -0.0937 0.177 
79.3 -0.0938 0.177 
79.3 -0.0939 0.177 
79.3 -0.0944 0.177 
79.3 -0.0945 0.178 
79.3 -0.0947 0.178 
79.3 -0.095 0.178 
79.3 -0.0949 0.178 
79.3 -0.0951 0.178 
79.3 -0.0953 0.178 
79.3 -0.0953 0.178 
79.3 -0.0956 0.178 
79.3 -0.0961 0.178 
79.3 -0.0961 0.178 
79.3 -0.0962 0.178 
79.3 -0.0965 0.179 
79.3 -0.0965 0.179 
79.3 -0.0966 0.179 
79.3 -0.0968 0.179 
79.3 -0.0968 0.179 
79.3 -0.0972 0.179 
79.3 -0.0967 0.179 
79.3 -0.0965 0.18 
79.3 -0.0967 0.179 
79.3 -0.0968 0.18 
79.3 -0.0966 0.18 
79.3 -0.0968 0.18 
79.3 -0.0978 0.18 
79.3 -0.0977 0.181 
79.3 -0.0978 0.181 
79.3 -0.0978 0.18 
79.3 -0.0975 0.18 
79.3 -0.0976 0.179 
79.3 -0.0976 0.179 
79.3 -0.0974 0.179 
79.3 -0.0976 0.178 
79.3 -0.0977 0.177 
79.3 -0.0974 0.177 
79.4 -0.097 0.175 
79.4 -0.0969 0.175 
79.3 -0.0969 0.175 
79.4 -0.096 0.174 
79.4 -0.0958 0.174 
79.4 -0.0957 0.174 
79.4 -0.0955 0.173 
79.3 -0.0955 0.173 
79.3 -0.0956 0.173 
79.4 -0.0954 0.173 
79.4 -0.0952 0.173 
79.4 -0.0955 0.173 
79.4 -0.0956 0.172 
79.4 -0.0955 0.172 
79.4 -0.0954 0.172 
79.4 -0.0953 0.172 
79.4 -0.0955 0.172 
79.4 -0.0954 0.172 
79.4 -0.0955 0.172 
79.4 -0.0955 0.172 
79.4 -0.0954 0.172 
79.4 -0.0961 0.172 
79.4 -0.096 0.172 
79.4 -0.096 0.172 
79.4 -0.096 0.172 
79.4 -0.096 0.172 
79.4 -0.0963 0.172 
79.4 -0.0965 0.172 
79.4 -0.0966 0.172 
79.4 -0.0969 0.172 
79.4 -0.097 0.172 
79.4 -0.0971 0.172 
79.4 -0.0978 0.173 
79.4 -0.0976 0.173 
79.4 -0.0979 0.173 
79.4 -0.0981 0.173 
79.4 -0.0981 0.173 
79.4 -0.0981 0.173 
79.4 -0.0982 0.173 
79.4 -0.0983 0.173 
79.4 -0.0984 0.173 
79.4 -0.0984 0.173 
79.4 -0.0984 0.173 
79.4 -0.0986 0.173 
79.4 -0.0986 0.173 
79.4 -0.0986 0.173 
79.4 -0.0987 0.173 
79.4 -0.0986 0.174 
79.4 -0.0986 0.174 
79.4 -0.0985 0.174 
79.4 -0.0987 0.174 
79.4 -0.0986 0.174 
79.4 -0.0986 0.173 
79.4 -0.0985 0.173 
79.4 -0.0986 0.173 
79.4 -0.0989 0.173 
79.4 -0.0988 0.173 
79.4 -0.0988 0.173 
79.4 -0.0988 0.173 
79.4 -0.0982 0.174 
79.4 -0.0982 0.173 
79.4 -0.098 0.173 
79.4 -0.0979 0.173 
79.4 -0.0979 0.173 
79.4 -0.098 0.173 
79.4 -0.0974 0.172 
79.4 -0.097 0.172 
79.4 -0.0972 0.172 
79.4 -0.0965 0.171 
79.4 -0.0966 0.171 
79.4 -0.0968 0.171 
79.4 -0.097 0.172 
79.4 -0.0968 0.172 
79.4 -0.0968 0.172 
79.4 -0.0968 0.172 
79.4 -0.0968 0.172 
79.4 -0.0968 0.172 
79.4 -0.0966 0.172 
79.4 -0.0966 0.172 
79.4 -0.0967 0.172 
79.4 -0.0967 0.172 
79.4 -0.0967 0.172 
79.4 -0.0965 0.172 
79.4 -0.0961 0.172 
79.4 -0.0963 0.172 
79.4 -0.0962 0.172 
79.4 -0.0963 0.172 
79.4 -0.0962 0.172 
79.4 -0.0961 0.172 
79.4 -0.0961 0.172 
79.4 -0.0951 0.171 
79.4 -0.0955 0.171 
79.4 -0.0952 0.171 
79.4 -0.0954 0.171 
79.4 -0.0956 0.171 
79.4 -0.0954 0.171 
79.4 -0.0954 0.17 
79.4 -0.0951 0.17 
79.4 -0.0949 0.17 
79.4 -0.0945 0.17 
79.4 -0.0951 0.17 
79.4 -0.0949 0.171 
79.4 -0.0951 0.171 
79.4 -0.0947 0.17 
79.4 -0.0947 0.17 
79.4 -0.0944 0.171 
79.4 -0.0946 0.171 
79.4 -0.0946 0.171 
79.4 -0.0947 0.171 
79.4 -0.0947 0.171 
79.4 -0.0948 0.17 
79.4 -0.095 0.17 
79.4 -0.0945 0.17 
79.4 -0.0948 0.17 
79.4 -0.0946 0.17 
79.4 -0.0944 0.169 
79.4 -0.0943 0.169 
79.4 -0.0941 0.169 
79.4 -0.094 0.168 
79.4 -0.0939 0.168 
79.4 -0.0938 0.168 
79.4 -0.0937 0.168 
79.4 -0.0937 0.168 
79.4 -0.0937 0.167 
79.4 -0.0937 0.167 
79.4 -0.0932 0.168 
79.4 -0.093 0.168 
79.4 -0.0929 0.168 
79.4 -0.0929 0.167 
79.4 -0.0927 0.169 
79.4 -0.0921 0.168 
79.4 -0.0823 0.17 
79.4 -0.0921 0.169 
79.4 -0.0923 0.169 
79.4 -0.0926 0.169 
79.4 -0.0926 0.169 
79.4 -0.0929 0.169 
79.4 -0.0928 0.17 
79.4 -0.093 0.17 
79.4 -0.0931 0.17 
79.4 -0.0932 0.17 
79.4 -0.0934 0.17 
79.4 -0.0934 0.17 
79.4 -0.0937 0.17 
79.4 -0.0936 0.17 
79.4 -0.0937 0.17 
79.4 -0.0938 0.17 
79.4 -0.0939 0.17 
79.4 -0.0941 0.17 
79.4 -0.094 0.17 
79.4 -0.0944 0.169 
79.4 -0.0943 0.171 
79.4 -0.0943 0.171 
79.4 -0.0945 0.171 
79.4 -0.0945 0.171 
79.4 -0.0947 0.171 
79.4 -0.0947 0.171 
79.4 -0.0948 0.171 
79.4 -0.0949 0.171 
79.4 -0.095 0.171 
79.4 -0.095 0.171 
79.4 -0.0951 0.171 
79.4 -0.0952 0.171 
79.4 -0.0952 0.171 
79.4 -0.0953 0.171 
79.4 -0.0953 0.171 
79.4 -0.0953 0.171 
79.4 -0.0954 0.171 
79.4 -0.0954 0.171 
79.4 -0.0955 0.171 
79.4 -0.0955 0.171 
79.4 -0.0956 0.171 
79.4 -0.0956 0.171 
79.4 -0.0957 0.171 
79.4 -0.0959 0.171 
79.4 -0.0959 0.171 
79.4 -0.0836 0.171 
79.4 -0.096 0.171 
