-17.5 3.5 -0.742 
-17.4 3.56 -0.751 
-17.5 3.53 -0.818 
-17.6 3.45 -0.821 
-17.5 3.2 -0.677 
-17.6 3.05 -0.775 
-17.4 2.82 -0.598 
-17.4 2.76 -0.594 
-17.3 2.41 -0.49 
-17.6 2.29 -0.625 
-17.8 2.21 -0.695 
-17.8 2.1 -0.665 
-18 1.98 -0.709 
-18.3 1.88 -0.831 
-18.3 1.88 -0.838 
-18.6 1.86 -0.972 
-18.9 1.77 -1.07 
-19 1.79 -1.08 
-19.2 1.71 -1.17 
-19.3 1.7 -1.16 
-19.3 1.7 -1.19 
-19.4 1.71 -1.2 
-19.3 1.74 -1.18 
-19.4 1.73 -1.22 
-19.5 1.78 -1.24 
-19.5 1.81 -1.25 
-19.4 1.82 -1.23 
-19.5 1.75 -1.24 
-19.5 1.75 -1.25 
-19.5 1.69 -1.26 
-19.3 1.81 -1.15 
-19.3 1.78 -1.16 
-20.1 0.979 -1.47 
-20.2 1.15 -1.49 
-20.3 1.26 -1.5 
-20.2 1.22 -1.47 
-20 1.23 -1.43 
-20.1 1.32 -1.45 
-20.1 1.34 -1.49 
-20 1.33 -1.45 
-20.1 1.27 -1.44 
-20 1.28 -1.42 
-19.9 1.29 -1.4 
-19.8 1.38 -1.36 
-19.8 1.37 -1.37 
-19.9 1.33 -1.4 
-20.1 1.28 -1.46 
-20.1 1.26 -1.46 
-20.3 1.21 -1.5 
-20.6 1.13 -1.62 
-20.6 1.12 -1.63 
-20.9 1.06 -1.71 
-20.8 1.08 -1.7 
-20.7 1.07 -1.66 
-20.9 1.05 -1.73 
-20.9 1.02 -1.72 
-20.9 0.996 -1.72 
-20.8 1.01 -1.68 
-20.7 1.01 -1.64 
-20.7 0.99 -1.64 
-20.6 0.94 -1.61 
-20.5 0.901 -1.61 
-20.3 0.866 -1.56 
-19.9 0.819 -1.46 
-19.9 0.811 -1.46 
-19.8 0.754 -1.44 
-19.7 0.729 -1.42 
-19.5 0.688 -1.36 
-19.5 0.675 -1.36 
-19.1 0.714 -1.21 
-18.6 0.785 -1.07 
-17.8 0.89 -0.814 
-17.4 0.919 -0.683 
-17.1 0.906 -0.609 
-16.9 0.91 -0.539 
-16.6 0.953 -0.423 
-16.5 0.946 -0.391 
-16.3 0.929 -0.35 
-16.5 0.853 -0.399 
-16.6 0.813 -0.441 
-15.9 0.81 -0.201 
-16 0.776 -0.227 
-15.8 0.79 -0.141 
-15.6 0.775 -0.0851 
-15.8 0.765 -0.143 
-15.9 0.754 -0.18 
-15.9 0.73 -0.186 
-15.9 0.727 -0.214 
-16 0.721 -0.228 
-15.9 0.729 -0.214 
-16 0.707 -0.252 
-16.1 0.701 -0.264 
-16.1 0.681 -0.277 
-16.1 0.659 -0.276 
-16.1 0.641 -0.27 
-16.1 0.594 -0.267 
-16 0.618 -0.255 
-16 0.621 -0.253 
-16 0.62 -0.256 
-16 0.612 -0.252 
-16 0.62 -0.227 
-16 0.615 -0.233 
-16 0.613 -0.242 
-16 0.615 -0.239 
-16 0.62 -0.252 
-16 0.61 -0.258 
-16.1 0.6 -0.295 
-16 0.604 -0.257 
-16.1 0.591 -0.29 
-16.1 0.57 -0.312 
-16.1 0.561 -0.307 
-16.1 0.55 -0.28 
-16 0.556 -0.258 
-15.9 0.535 -0.24 
-15.9 0.512 -0.224 
-15.9 0.51 -0.208 
-15.8 0.49 -0.174 
-15.8 0.48 -0.17 
-15.8 0.44 -0.171 
-15.8 0.427 -0.181 
-15.8 0.403 -0.19 
-15.8 0.411 -0.186 
-15.8 0.402 -0.173 
-15.7 0.398 -0.147 
-15.7 0.386 -0.124 
-15.5 0.373 -0.0652 
-15.6 0.36 -0.0867 
-15.5 0.339 -0.0395 
-15.4 0.33 -0.00681 
-15.3 0.337 0.0173 
-15.3 0.335 0.0442 
-15.3 0.333 0.034 
-15.3 0.34 0.0369 
-15.3 0.322 0.0274 
-15.3 0.315 0.0347 
-15.3 0.283 0.0233 
-15.3 0.255 0.0477 
-15.2 0.262 0.0666 
-15.3 0.266 0.0593 
-15.3 0.258 0.057 
-15.3 0.263 0.0514 
-15.3 0.259 0.0451 
-15.3 0.255 0.0349 
-15.3 0.254 0.0258 
-15.4 0.249 0.0195 
-15.4 0.246 0.0196 
-15.3 0.249 0.0242 
-15.3 0.246 0.0205 
-15.3 0.251 0.0223 
-15.3 0.248 0.0223 
-15.3 0.244 0.0218 
-15.4 0.24 0.0172 
-15.4 0.235 0.0131 
-15.4 0.232 0.00436 
-15.4 0.23 -0.000136 
-15.4 0.223 0.00252 
-15.4 0.219 0.0049 
-15.4 0.219 0.000679 
-15.4 0.217 0.0015 
-15.4 0.218 0.00233 
-15.4 0.212 0.00332 
-15.4 0.209 0.00465 
-15.4 0.206 0.00425 
-15.4 0.201 0.00266 
-15.4 0.198 0.00514 
-15.4 0.195 0.00772 
-15.4 0.191 0.00621 
-15.4 0.185 0.00373 
-15.4 0.184 0.00995 
-15.4 0.18 0.00505 
-15.4 0.176 0.00575 
-15.4 0.173 0.0042 
-15.4 0.171 0.00658 
-15.4 0.169 0.00509 
-15.4 0.166 0.00256 
-15.4 0.166 0.00366 
-15.4 0.163 0.00405 
-15.4 0.162 0.00327 
-15.4 0.159 0.00472 
-15.4 0.157 0.0047 
-15.4 0.154 0.00278 
-15.4 0.152 0.00321 
-15.4 0.151 0.00442 
-15.4 0.148 0.00288 
-15.4 0.146 0.00357 
-15.4 0.145 0.00506 
-15.4 0.144 0.00458 
-15.4 0.141 0.00511 
-15.4 0.141 0.0068 
-15.4 0.139 0.00916 
-15.4 0.136 0.0113 
-15.4 0.135 0.0124 
-15.4 0.134 0.0132 
-15.4 0.132 0.0131 
-15.4 0.13 0.0115 
-15.4 0.129 0.0111 
-15.4 0.127 0.0117 
-15.4 0.126 0.0116 
-15.4 0.125 0.0112 
-15.4 0.124 0.013 
-15.4 0.122 0.0146 
-15.4 0.12 0.0143 
-15.4 0.119 0.013 
-15.4 0.118 0.0123 
-15.4 0.116 0.0102 
-15.4 0.114 0.0103 
-15.4 0.113 0.012 
-15.4 0.112 0.0144 
-15.4 0.111 0.0173 
-15.4 0.11 0.0184 
-15.4 0.109 0.0181 
-15.4 0.108 0.0165 
-15.4 0.106 0.0146 
-15.4 0.104 0.0136 
-15.4 0.103 0.0145 
-15.4 0.102 0.0151 
-15.4 0.101 0.0139 
-15.4 0.0992 0.0137 
-15.4 0.0976 0.015 
-15.4 0.0955 0.0161 
-15.4 0.0944 0.0173 
-15.4 0.0941 0.0176 
-15.4 0.0937 0.0186 
-15.4 0.0922 0.0198 
-15.4 0.0906 0.0195 
-15.4 0.0899 0.021 
-15.4 0.0886 0.0231 
-15.4 0.0871 0.0243 
-15.4 0.0866 0.0246 
-15.4 0.0862 0.0217 
-15.4 0.087 0.0231 
-15.4 0.087 0.0249 
-15.4 0.0861 0.0234 
-15.4 0.0859 0.0219 
-15.4 0.0862 0.026 
-15.4 0.086 0.0292 
-15.4 0.0878 0.0276 
-15.4 0.0917 0.0304 
-15.4 0.0935 0.0345 
-15.4 0.0941 0.034 
-15.4 0.0935 0.0357 
-15.4 0.0891 0.0353 
-15.4 0.0872 0.031 
-15.4 0.0899 0.035 
-15.4 0.0916 0.038 
-15.4 0.0935 0.0399 
-15.4 0.0937 0.0458 
-15.4 0.092 0.046 
-15.4 0.0903 0.0457 
-15.4 0.0894 0.043 
-15.4 0.0898 0.0495 
-15.4 0.0888 0.0549 
-15.4 0.0907 0.0529 
-15.4 0.0876 0.0533 
-15.4 0.0872 0.0533 
-15.4 0.0847 0.0523 
-15.4 0.0832 0.0501 
-15.4 0.0828 0.0508 
-15.4 0.0828 0.0532 
-15.4 0.0815 0.0535 
-15.4 0.0796 0.0543 
-15.4 0.0795 0.0581 
-15.4 0.0788 0.0618 
-15.4 0.0776 0.0629 
-15.4 0.0762 0.0636 
-15.4 0.0744 0.0647 
-15.4 0.0734 0.0683 
-15.4 0.0724 0.0709 
-15.4 0.0708 0.0699 
-15.4 0.0695 0.0705 
-15.4 0.0689 0.0743 
-15.3 0.0685 0.0774 
-15.3 0.0676 0.0797 
-15.3 0.0664 0.0799 
-15.3 0.0648 0.0805 
-15.3 0.063 0.081 
-15.3 0.0613 0.0804 
-15.4 0.0584 0.0783 
-15.4 0.0574 0.0799 
-15.4 0.0559 0.0813 
-15.3 0.0545 0.0832 
-15.3 0.0534 0.0873 
-15.3 0.0508 0.0894 
-15.3 0.0486 0.0882 
-15.4 0.0478 0.086 
-15.4 0.0465 0.0841 
-15.4 0.0447 0.0852 
-15.4 0.0441 0.0868 
-15.3 0.0443 0.09 
-15.3 0.0425 0.0907 
-15.3 0.0407 0.0907 
-15.3 0.0382 0.0933 
-15.3 0.0376 0.0954 
-15.3 0.0369 0.0995 
-15.3 0.0352 0.101 
-15.3 0.0344 0.102 
-15.3 0.0325 0.103 
-15.3 0.0312 0.103 
-15.3 0.0304 0.107 
-15.3 0.0286 0.108 
-15.3 0.0265 0.107 
-15.3 0.024 0.107 
-15.3 0.022 0.112 
-15.3 0.0215 0.112 
-15.3 0.0202 0.112 
-15.3 0.0193 0.116 
-15.3 0.0182 0.115 
-15.3 0.0171 0.113 
-15.3 0.0163 0.115 
-15.3 0.0145 0.114 
-15.3 0.011 0.111 
-15.3 0.0101 0.114 
-15.3 0.00838 0.116 
-15.3 0.006 0.11 
-15.4 0.00553 0.107 
-15.4 0.00531 0.109 
-15.3 0.0041 0.11 
-15.3 0.00424 0.111 
-15.4 0.00312 0.107 
-15.4 0.00184 0.111 
-15.3 0.00367 0.119 
-15.3 0.00272 0.115 
-15.3 0.0059 0.115 
-15.3 0.00372 0.121 
-15.3 0.0018 0.114 
-15.4 -0.000739 0.1 
-15.4 0.002 0.0979 
-15.4 0.00315 0.105 
-15.4 -0.000323 0.101 
-15.4 0.00165 0.115 
-15.3 0.00325 0.125 
-15.3 0.00119 0.125 
-15.3 0.00249 0.126 
-15.3 0.00346 0.13 
-15.3 -0.000209 0.129 
-15.3 -0.00222 0.122 
-15.4 -0.00667 0.117 
-15.4 -0.00926 0.106 
-15.4 -0.0105 0.104 
-15.4 -0.0104 0.114 
-15.3 -0.0107 0.12 
-15.3 -0.0134 0.119 
-15.3 -0.0133 0.121 
-15.3 -0.0111 0.124 
-15.3 -0.0124 0.12 
-15.4 -0.0159 0.0997 
-15.4 -0.0159 0.0962 
-15.3 -0.0613 0.137 
-15.3 -0.0923 0.151 
-15.3 -0.117 0.153 
-15.3 -0.133 0.16 
-15.3 -0.143 0.165 
-15.3 -0.153 0.168 
-15.3 -0.159 0.173 
-15.3 -0.162 0.177 
-15.3 -0.179 0.182 
-15.3 -0.164 0.18 
-15.3 -0.158 0.18 
-15.3 -0.163 0.183 
-15.3 -0.161 0.185 
-15.3 -0.162 0.185 
-15.3 -0.167 0.186 
-15.3 -0.179 0.185 
-15.3 -0.185 0.182 
-15.3 -0.189 0.178 
-15.3 -0.195 0.174 
-15.4 -0.201 0.161 
-15.4 -0.21 0.158 
-15.4 -0.217 0.156 
-15.4 -0.215 0.161 
-15.3 -0.212 0.168 
-15.3 -0.221 0.169 
-15.3 -0.223 0.164 
-15.3 -0.22 0.166 
-15.3 -0.226 0.167 
-15.4 -0.243 0.161 
-15.4 -0.247 0.162 
-15.4 -0.249 0.162 
-15.4 -0.251 0.162 
-15.4 -0.253 0.161 
-15.4 -0.261 0.154 
-15.4 -0.262 0.155 
-15.4 -0.264 0.154 
-15.4 -0.266 0.153 
-15.4 -0.271 0.151 
-15.4 -0.276 0.149 
-15.4 -0.291 0.146 
-15.4 -0.289 0.148 
-15.4 -0.291 0.146 
-15.4 -0.295 0.144 
-15.4 -0.302 0.145 
-15.4 -0.304 0.145 
-15.4 -0.304 0.144 
-15.4 -0.304 0.143 
-15.4 -0.307 0.14 
-15.4 -0.309 0.137 
-15.4 -0.313 0.138 
-15.4 -0.306 0.136 
-15.4 -0.299 0.132 
-15.4 -0.283 0.13 
-15.4 -0.274 0.123 
-15.4 -0.263 0.117 
-15.5 -0.257 0.11 
-15.5 -0.235 0.1 
-15.5 -0.23 0.0957 
-15.5 -0.209 0.0851 
-15.5 -0.208 0.0847 
-15.5 -0.187 0.075 
-15.5 -0.183 0.0732 
-15.5 -0.164 0.0624 
-15.5 -0.162 0.0573 
-15.5 -0.145 0.0478 
-15.5 -0.147 0.0461 
-15.5 -0.141 0.0358 
-15.5 -0.131 0.0205 
-15.6 -0.12 0.00775 
-15.5 -0.119 0.00842 
-15.5 -0.109 0.00516 
-15.5 -0.0959 0.00523 
-15.5 -0.0762 -0.00245 
-15.5 -0.0565 -0.0151 
-15.5 -0.0487 -0.0182 
-15.5 -0.0371 -0.0358 
-15.5 -0.0352 -0.0412 
-15.6 -0.0353 -0.0516 
-15.6 -0.0357 -0.0639 
-15.6 -0.0408 -0.0669 
-15.6 -0.029 -0.0784 
-15.6 -0.0342 -0.0811 
-15.6 -0.0233 -0.0882 
-15.6 -0.013 -0.0962 
-15.6 -0.0107 -0.102 
-15.6 -0.00883 -0.101 
-15.6 -0.00631 -0.101 
-15.6 0.000278 -0.107 
-15.6 0.00228 -0.11 
-15.6 -0.0111 -0.0888 
-15.6 -0.0185 -0.0935 
-15.6 -0.0155 -0.102 
-15.6 -0.0136 -0.101 
-15.6 -0.00394 -0.0976 
-15.6 0.00211 -0.0957 
-15.6 0.0162 -0.102 
-15.5 0.0252 -0.0985 
-15.5 0.0395 -0.109 
-15.6 0.0546 -0.121 
-15.5 0.0722 -0.13 
-15.6 0.0705 -0.146 
-15.5 0.0792 -0.137 
-15.5 0.0902 -0.138 
-15.5 0.0936 -0.133 
-15.5 0.0928 -0.146 
-15.5 0.11 -0.136 
-15.5 0.116 -0.144 
-15.4 0.117 -0.142 
-15.4 0.125 -0.14 
-15.4 0.124 -0.134 
-15.4 0.127 -0.119 
-15.4 0.13 -0.123 
-15.3 0.13 -0.104 
-15.3 0.127 -0.0848 
-15.2 0.129 -0.073 
-15.2 0.131 -0.0643 
-15.2 0.137 -0.0651 
-15.2 0.14 -0.0614 
-15.2 0.136 -0.063 
-15.2 0.124 -0.0702 
-15.2 0.113 -0.079 
-15.2 0.107 -0.0827 
-15.2 0.0955 -0.086 
-15.2 0.0878 -0.0884 
-15.3 0.0892 -0.0951 
-15.3 0.0779 -0.1 
-15.3 0.0718 -0.105 
-15.3 0.0589 -0.106 
-15.3 0.0577 -0.108 
-15.3 0.0366 -0.11 
-15.3 0.0366 -0.106 
-15.3 0.0344 -0.107 
-15.4 0.0126 -0.106 
-15.4 0.0144 -0.103 
-15.4 0.0167 -0.103 
-15.4 0.00171 -0.102 
-15.4 0.00514 -0.106 
-15.4 0.0099 -0.112 
-15.4 -0.000614 -0.114 
-15.4 -0.0024 -0.121 
-15.4 -0.0115 -0.123 
-15.4 -0.0073 -0.125 
-15.4 -0.00933 -0.13 
-15.4 -0.00902 -0.129 
-15.4 -0.0116 -0.135 
-15.4 -0.0116 -0.132 
-15.4 -0.0153 -0.13 
-15.4 -0.0188 -0.128 
-15.4 -0.02 -0.125 
-15.4 -0.0228 -0.124 
-15.4 -0.0188 -0.122 
-15.3 -0.0183 -0.121 
-15.3 -0.0217 -0.118 
-15.3 -0.0141 -0.111 
-15.3 -0.00789 -0.105 
-15.2 -0.00114 -0.103 
-15.2 0.00642 -0.104 
-15.2 0.0133 -0.108 
-15.2 0.0218 -0.116 
-15.2 0.0299 -0.122 
-15.2 0.0388 -0.128 
-15.2 0.0475 -0.136 
-15.2 0.0558 -0.139 
-15.1 0.0626 -0.148 
-15.1 0.0723 -0.145 
-15.1 0.0805 -0.142 
-15.1 0.0891 -0.135 
-15.1 0.0973 -0.132 
-15.1 0.105 -0.134 
-15.1 0.108 -0.139 
-15.1 0.108 -0.147 
-15.1 0.11 -0.15 
-15.1 0.0891 -0.157 
-15.1 0.0878 -0.154 
-15.1 0.104 -0.153 
-15.1 0.0993 -0.157 
-15.2 0.0904 -0.158 
-15.2 0.0915 -0.156 
-15.2 0.0936 -0.153 
-15.2 0.0955 -0.147 
-15.2 0.0901 -0.14 
-15.2 0.0887 -0.137 
-15.2 0.0875 -0.133 
-15.2 0.0865 -0.128 
-15.2 0.0881 -0.121 
-15.2 0.0906 -0.113 
-15.2 0.0873 -0.102 
-15.2 0.0861 -0.0993 
-15.2 0.0867 -0.0962 
-15.2 0.0875 -0.0943 
-15.2 0.0883 -0.0922 
-15.2 0.088 -0.0884 
-15.2 0.0872 -0.0812 
-15.2 0.0911 -0.0824 
-15.2 0.0957 -0.0814 
-15.1 0.102 -0.077 
-15.2 0.101 -0.0773 
-15.1 0.11 -0.0749 
-15.1 0.114 -0.0733 
-15.1 0.116 -0.073 
-15.1 0.116 -0.0738 
-15.1 0.114 -0.0768 
-15.1 0.111 -0.0788 
-15.1 0.107 -0.0795 
-15.1 0.104 -0.0796 
-15.1 0.105 -0.0795 
-15.1 0.107 -0.0778 
-15.1 0.107 -0.0768 
-15.1 0.108 -0.0732 
-15.1 0.106 -0.0719 
-15.1 0.109 -0.0668 
-15.1 0.106 -0.0678 
-15.1 0.105 -0.0656 
-15.1 0.103 -0.0637 
-15.1 0.0962 -0.0577 
-15.1 0.0941 -0.0574 
-15.1 0.0913 -0.0566 
-15.2 0.0771 -0.0495 
-15.2 0.084 -0.0568 
-15.2 0.0834 -0.0571 
-15.2 0.0821 -0.058 
-15.2 0.0767 -0.0576 
-15.1 0.0797 -0.0568 
-15.1 0.0809 -0.0613 
-15.1 0.082 -0.0655 
-15.1 0.0792 -0.068 
-15.1 0.0799 -0.0679 
-15.1 0.0792 -0.0717 
-15.1 0.08 -0.0704 
-15.1 0.0791 -0.0706 
-15.1 0.0767 -0.072 
-15.1 0.0743 -0.0704 
-15.2 0.0707 -0.0688 
-15.2 0.0681 -0.0675 
-15.2 0.067 -0.0648 
-15.2 0.0655 -0.0645 
-15.2 0.065 -0.063 
-15.2 0.0682 -0.0627 
-15.2 0.0705 -0.0633 
-15.2 0.0713 -0.0623 
-15.1 0.0747 -0.0603 
-15.1 0.0811 -0.0566 
-15.1 0.0804 -0.0567 
-15.1 0.0818 -0.0571 
-15.1 0.0812 -0.0558 
-15.1 0.0829 -0.0561 
-15.1 0.0861 -0.0562 
-15.1 0.0871 -0.0577 
-15.1 0.0913 -0.0573 
-15.1 0.097 -0.0606 
-15.1 0.0959 -0.0659 
-15.1 0.103 -0.0649 
-15.1 0.103 -0.0657 
-15.1 0.104 -0.0654 
-15.1 0.106 -0.0652 
-15 0.11 -0.0645 
-15 0.112 -0.0647 
-15 0.117 -0.0612 
-15 0.117 -0.0621 
-15 0.119 -0.0623 
-15 0.116 -0.0646 
-15 0.112 -0.0639 
-15 0.109 -0.0633 
-15.1 0.105 -0.0628 
-15.1 0.1 -0.064 
-15.1 0.0553 -0.0336 
-15.1 0.0922 -0.0652 
-15.1 0.087 -0.0663 
-15.1 0.0837 -0.067 
-15.1 0.0645 -0.0589 
-15.1 0.0652 -0.0695 
-15.1 0.076 -0.0732 
-15.1 0.0731 -0.0752 
-15.1 0.073 -0.0759 
-15.1 0.0721 -0.0764 
-15.1 0.0713 -0.0792 
-15.1 0.0711 -0.0789 
-15.1 0.0692 -0.0799 
-15.1 0.0684 -0.0792 
-15.1 0.0674 -0.0785 
-15.1 0.0643 -0.0784 
-15.1 0.0635 -0.0788 
-15.1 0.0603 -0.0783 
-15.1 0.0599 -0.0774 
-15.2 0.058 -0.0774 
-15.2 0.058 -0.0769 
-15.2 0.0558 -0.0775 
-15.2 0.0556 -0.0777 
-15.2 0.0562 -0.0783 
-15.2 0.0543 -0.0795 
-15.2 0.0547 -0.079 
-15.2 0.0547 -0.0791 
-15.2 0.0554 -0.0783 
-15.2 0.0494 -0.0807 
-15.2 0.0526 -0.0815 
-15.2 0.0527 -0.0815 
-15.2 0.0513 -0.0828 
-15.2 0.0521 -0.0821 
-15.2 0.0523 -0.083 
-15.2 0.0504 -0.0835 
-15.2 0.0505 -0.0832 
-15.2 0.0501 -0.0837 
-15.2 0.0485 -0.0837 
-15.2 0.0484 -0.0837 
-15.2 0.0452 -0.083 
-15.2 0.0435 -0.0828 
-15.2 0.0439 -0.0828 
-15.2 0.0428 -0.0827 
-15.2 0.0433 -0.0831 
-15.2 0.0427 -0.0822 
-15.1 0.0407 -0.082 
-15.1 0.0401 -0.0793 
-15.1 0.0383 -0.0795 
-15.1 0.0371 -0.0794 
-15.1 0.0354 -0.0781 
-15.1 0.033 -0.0772 
-15.1 0.0333 -0.077 
-15.1 0.0318 -0.0756 
-15.1 0.0313 -0.076 
-15.1 0.0288 -0.0749 
-15.1 0.0294 -0.0752 
-15.1 0.0265 -0.0742 
-15.1 0.0273 -0.0745 
-15.1 0.0278 -0.075 
-15.1 0.0284 -0.0753 
-15.1 0.0271 -0.075 
-15.1 0.0274 -0.0748 
-15.1 0.0286 -0.0744 
-15.1 0.0264 -0.0741 
-15.1 0.0268 -0.0739 
-15 0.0259 -0.0719 
-15.1 0.0258 -0.0728 
-15.1 0.0261 -0.0732 
-15 0.0251 -0.0728 
-15 0.025 -0.0733 
-15 0.0256 -0.0729 
-15 0.0207 -0.0724 
-15 0.0214 -0.0702 
-15 0.0195 -0.069 
-15 0.0184 -0.0669 
-15 0.0173 -0.0657 
-15 0.0151 -0.063 
-15 0.0126 -0.064 
-15 0.0123 -0.0602 
-15 0.0129 -0.0602 
-15 0.0108 -0.0606 
-15 0.0117 -0.0591 
-15 0.00355 -0.0574 
-15 0.00348 -0.0575 
-15 -0.0036 -0.0557 
-15 -0.00906 -0.0547 
-15 -0.00885 -0.0564 
-15 -0.0117 -0.0536 
-15 -0.0122 -0.0547 
-15 -0.0142 -0.0529 
-15 -0.0165 -0.0525 
-15 -0.0191 -0.05 
-15 -0.0205 -0.049 
-15 -0.0207 -0.0474 
-15 -0.0199 -0.0473 
-15 -0.0195 -0.0478 
-15 -0.0174 -0.0471 
-15 -0.0161 -0.0476 
-15 -0.0151 -0.047 
-14.9 -0.0155 -0.047 
-14.9 -0.0151 -0.0473 
-14.9 -0.0153 -0.0475 
-14.9 -0.0154 -0.0474 
-14.9 -0.0158 -0.0477 
-14.9 -0.0156 -0.0475 
-14.9 -0.0159 -0.0482 
-14.9 -0.0157 -0.048 
-14.9 -0.0156 -0.0476 
-14.9 -0.0148 -0.0473 
-14.9 -0.0134 -0.0468 
-14.9 -0.0131 -0.0465 
-15 -0.0109 -0.0462 
-15 -0.0106 -0.0464 
-14.9 -0.0108 -0.0465 
-14.9 -0.00903 -0.0471 
-14.9 -0.009 -0.0474 
-14.9 -0.00856 -0.0471 
-14.9 -0.00841 -0.0469 
-14.9 -0.00822 -0.0477 
-14.9 -0.00724 -0.0475 
-14.9 -0.00716 -0.0475 
-14.9 -0.00725 -0.0473 
-14.9 -0.00701 -0.0476 
-14.9 -0.00729 -0.0476 
-14.9 -0.00719 -0.0479 
-14.9 -0.00752 -0.0481 
-14.9 -0.00798 -0.0486 
-14.9 -0.00845 -0.0489 
-14.9 -0.00896 -0.0495 
-14.9 -0.00885 -0.0493 
-14.9 -0.01 -0.0507 
-14.9 -0.00985 -0.0505 
-14.9 -0.0111 -0.0509 
-14.9 -0.00971 -0.0512 
-14.9 -0.00946 -0.0512 
-14.9 -0.00919 -0.0515 
-14.9 -0.0101 -0.0517 
-14.9 -0.0116 -0.0521 
-14.9 -0.0124 -0.0524 
-14.9 -0.0134 -0.0528 
-14.9 -0.0146 -0.0529 
-14.9 -0.0152 -0.0521 
-14.9 -0.0158 -0.0526 
-14.9 -0.0157 -0.0521 
-14.9 -0.0156 -0.0518 
-14.9 -0.0149 -0.0502 
-14.9 -0.0125 -0.048 
-14.9 -0.0103 -0.0469 
-14.9 -0.00761 -0.0462 
-14.9 -0.00437 -0.0459 
-14.9 -0.000741 -0.046 
-15 0.00288 -0.0469 
-15 0.00791 -0.0474 
-15 0.0112 -0.0481 
-15 0.0112 -0.0483 
-15 0.014 -0.049 
-15 0.015 -0.0488 
-15 0.0189 -0.05 
-15 0.0201 -0.05 
-15 0.0209 -0.0498 
-15 0.024 -0.0513 
-15 0.0245 -0.0504 
-15 0.0286 -0.0505 
-15 0.0285 -0.051 
-15 0.0324 -0.0507 
-15 0.0319 -0.0506 
-15 0.0368 -0.0503 
-15 0.0377 -0.0504 
-15 0.0441 -0.0517 
-15 0.0496 -0.0527 
-15 0.0552 -0.054 
-15 0.0612 -0.0544 
-15 0.0672 -0.0559 
-15 0.0722 -0.0582 
-15 0.0779 -0.0601 
-15 0.083 -0.062 
-15 0.0887 -0.0635 
-15 0.0961 -0.0665 
-15.1 0.105 -0.0673 
-15.1 0.114 -0.0698 
-15.1 0.123 -0.0713 
-15.1 0.132 -0.0732 
-15.1 0.14 -0.0748 
-15.1 0.147 -0.0765 
-15.1 0.155 -0.0785 
-15.1 0.162 -0.0796 
-15.1 0.167 -0.0809 
-15.1 0.174 -0.083 
-15.1 0.177 -0.0844 
-15.1 0.179 -0.0902 
-15.1 0.181 -0.0933 
-15.1 0.184 -0.096 
-15.1 0.186 -0.0987 
-15.1 0.19 -0.101 
-15.2 0.191 -0.104 
-15.2 0.193 -0.107 
-15.1 0.195 -0.109 
-15.1 0.199 -0.111 
-15.1 0.201 -0.113 
-15.1 0.202 -0.116 
-15.1 0.206 -0.117 
-15.1 0.21 -0.119 
-15.1 0.215 -0.121 
-15.1 0.219 -0.122 
-15.1 0.222 -0.121 
-15.1 0.23 -0.122 
-15.1 0.23 -0.122 
-15.1 0.237 -0.123 
-15.1 0.238 -0.123 
-15.1 0.247 -0.124 
-15.1 0.245 -0.123 
-15.1 0.251 -0.122 
-15 0.257 -0.121 
-15 0.264 -0.12 
-15 0.268 -0.118 
-15 0.27 -0.117 
-15 0.273 -0.144 
-15 0.271 -0.115 
-15 0.277 -0.113 
-15 0.281 -0.112 
-15 0.283 -0.112 
-15 0.285 -0.112 
-15 0.286 -0.111 
-15 0.284 -0.137 
-15 0.284 -0.109 
-15 0.285 -0.108 
-15 0.285 -0.107 
-15 0.284 -0.107 
-15 0.282 -0.106 
-15 0.28 -0.105 
-14.9 0.279 -0.105 
-14.9 0.277 -0.103 
-14.9 0.278 -0.103 
-14.9 0.275 -0.103 
-14.9 0.277 -0.103 
-14.9 0.274 -0.103 
-14.9 0.274 -0.103 
-14.9 0.272 -0.103 
-14.9 0.273 -0.104 
-14.9 0.27 -0.105 
-14.9 0.269 -0.104 
-14.9 0.268 -0.104 
-14.9 0.267 -0.105 
-14.9 0.265 -0.105 
-14.9 0.264 -0.105 
-14.9 0.265 -0.105 
-14.9 0.265 -0.104 
-14.9 0.265 -0.102 
-14.9 0.266 -0.1 
-14.9 0.267 -0.0992 
-14.9 0.268 -0.0978 
-14.9 0.269 -0.0974 
-14.9 0.269 -0.0974 
-14.9 0.269 -0.0983 
-14.9 0.269 -0.0996 
-14.9 0.268 -0.102 
-14.9 0.266 -0.104 
-14.9 0.266 -0.104 
-14.9 0.266 -0.104 
-14.9 0.266 -0.105 
-14.9 0.267 -0.104 
-14.9 0.265 -0.104 
-14.9 0.266 -0.102 
-14.9 0.267 -0.0998 
-14.9 0.267 -0.0983 
-14.9 0.267 -0.0961 
-14.9 0.267 -0.0938 
-14.9 0.269 -0.0906 
-14.9 0.27 -0.0881 
-14.9 0.27 -0.0885 
-14.9 0.271 -0.0878 
-14.9 0.272 -0.0879 
-14.9 0.272 -0.0893 
-14.9 0.271 -0.0907 
-14.9 0.272 -0.0919 
-14.9 0.271 -0.0932 
-14.9 0.27 -0.0936 
-14.9 0.27 -0.0929 
-14.9 0.269 -0.0929 
-14.9 0.268 -0.0926 
-14.9 0.268 -0.0915 
-14.9 0.267 -0.0913 
-14.9 0.266 -0.0893 
-14.9 0.266 -0.0895 
-14.9 0.265 -0.0886 
-14.9 0.264 -0.089 
-14.9 0.263 -0.0879 
-14.9 0.262 -0.0872 
-14.9 0.261 -0.0875 
-14.9 0.26 -0.0879 
-14.9 0.258 -0.0892 
-14.9 0.256 -0.0902 
-14.9 0.255 -0.0908 
-14.9 0.256 -0.0901 
-14.9 0.256 -0.0902 
-14.9 0.257 -0.0897 
-14.9 0.258 -0.0891 
-14.9 0.259 -0.0886 
-14.9 0.261 -0.0877 
-14.9 0.262 -0.0874 
-14.9 0.264 -0.0864 
-14.9 0.267 -0.0855 
-14.9 0.27 -0.0837 
-14.9 0.273 -0.082 
-14.9 0.274 -0.0804 
-14.9 0.276 -0.0786 
-14.9 0.276 -0.0787 
-14.9 0.278 -0.0769 
-14.9 0.278 -0.0764 
-14.9 0.278 -0.0757 
-14.9 0.28 -0.0739 
-14.9 0.28 -0.0741 
-14.9 0.279 -0.0736 
-14.9 0.28 -0.0722 
-14.9 0.279 -0.072 
-14.9 0.279 -0.0714 
-14.9 0.279 -0.0708 
-14.9 0.279 -0.0702 
-14.9 0.279 -0.0684 
-14.9 0.279 -0.0682 
-14.9 0.279 -0.0679 
-14.9 0.279 -0.0675 
-14.9 0.279 -0.0662 
-14.9 0.279 -0.066 
-14.9 0.279 -0.0654 
-14.9 0.279 -0.0646 
-14.9 0.279 -0.0642 
-14.8 0.279 -0.0626 
-14.8 0.28 -0.0622 
-14.8 0.279 -0.0614 
-14.8 0.279 -0.0605 
-14.8 0.279 -0.059 
-14.8 0.279 -0.0587 
-14.8 0.279 -0.0584 
-14.8 0.279 -0.0578 
-14.8 0.279 -0.0567 
-14.8 0.279 -0.0564 
-14.8 0.279 -0.0554 
-14.8 0.28 -0.0553 
-14.8 0.28 -0.055 
-14.8 0.28 -0.054 
-14.8 0.28 -0.0536 
-14.8 0.28 -0.0531 
-14.8 0.28 -0.0529 
-14.8 0.281 -0.0522 
-14.8 0.28 -0.0516 
-14.8 0.28 -0.051 
-14.8 0.28 -0.0504 
-14.8 0.28 -0.0499 
-14.8 0.28 -0.0491 
-14.8 0.279 -0.0483 
-14.8 0.278 -0.0485 
-14.8 0.278 -0.0489 
-14.8 0.276 -0.049 
-14.8 0.277 -0.0482 
-14.8 0.277 -0.0473 
-14.8 0.277 -0.0461 
-14.8 0.277 -0.0453 
-14.8 0.276 -0.0445 
-14.8 0.275 -0.0431 
-14.8 0.274 -0.0421 
-14.8 0.274 -0.0418 
-14.8 0.274 -0.0399 
-14.8 0.274 -0.0382 
-14.8 0.273 -0.0372 
-14.8 0.272 -0.0359 
-14.8 0.272 -0.0342 
-14.8 0.271 -0.0328 
-14.8 0.271 -0.0321 
-14.9 0.253 -0.0406 
-14.8 0.27 -0.0295 
-14.8 0.27 -0.0307 
-14.8 0.27 -0.0306 
-14.8 0.27 -0.0302 
-14.8 0.27 -0.0295 
-14.8 0.271 -0.0287 
-14.9 0.271 -0.0269 
-14.9 0.271 -0.0248 
-14.9 0.272 -0.0226 
-14.9 0.272 -0.0211 
-14.9 0.272 -0.0203 
-14.9 0.272 -0.0202 
-14.9 0.271 -0.02 
-14.9 0.272 -0.0196 
-14.9 0.269 -0.00696 
-15 0.263 -0.00257 
-14.9 0.273 -0.02 
-14.9 0.272 -0.0196 
-14.9 0.272 -0.0189 
-14.9 0.272 -0.019 
-14.9 0.272 -0.0189 
-14.9 0.272 -0.0189 
-14.9 0.272 -0.0194 
-14.9 0.272 -0.0194 
-14.9 0.271 -0.0205 
-14.9 0.271 -0.0199 
-14.9 0.271 -0.0196 
-14.9 0.271 -0.0194 
-14.9 0.271 -0.0192 
-14.9 0.27 -0.0182 
-14.9 0.269 -0.0182 
-14.9 0.269 -0.0182 
-14.9 0.267 -0.0177 
-14.9 0.267 -0.0172 
-14.9 0.267 -0.0154 
-14.9 0.268 -0.015 
-14.9 0.267 -0.0133 
-14.9 0.267 -0.0128 
-14.9 0.266 -0.011 
-14.9 0.265 -0.00904 
-14.9 0.264 -0.00809 
-14.9 0.264 -0.00649 
-14.9 0.262 -0.00576 
-14.9 0.26 -0.00445 
-14.9 0.259 -0.00295 
-14.9 0.258 -0.00216 
-14.9 0.256 -0.00112 
-14.9 0.254 -0.000858 
-14.9 0.254 0.000943 
-14.9 0.252 0.000678 
-14.9 0.251 0.00163 
-14.9 0.25 0.0021 
-14.9 0.251 0.00313 
-14.9 0.25 0.00475 
-15 0.251 0.00536 
-15 0.25 0.00673 
-15 0.25 0.00739 
-15 0.25 0.00909 
-15 0.251 0.0102 
-15 0.252 0.0113 
-15 0.252 0.0114 
-15 0.251 0.0118 
-15 0.251 0.0124 
-15 0.25 0.014 
-15 0.25 0.0144 
-15 0.251 0.0179 
-15 0.248 0.016 
-15 0.247 0.0167 
-15 0.247 0.0168 
-15 0.246 0.0168 
-15 0.246 0.0225 
-15 0.245 0.016 
-15 0.245 0.0164 
-15 0.245 0.0165 
-15 0.245 0.0173 
-15 0.245 0.0163 
-15 0.245 0.0167 
-15 0.244 0.0169 
-15 0.244 0.0167 
-15 0.243 0.0175 
-15 0.243 0.0174 
-15 0.242 0.0177 
-15 0.243 0.0182 
-15 0.243 0.0194 
-15 0.243 0.0205 
-14.9 0.243 0.0219 
-14.9 0.243 0.0222 
-14.9 0.242 0.0223 
-14.9 0.241 0.0229 
-14.9 0.242 0.0235 
-14.9 0.242 0.0245 
-14.9 0.243 0.0248 
-14.9 0.242 0.0251 
-14.9 0.242 0.0257 
-14.9 0.243 0.0271 
-14.9 0.243 0.0281 
-14.9 0.243 0.0295 
-14.9 0.243 0.0297 
-14.9 0.243 0.0314 
-14.9 0.243 0.0318 
-14.9 0.243 0.0332 
-14.9 0.243 0.0334 
-14.9 0.242 0.0351 
-14.9 0.242 0.0357 
-14.9 0.242 0.0372 
-14.9 0.241 0.0368 
-14.9 0.24 0.0369 
-14.9 0.239 0.0376 
-14.9 0.239 0.0379 
-14.9 0.238 0.039 
-14.9 0.239 0.0392 
-14.9 0.239 0.0393 
-14.9 0.238 0.0397 
-14.9 0.238 0.0396 
-14.9 0.238 0.0399 
-14.9 0.237 0.0406 
-14.9 0.237 0.0408 
-14.9 0.237 0.0423 
-14.9 0.237 0.0424 
-14.9 0.236 0.0434 
-14.9 0.236 0.0435 
-14.9 0.235 0.0438 
-14.9 0.235 0.0434 
-14.9 0.233 0.0438 
-14.9 0.232 0.0438 
-14.8 0.231 0.0441 
-14.8 0.229 0.0456 
-14.8 0.229 0.0449 
-14.8 0.228 0.046 
-14.8 0.228 0.0462 
-14.8 0.228 0.0462 
-14.8 0.227 0.0467 
-14.8 0.227 0.0468 
-14.8 0.226 0.0468 
-14.8 0.225 0.0501 
-14.8 0.225 0.0497 
-14.8 0.225 0.0505 
-14.8 0.226 0.0494 
-14.8 0.225 0.0494 
-14.8 0.225 0.0497 
-14.8 0.225 0.0508 
-14.8 0.224 0.0508 
-14.8 0.224 0.0511 
-14.8 0.225 0.0524 
-14.8 0.225 0.0521 
-14.8 0.225 0.0523 
-14.8 0.226 0.0511 
-14.8 0.226 0.0506 
-14.8 0.227 0.0503 
-14.8 0.227 0.0496 
-14.8 0.227 0.0495 
-14.8 0.227 0.0495 
-14.8 0.227 0.0498 
-14.8 0.227 0.0503 
-14.8 0.228 0.0485 
-14.8 0.229 0.0464 
-14.8 0.229 0.0463 
-14.8 0.228 0.0463 
-14.8 0.228 0.0465 
-14.8 0.228 0.0465 
-14.8 0.228 0.0466 
-14.8 0.228 0.0463 
-14.8 0.228 0.0467 
-14.8 0.228 0.0466 
-14.8 0.228 0.0461 
-14.8 0.227 0.0461 
-14.8 0.227 0.046 
-14.8 0.227 0.0461 
-14.8 0.227 0.046 
-14.8 0.227 0.0458 
-14.8 0.227 0.0458 
-14.8 0.227 0.0456 
-14.8 0.226 0.0452 
-14.8 0.226 0.0452 
-14.8 0.226 0.0446 
-14.8 0.226 0.0441 
-14.8 0.226 0.0436 
-14.8 0.226 0.0437 
-14.7 0.227 0.0434 
-14.7 0.227 0.0436 
-14.7 0.227 0.0435 
-14.7 0.227 0.0435 
-14.7 0.227 0.0434 
-14.7 0.227 0.0435 
-14.7 0.227 0.0436 
-14.7 0.227 0.0436 
-14.7 0.227 0.0436 
-14.7 0.227 0.0435 
-14.7 0.227 0.0435 
-14.7 0.227 0.0433 
-14.7 0.227 0.0432 
-14.7 0.227 0.043 
-14.7 0.227 0.043 
-14.7 0.227 0.0428 
-14.7 0.228 0.0428 
-14.7 0.228 0.0424 
-14.6 0.228 0.042 
-14.6 0.229 0.0415 
-14.6 0.229 0.0413 
-14.6 0.229 0.0411 
-14.6 0.229 0.041 
-14.6 0.229 0.041 
-14.6 0.229 0.0407 
-14.6 0.229 0.0407 
-14.6 0.229 0.0406 
-14.6 0.229 0.0407 
-14.6 0.228 0.0405 
-14.6 0.229 0.0405 
-14.6 0.229 0.0405 
-14.6 0.228 0.0403 
-14.6 0.229 0.0402 
-14.6 0.229 0.04 
-14.6 0.229 0.0399 
-14.5 0.228 0.0398 
-14.5 0.228 0.0397 
-14.5 0.228 0.0395 
-14.5 0.228 0.0395 
-14.5 0.228 0.0394 
-14.5 0.228 0.0394 
-14.5 0.228 0.0395 
-14.5 0.228 0.0394 
-14.5 0.228 0.0393 
-14.5 0.228 0.0393 
-14.5 0.229 0.0371 
-14.5 0.229 0.0397 
-14.5 0.228 0.0388 
-14.5 0.228 0.0385 
-14.5 0.228 0.0385 
-14.5 0.226 0.0385 
-14.5 0.228 0.0383 
-14.5 0.23 0.0356 
-14.5 0.227 0.0376 
-14.5 0.227 0.0375 
-14.5 0.227 0.0375 
-14.5 0.227 0.0375 
-14.5 0.226 0.0371 
-14.5 0.226 0.0371 
-14.5 0.226 0.0367 
-14.5 0.226 0.0366 
-14.5 0.225 0.0366 
-14.5 0.225 0.0364 
-14.5 0.224 0.0356 
-14.5 0.224 0.0358 
-14.5 0.224 0.0357 
-14.5 0.224 0.0357 
-14.5 0.223 0.0345 
-14.5 0.224 0.0351 
-14.5 0.224 0.035 
-14.5 0.224 0.0349 
-14.5 0.223 0.0361 
-14.5 0.224 0.0345 
-14.5 0.224 0.0345 
-14.5 0.224 0.0342 
-14.5 0.224 0.0342 
-14.5 0.222 0.0333 
-14.5 0.224 0.0343 
-14.5 0.223 0.0339 
-14.5 0.224 0.0344 
-14.5 0.224 0.0343 
-14.5 0.224 0.0343 
-14.5 0.224 0.0342 
-14.5 0.224 0.0342 
-14.5 0.224 0.0342 
-14.5 0.224 0.0343 
-14.5 0.224 0.0344 
-14.5 0.226 0.035 
-14.5 0.224 0.0344 
-14.5 0.225 0.0346 
-14.5 0.225 0.0345 
-14.5 0.225 0.0339 
-14.5 0.225 0.0333 
-14.5 0.226 0.0342 
-14.4 0.226 0.0338 
-14.4 0.225 0.0336 
-14.4 0.226 0.0336 
-14.4 0.225 0.0333 
-14.4 0.225 0.0334 
-14.4 0.226 0.0336 
-14.4 0.225 0.0334 
-14.4 0.224 0.0328 
-14.4 0.225 0.0331 
-14.4 0.225 0.0325 
-14.4 0.225 0.0325 
-14.3 0.227 0.0328 
-14.3 0.227 0.0328 
-14.3 0.224 0.0316 
-14.3 0.224 0.0318 
-14.3 0.227 0.0325 
-14.3 0.227 0.0325 
-14.3 0.227 0.0326 
-14.3 0.228 0.0328 
-14.3 0.228 0.0328 
-14.3 0.228 0.0328 
-14.3 0.227 0.0327 
-14.3 0.227 0.0327 
-14.3 0.227 0.0328 
-14.3 0.227 0.0325 
-14.3 0.227 0.0323 
-14.3 0.227 0.0319 
-14.3 0.227 0.032 
-14.3 0.227 0.0322 
-14.3 0.227 0.0323 
-14.3 0.228 0.0323 
-14.3 0.228 0.0324 
-14.3 0.228 0.0322 
-14.3 0.228 0.0322 
-14.3 0.228 0.0322 
-14.3 0.228 0.0321 
-14.3 0.228 0.0321 
-14.2 0.228 0.0316 
-14.2 0.228 0.0317 
-14.2 0.228 0.0318 
-14.2 0.23 0.0321 
-14.2 0.229 0.0318 
-14.2 0.228 0.032 
-14.2 0.229 0.0318 
-14.2 0.228 0.0316 
-14.2 0.228 0.0316 
-14.2 0.228 0.0317 
-14.2 0.228 0.0313 
-14.2 0.228 0.0313 
-14.2 0.227 0.0301 
-14.2 0.227 0.0305 
-14.2 0.227 0.0307 
-14.2 0.227 0.0307 
-14.2 0.226 0.0299 
-14.2 0.226 0.03 
-14.2 0.225 0.0296 
-14.2 0.225 0.0297 
-14.2 0.224 0.0292 
-14.2 0.224 0.0294 
-14.2 0.225 0.0295 
-14.2 0.225 0.0297 
-14.2 0.224 0.0296 
-14.2 0.224 0.0298 
-14.2 0.224 0.0298 
-14.2 0.225 0.0299 
-14.2 0.225 0.0298 
-14.2 0.225 0.0295 
-14.2 0.225 0.0294 
-14.2 0.225 0.0293 
-14.1 0.225 0.0293 
-14.1 0.225 0.0293 
-14.1 0.225 0.0286 
-14.1 0.225 0.0285 
-14.1 0.225 0.0286 
-14.1 0.225 0.0286 
-14.1 0.225 0.0287 
-14.1 0.225 0.0286 
-14.1 0.223 0.0277 
-14.1 0.224 0.0285 
-14.1 0.224 0.0284 
-14.1 0.224 0.0273 
-14.1 0.224 0.0274 
-14.1 0.224 0.0275 
-14.1 0.224 0.0275 
-14.1 0.225 0.0274 
-14.1 0.225 0.0274 
-14.1 0.224 0.0272 
-14.1 0.225 0.0273 
-14.1 0.225 0.0274 
-14.1 0.225 0.0273 
-14.1 0.226 0.0273 
-14.1 0.227 0.0273 
-14.1 0.228 0.0277 
-14.1 0.228 0.0276 
-14.1 0.228 0.0274 
-14.1 0.226 0.0266 
-14.1 0.226 0.027 
-14.1 0.227 0.0261 
-14.1 0.227 0.026 
-14.1 0.228 0.0262 
-14.1 0.228 0.0261 
-14.1 0.228 0.026 
-14.1 0.228 0.0249 
-14.1 0.228 0.0253 
-14.1 0.227 0.0251 
-14.1 0.225 0.0234 
-14.1 0.226 0.0246 
-14.1 0.226 0.0244 
-14.1 0.226 0.0238 
-14.1 0.226 0.0242 
-14.1 0.226 0.0229 
-14.1 0.226 0.0232 
-14.1 0.225 0.0226 
-14.1 0.225 0.0223 
-14.1 0.225 0.0223 
-14.1 0.225 0.0222 
-14.1 0.226 0.0215 
-14.1 0.226 0.0217 
-14.1 0.226 0.0205 
-14.1 0.226 0.0208 
-14.1 0.226 0.0198 
-14.1 0.226 0.0202 
-14.1 0.227 0.0194 
-14.1 0.227 0.0196 
-14.1 0.227 0.0192 
-14.1 0.227 0.0195 
-14.1 0.227 0.0196 
-14.1 0.227 0.0197 
-14.1 0.227 0.0197 
-14.1 0.229 0.0204 
-14 0.227 0.0188 
-14 0.227 0.0182 
-14 0.227 0.0178 
-14 0.227 0.0175 
-14 0.229 0.0164 
-14 0.229 0.0156 
-14 0.231 0.0147 
-14 0.231 0.0134 
-14 0.234 0.013 
-13.9 0.234 0.0122 
-13.9 0.235 0.0108 
-13.9 0.237 0.0105 
-13.9 0.24 0.00933 
-13.9 0.243 0.00897 
-13.8 0.243 0.00851 
-13.8 0.245 0.00847 
-13.8 0.242 0.00772 
-13.8 0.244 0.006 
-13.8 0.245 0.0041 
-13.8 0.246 0.00336 
-13.8 0.248 0.00281 
-13.7 0.249 0.00305 
-13.7 0.25 0.00339 
-13.7 0.252 0.00347 
-13.7 0.253 0.00355 
-13.7 0.255 0.00364 
-13.7 0.255 0.00389 
-13.7 0.257 0.004 
-13.7 0.258 0.00417 
-13.7 0.26 0.00297 
-13.7 0.262 0.00292 
-13.7 0.264 0.00283 
-13.7 0.264 -0.023 
-13.7 0.265 -0.0135 
-13.7 0.266 -6.66e-05 
-13.7 0.268 -8.1e-05 
-13.7 0.269 0.000651 
-13.7 0.269 0.000572 
-13.7 0.271 0.00161 
-13.7 0.271 0.00172 
-13.7 0.274 0.0028 
-13.7 0.274 0.00269 
-13.7 0.274 0.00258 
-13.7 0.275 0.00249 
-13.7 0.275 0.00261 
-13.7 0.275 0.00272 
-13.7 0.273 0.00182 
-13.7 0.273 0.000932 
-13.7 0.273 -0.000115 
-13.7 0.272 -0.0013 
-13.7 0.273 -0.0108 
-13.7 0.299 -0.00868 
-13.7 0.273 -0.00916 
-13.7 0.274 -0.00575 
-13.7 0.275 -0.00642 
-13.7 0.275 -0.0063 
-13.7 0.277 -0.00631 
-13.7 0.277 -0.00623 
-13.7 0.278 -0.00681 
-13.7 0.276 -0.0076 
-13.7 0.276 -0.00768 
-13.7 0.276 -0.00769 
-13.7 0.277 -0.00775 
-13.7 0.277 -0.00767 
-13.7 0.278 -0.0078 
-13.7 0.277 -0.00825 
-13.7 0.278 -0.00848 
-13.7 0.277 -0.00845 
-13.7 0.278 -0.00842 
-13.7 0.278 -0.00886 
-13.7 0.278 -0.00922 
-13.7 0.277 -0.00926 
-13.7 0.276 -0.0105 
-13.7 0.275 -0.0109 
-13.7 0.274 -0.0121 
-13.7 0.274 -0.0121 
-13.7 0.275 -0.0126 
-13.7 0.276 -0.0124 
-13.7 0.278 -0.0124 
-13.7 0.277 -0.0129 
-13.7 0.277 -0.0129 
-13.7 0.277 -0.0133 
-13.7 0.277 -0.0132 
-13.7 0.277 -0.0132 
-13.7 0.277 -0.0132 
-13.7 0.277 -0.0135 
-13.7 0.277 -0.014 
-13.7 0.277 -0.0141 
-13.7 0.277 -0.0141 
-13.7 0.276 -0.014 
-13.7 0.276 -0.014 
-13.7 0.276 -0.0139 
-13.7 0.278 -0.0133 
-13.7 0.28 -0.0131 
-13.7 0.28 -0.0134 
-13.7 0.28 -0.0132 
-13.7 0.281 -0.0131 
-13.7 0.281 -0.0131 
-13.7 0.282 -0.0127 
-13.7 0.28 -0.0128 
-13.7 0.284 -0.0118 
-13.7 0.283 -0.0119 
-13.7 0.286 -0.0117 
-13.7 0.286 -0.0121 
-13.7 0.286 -0.012 
-13.7 0.286 -0.0176 
-13.7 0.288 -0.0123 
-13.7 0.289 -0.013 
-13.7 0.292 -0.0129 
-13.7 0.294 -0.0156 
-13.7 0.302 -0.0227 
-13.6 0.296 -0.0152 
-13.6 0.297 -0.0156 
-13.6 0.296 -0.0168 
-13.6 0.296 -0.018 
-13.6 0.295 -0.0184 
-13.6 0.294 -0.0181 
-13.6 0.295 -0.0177 
-13.6 0.295 -0.0183 
-13.6 0.295 -0.0185 
-13.6 0.295 -0.0192 
-13.6 0.295 -0.0202 
-13.6 0.295 -0.0209 
-13.6 0.297 -0.02 
-13.5 0.297 -0.0207 
-13.5 0.298 -0.0217 
-13.5 0.298 -0.0227 
-13.5 0.298 -0.0231 
-13.5 0.299 -0.024 
-13.5 0.299 -0.025 
-13.5 0.3 -0.0252 
-13.5 0.3 -0.0254 
-13.5 0.3 -0.0254 
-13.5 0.301 -0.0249 
-13.5 0.301 -0.0258 
-13.4 0.302 -0.0256 
-13.4 0.303 -0.0253 
-13.4 0.303 -0.0252 
-13.4 0.304 -0.0249 
-13.4 0.304 -0.0247 
-13.4 0.304 -0.0239 
-13.4 0.303 -0.0244 
-13.4 0.304 -0.024 
-13.4 0.305 -0.0228 
-13.4 0.306 -0.0212 
-13.4 0.306 -0.0197 
-13.4 0.307 -0.0182 
-13.4 0.308 -0.0166 
-13.4 0.309 -0.0153 
-13.4 0.31 -0.0144 
-13.4 0.311 -0.0133 
-13.4 0.311 -0.0128 
-13.4 0.311 -0.0124 
-13.4 0.311 -0.0121 
-13.4 0.312 -0.0113 
-13.4 0.311 -0.0106 
-13.4 0.31 -0.0101 
-13.4 0.31 -0.00969 
-13.4 0.31 -0.0097 
-13.2 0.28 0.037 
-13.4 0.311 -0.00779 
-13.4 0.308 -0.00911 
-13.3 0.29 0.0489 
-13.3 0.31 -0.00971 
-13.3 0.305 -0.00782 
-13.3 0.304 -0.00704 
-13.3 0.303 -0.0066 
-13.3 0.304 -0.00647 
-13.3 0.303 -0.00654 
-13.3 0.302 -0.00652 
-13.3 0.301 -0.00669 
-13.3 0.301 -0.00641 
-13.3 0.3 -0.00597 
-13.3 0.3 -0.00549 
-13.3 0.299 -0.00495 
-13.3 0.299 -0.00529 
-13.3 0.299 -0.00438 
-13.3 0.298 -0.00466 
-13.3 0.298 -0.00395 
-13.3 0.297 -0.00292 
-13.3 0.297 -0.00262 
-13.3 0.296 -0.00216 
-13.2 0.296 -0.00113 
-13.2 0.296 -0.000279 
-13.2 0.296 -0.000283 
-13.2 0.294 -3.77e-05 
-13.2 0.294 0.000117 
-13.2 0.293 0.000443 
-13.2 0.293 0.00046 
-13.2 0.291 0.000915 
-13.2 0.291 0.00101 
-13.2 0.29 0.00197 
-13.2 0.29 0.00224 
-13.2 0.291 0.00261 
-13.2 0.29 0.00364 
-13.2 0.29 0.00401 
-13.2 0.291 0.00446 
-13.2 0.291 0.00571 
-13.2 0.291 0.00604 
-13.2 0.292 0.00687 
-13.2 0.292 0.00755 
-13.2 0.293 0.00948 
-13.2 0.293 0.0098 
-13.2 0.293 0.0103 
-13.2 0.294 0.0122 
-13.2 0.294 0.0122 
-13.2 0.294 0.0127 
-13.2 0.294 0.0131 
-13.2 0.295 0.0137 
-13.2 0.296 0.0163 
-13.2 0.297 0.0168 
-13.2 0.297 0.0169 
-13.2 0.297 0.0169 
-13.2 0.296 0.0181 
-13.2 0.296 0.0181 
-13.3 0.296 0.0182 
-13.3 0.296 0.018 
-13.3 0.296 0.018 
-13.3 0.298 0.0176 
-13.3 0.298 0.0176 
-13.3 0.298 0.0176 
-13.3 0.297 0.0172 
-13.3 0.297 0.0176 
-13.3 0.298 0.0176 
-13.3 0.296 0.0171 
-13.3 0.296 0.0173 
-13.3 0.296 0.0166 
-13.3 0.296 0.0165 
-13.3 0.295 0.0163 
-13.3 0.296 0.0166 
-13.3 0.295 0.0165 
-13.3 0.294 0.0164 
-13.3 0.294 0.0167 
-13.3 0.294 0.0168 
-13.3 0.294 0.0171 
-13.3 0.295 0.0176 
-13.3 0.295 0.0173 
-13.3 0.295 0.0178 
-13.3 0.295 0.0176 
-13.3 0.296 0.0183 
-13.3 0.296 0.0187 
-13.3 0.297 0.019 
-13.3 0.297 0.0192 
-13.3 0.297 0.0193 
-13.3 0.298 0.0197 
-13.3 0.298 0.0201 
-13.3 0.299 0.0208 
-13.3 0.3 0.0219 
-13.3 0.3 0.0229 
-13.3 0.301 0.0237 
-13.3 0.301 0.0244 
-13.3 0.301 0.0249 
-13.3 0.3 0.0252 
-13.3 0.301 0.0275 
-13.3 0.301 0.0283 
-13.3 0.301 0.0288 
-13.3 0.301 0.0291 
-13.3 0.3 0.0266 
-13.3 0.3 0.027 
-13.3 0.301 0.0276 
-13.3 0.3 0.0277 
-13.3 0.3 0.0278 
-13.3 0.299 0.0277 
-13.2 0.299 0.0276 
-13.2 0.299 0.0271 
-13.2 0.298 0.0265 
-13.2 0.297 0.0259 
-13.2 0.297 0.026 
-13.2 0.297 0.0258 
-13.2 0.296 0.0256 
-13.2 0.296 0.0253 
-13.2 0.296 0.0254 
-13.2 0.295 0.0255 
-13.2 0.296 0.0253 
-13.2 0.295 0.025 
-13.2 0.295 0.0246 
-13.2 0.295 0.0241 
-13.2 0.295 0.0237 
-13.2 0.295 0.0233 
-13.2 0.295 0.0229 
-13.2 0.295 0.0224 
-13.2 0.295 0.022 
-13.2 0.295 0.0219 
-13.2 0.295 0.0219 
-13.2 0.295 0.0219 
-13.2 0.295 0.0221 
-13.2 0.295 0.0221 
-13.2 0.295 0.0222 
-13.2 0.295 0.0223 
-13.2 0.294 0.0224 
-13.2 0.294 0.0224 
-13.2 0.294 0.0224 
-13.2 0.294 0.0225 
-13.2 0.293 0.0226 
-13.2 0.293 0.0224 
-13.2 0.293 0.0221 
-13.2 0.293 0.022 
-13.2 0.292 0.0218 
-13.2 0.292 0.0217 
-13.1 0.292 0.0217 
-13.2 0.292 0.0217 
-13.1 0.291 0.0217 
-13.1 0.291 0.0217 
-13.1 0.291 0.022 
-13.1 0.291 0.0221 
-13.1 0.292 0.0223 
-13.1 0.292 0.0223 
-13.1 0.292 0.0227 
-13.1 0.292 0.0227 
-13.1 0.292 0.023 
-13.1 0.293 0.0231 
-13.1 0.293 0.0237 
-13.1 0.293 0.0237 
-13.1 0.293 0.024 
-13.1 0.293 0.024 
-13.1 0.292 0.0241 
-13.1 0.292 0.024 
-13.1 0.292 0.024 
-13.1 0.292 0.0241 
-13.1 0.292 0.0242 
-13.1 0.292 0.0242 
-13.1 0.292 0.0242 
-13.1 0.291 0.0241 
-13.1 0.291 0.0242 
-13.1 0.291 0.024 
-13.1 0.291 0.0239 
-13.1 0.291 0.0238 
-13.1 0.291 0.0239 
-13.1 0.291 0.024 
-13.1 0.29 0.024 
-13.1 0.29 0.024 
-13.1 0.29 0.024 
-13.1 0.291 0.0242 
-13.1 0.291 0.0243 
-13.1 0.291 0.0244 
-13.1 0.291 0.0244 
-13.1 0.291 0.0247 
-13.1 0.291 0.0246 
-13 0.291 0.0247 
-13 0.291 0.025 
-13 0.291 0.025 
-13 0.291 0.025 
-13 0.291 0.025 
-13 0.291 0.0249 
-13 0.291 0.0245 
-13 0.291 0.0245 
-13 0.29 0.0244 
-13 0.29 0.0245 
-13 0.29 0.024 
-13 0.291 0.0224 
-13 0.289 0.0202 
-13 0.288 0.024 
-13 0.289 0.0241 
-13 0.289 0.0242 
-13 0.289 0.0244 
-13 0.289 0.0243 
-13 0.289 0.0243 
-13 0.289 0.0243 
-13 0.289 0.0242 
-13 0.289 0.0242 
-13 0.289 0.0243 
-13 0.289 0.0244 
-13 0.289 0.0245 
-13 0.289 0.0246 
-13 0.289 0.0248 
-13 0.289 0.025 
-13 0.289 0.0252 
-13 0.289 0.0254 
-13 0.289 0.0257 
-13 0.289 0.0258 
-12.9 0.289 0.0261 
-12.9 0.289 0.0263 
-12.9 0.289 0.0265 
-12.9 0.289 0.027 
-12.9 0.289 0.0269 
-12.9 0.289 0.0271 
-12.9 0.289 0.0272 
-12.9 0.288 0.0273 
-12.9 0.288 0.0275 
-12.9 0.288 0.0277 
-12.9 0.288 0.028 
-12.9 0.288 0.028 
-12.9 0.288 0.028 
-12.9 0.288 0.0282 
-12.9 0.288 0.0282 
-12.9 0.288 0.0283 
-12.9 0.289 0.0282 
-12.9 0.289 0.0284 
-12.9 0.289 0.0283 
-12.9 0.289 0.0283 
-12.9 0.289 0.0285 
-12.9 0.289 0.0287 
-12.9 0.289 0.029 
-12.9 0.289 0.0291 
-12.9 0.289 0.0296 
-12.9 0.289 0.0296 
-12.9 0.289 0.0297 
-12.9 0.289 0.0296 
-12.9 0.289 0.0294 
-12.9 0.289 0.0294 
-12.9 0.288 0.0294 
-12.9 0.288 0.0293 
-12.9 0.288 0.0291 
-12.9 0.288 0.0291 
-12.9 0.287 0.029 
-12.9 0.287 0.0286 
-12.9 0.287 0.0286 
-12.9 0.287 0.0284 
-12.9 0.287 0.0279 
-12.9 0.287 0.0279 
-12.9 0.287 0.0278 
-12.9 0.286 0.0276 
-12.9 0.286 0.0269 
-12.9 0.286 0.027 
-12.9 0.286 0.0269 
-12.9 0.286 0.0262 
-12.8 0.285 0.0263 
-12.8 0.285 0.0263 
-12.9 0.285 0.0263 
-12.8 0.285 0.0263 
-12.8 0.285 0.0263 
-12.8 0.285 0.0263 
-12.8 0.285 0.0263 
-12.8 0.285 0.0263 
-12.8 0.285 0.0262 
-12.8 0.285 0.0262 
-12.8 0.285 0.0263 
-12.8 0.285 0.0264 
-12.8 0.285 0.0263 
-12.8 0.285 0.0263 
-12.8 0.285 0.0264 
-12.8 0.285 0.0263 
-12.8 0.285 0.0264 
-12.8 0.285 0.0265 
-12.8 0.285 0.0267 
-12.8 0.284 0.0268 
-12.8 0.284 0.0268 
-12.8 0.284 0.027 
-12.8 0.284 0.0271 
-12.8 0.284 0.0272 
-12.8 0.285 0.0273 
-12.8 0.285 0.0274 
-12.8 0.285 0.0275 
-12.8 0.285 0.0276 
-12.8 0.285 0.0277 
-12.8 0.285 0.0278 
-12.8 0.285 0.0278 
-12.8 0.285 0.028 
-12.8 0.285 0.028 
-12.8 0.285 0.028 
-12.8 0.285 0.028 
-12.8 0.285 0.0278 
-12.8 0.285 0.0279 
-12.8 0.285 0.0279 
-12.8 0.285 0.0275 
-12.8 0.285 0.0276 
-12.8 0.285 0.0275 
-12.8 0.285 0.0275 
-12.8 0.285 0.0274 
-12.8 0.285 0.0275 
-12.8 0.285 0.0275 
-12.8 0.285 0.0275 
-12.8 0.285 0.0275 
-12.8 0.285 0.0274 
-12.8 0.285 0.0273 
-12.8 0.285 0.0273 
-12.8 0.285 0.0268 
-12.8 0.284 0.0268 
-12.8 0.284 0.0268 
-12.8 0.284 0.0268 
-12.8 0.284 0.0264 
-12.8 0.284 0.0262 
-12.8 0.284 0.0263 
-12.8 0.283 0.0261 
-12.8 0.283 0.0262 
-12.8 0.283 0.0263 
-12.8 0.283 0.0263 
-12.8 0.283 0.0262 
-12.8 0.283 0.0263 
-12.8 0.284 0.0264 
-12.8 0.284 0.0265 
-12.8 0.284 0.0264 
-12.8 0.283 0.0265 
-12.8 0.283 0.0266 
-12.8 0.283 0.0267 
-12.8 0.283 0.0267 
-12.8 0.283 0.0267 
-12.8 0.283 0.0267 
-12.8 0.283 0.0266 
-12.8 0.283 0.0263 
-12.8 0.284 0.0263 
-12.8 0.283 0.0263 
-12.8 0.284 0.0263 
-12.8 0.284 0.0263 
-12.8 0.284 0.0261 
-12.8 0.284 0.0257 
-12.8 0.284 0.0258 
-12.8 0.284 0.0254 
-12.8 0.284 0.0254 
-12.8 0.284 0.0255 
-12.8 0.284 0.0256 
-12.8 0.283 0.0253 
-12.8 0.283 0.0251 
-12.8 0.283 0.0252 
-12.8 0.283 0.0249 
-12.8 0.283 0.0251 
-12.7 0.283 0.0248 
-12.7 0.283 0.025 
-12.7 0.283 0.0247 
-12.7 0.283 0.0248 
-12.7 0.283 0.0247 
-12.7 0.283 0.0247 
-12.7 0.283 0.0247 
-12.7 0.283 0.0245 
-12.7 0.283 0.0245 
-12.7 0.283 0.0246 
-12.7 0.283 0.0246 
-12.7 0.283 0.0243 
-12.7 0.283 0.024 
-12.7 0.283 0.024 
-12.7 0.283 0.0237 
-12.7 0.282 0.0237 
-12.7 0.282 0.0235 
-12.7 0.282 0.0232 
-12.7 0.282 0.0229 
-12.7 0.282 0.0226 
-12.7 0.282 0.0223 
-12.7 0.282 0.022 
-12.7 0.282 0.0218 
-12.7 0.282 0.0213 
-12.7 0.282 0.0213 
-12.7 0.283 0.0212 
-12.7 0.283 0.0212 
-12.7 0.283 0.021 
-12.7 0.283 0.0207 
-12.7 0.283 0.0207 
-12.7 0.283 0.0202 
-12.7 0.283 0.0202 
-12.7 0.283 0.0204 
-12.7 0.283 0.0207 
-12.7 0.283 0.0208 
-12.7 0.283 0.0211 
-12.7 0.283 0.0212 
-12.7 0.283 0.0213 
-12.7 0.283 0.0214 
-12.7 0.283 0.0215 
-12.7 0.283 0.0216 
-12.7 0.283 0.0216 
-12.7 0.283 0.0217 
-12.7 0.283 0.0218 
-12.7 0.283 0.0218 
-12.7 0.283 0.0219 
-12.7 0.283 0.022 
-12.7 0.283 0.0221 
-12.7 0.283 0.0221 
-12.7 0.283 0.0221 
-12.7 0.283 0.0222 
-12.7 0.283 0.0223 
-12.7 0.283 0.0223 
-12.7 0.283 0.0223 
-12.7 0.283 0.0224 
-12.7 0.283 0.0225 
-12.7 0.283 0.0225 
-12.7 0.283 0.0226 
-12.7 0.283 0.0223 
-12.7 0.283 0.0226 
-12.7 0.283 0.0227 
-12.7 0.283 0.0227 
-12.7 0.283 0.0228 
-12.7 0.282 0.0219 
-12.7 0.283 0.0229 
-12.7 0.283 0.0229 
-12.7 0.283 0.023 
-12.7 0.283 0.023 
-12.7 0.283 0.023 
-12.7 0.283 0.023 
-12.7 0.283 0.0228 
-12.7 0.283 0.0232 
-12.7 0.284 0.0228 
-12.7 0.283 0.0232 
-12.7 0.283 0.0232 
-12.7 0.283 0.0232 
-12.7 0.283 0.0232 
