-25.1 1.18 -0.317 
-30.5 -0.201 -0.644 
-67.4 -0.507 -3.84 
-82.7 -1.33 -4.38 
-93 -1.55 -4.39 
-103 -2.15 -4.39 
-113 -2.8 -3.8 
-109 -2.17 -3.54 
-127 -4.35 -2.88 
-132 -4.76 -2.78 
-132 -4.58 -2.68 
-138 -5.72 -2.44 
175 -2.49 0.798 
176 -2.5 0.792 
176 -2.52 0.777 
180 -2.47 0.615 
-180 -2.47 0.628 
-180 -2.46 0.619 
-179 -2.38 0.501 
-179 -2.37 0.493 
-179 -2.36 0.482 
-179 -2.35 0.473 
169 -0.48 0.197 
162 -0.319 0.244 
162 -0.34 0.252 
162 -0.354 0.265 
164 -0.0356 0.12 
164 -0.0317 0.12 
164 -0.0282 0.127 
164 -0.172 0.185 
164 -0.169 0.188 
165 0.000437 0.112 
165 0.102 0.038 
165 0.0974 0.0219 
165 0.0798 0.0408 
165 0.0839 0.0523 
165 0.0825 0.0497 
165 0.0946 0.0395 
165 0.0779 0.0536 
164 0.0611 0.0664 
165 0.0875 0.0733 
165 0.0875 0.0733 
165 0.0875 0.0733 
165 0.0875 0.0733 
165 0.0875 0.0733 
165 0.0875 0.0733 
165 0.0875 0.0733 
165 0.0875 0.0733 
165 0.0875 0.0733 
165 0.0875 0.0733 
165 0.0875 0.0733 
165 0.0875 0.0733 
165 0.0875 0.0733 
165 0.0875 0.0733 
165 0.0875 0.0733 
165 0.0875 0.0733 
165 0.0875 0.0733 
165 0.0875 0.0733 
165 0.0875 0.0733 
165 0.0875 0.0733 
165 0.0875 0.0733 
165 0.0875 0.0733 
165 0.0875 0.0733 
165 0.0875 0.0733 
165 0.0875 0.0733 
165 0.0875 0.0733 
165 0.0875 0.0733 
165 0.0875 0.0733 
165 0.0875 0.0733 
165 0.0875 0.0733 
165 0.0875 0.0733 
165 0.0875 0.0733 
165 0.0875 0.0733 
165 0.0875 0.0733 
165 0.0875 0.0733 
165 0.0875 0.0733 
165 0.0875 0.0733 
165 0.0875 0.0733 
165 0.0875 0.0733 
165 0.0875 0.0733 
165 0.0875 0.0733 
165 0.0875 0.0733 
165 0.0875 0.0733 
165 0.0875 0.0733 
165 0.0875 0.0733 
165 0.0875 0.0733 
165 0.0875 0.0733 
165 0.0875 0.0733 
165 0.0875 0.0733 
165 0.0875 0.0733 
165 0.0875 0.0733 
165 0.0875 0.0733 
165 0.0875 0.0733 
165 0.0875 0.0733 
165 0.0875 0.0733 
165 0.0875 0.0733 
165 0.0875 0.0733 
165 0.0875 0.0733 
165 0.0875 0.0733 
165 0.0875 0.0733 
165 0.0875 0.0733 
165 0.0875 0.0733 
165 0.0875 0.0733 
165 0.0875 0.0733 
165 0.0875 0.0733 
165 0.0875 0.0733 
165 0.0875 0.0733 
165 0.0875 0.0733 
165 0.0875 0.0733 
165 0.0875 0.0733 
165 0.0875 0.0733 
165 0.0875 0.0733 
165 0.0875 0.0733 
165 0.0875 0.0733 
165 0.0875 0.0733 
165 0.0875 0.0733 
165 0.0875 0.0733 
165 0.0875 0.0733 
165 0.0875 0.0733 
165 0.0875 0.0733 
165 0.0875 0.0733 
165 0.0875 0.0733 
165 0.0875 0.0733 
165 0.0875 0.0733 
165 0.0875 0.0733 
165 0.0875 0.0733 
165 0.0875 0.0733 
165 0.0875 0.0733 
165 0.0875 0.0733 
165 0.0875 0.0733 
165 0.0875 0.0733 
165 0.0875 0.0733 
165 0.0875 0.0733 
165 0.0875 0.0733 
165 0.0875 0.0733 
165 0.0875 0.0733 
165 0.0875 0.0733 
165 0.0875 0.0733 
165 0.0875 0.0733 
165 0.0875 0.0733 
165 0.0875 0.0733 
165 0.0875 0.0733 
165 0.0875 0.0733 
165 0.0875 0.0733 
165 0.0875 0.0733 
165 0.0875 0.0733 
165 0.0875 0.0733 
165 0.0875 0.0733 
165 0.0875 0.0733 
165 0.0875 0.0733 
165 0.0875 0.0733 
165 0.0875 0.0733 
165 0.0875 0.0733 
165 0.0875 0.0733 
165 0.0875 0.0733 
165 0.0875 0.0733 
165 0.0875 0.0733 
165 0.0875 0.0733 
165 0.0875 0.0733 
165 0.0875 0.0733 
165 0.0875 0.0733 
165 0.0875 0.0733 
165 0.0875 0.0733 
165 0.0875 0.0733 
165 0.0875 0.0733 
165 0.0875 0.0733 
165 0.0875 0.0733 
165 0.0875 0.0733 
165 0.0875 0.0733 
165 0.0875 0.0733 
165 0.0875 0.0733 
165 0.0875 0.0733 
165 0.0875 0.0733 
165 0.0875 0.0733 
165 0.0875 0.0733 
165 0.0875 0.0733 
165 0.0875 0.0733 
165 0.0875 0.0733 
165 0.0875 0.0733 
165 0.0875 0.0733 
165 0.0875 0.0733 
165 0.0875 0.0733 
165 0.0875 0.0733 
165 0.0875 0.0733 
165 0.0875 0.0733 
165 0.0875 0.0733 
165 0.0875 0.0733 
165 0.0875 0.0733 
165 0.0875 0.0733 
165 0.0875 0.0733 
165 0.0875 0.0733 
165 0.0875 0.0733 
165 0.0875 0.0733 
165 0.0875 0.0733 
165 0.0875 0.0733 
165 0.0875 0.0733 
165 0.0875 0.0733 
165 0.0875 0.0733 
165 0.0875 0.0733 
165 0.0875 0.0733 
165 0.0875 0.0733 
165 0.0875 0.0733 
165 0.0875 0.0733 
165 0.0875 0.0733 
165 0.0875 0.0733 
165 0.0875 0.0733 
165 0.0875 0.0733 
165 0.0875 0.0733 
165 0.0875 0.0733 
165 0.0875 0.0733 
165 0.0875 0.0733 
165 0.0875 0.0733 
165 0.0875 0.0733 
165 0.0875 0.0733 
165 0.0875 0.0733 
165 0.0875 0.0733 
165 0.0875 0.0733 
165 0.0875 0.0733 
165 0.0875 0.0733 
165 0.0875 0.0733 
165 0.0875 0.0733 
165 0.0875 0.0733 
165 0.0875 0.0733 
165 0.0875 0.0733 
165 0.0875 0.0733 
165 0.0875 0.0733 
165 0.0875 0.0733 
165 0.0875 0.0733 
165 0.0875 0.0733 
165 0.0875 0.0733 
165 0.0875 0.0733 
165 0.0875 0.0733 
165 0.0875 0.0733 
165 0.0875 0.0733 
165 0.0875 0.0733 
165 0.0875 0.0733 
165 0.0875 0.0733 
165 0.0875 0.0733 
165 0.0875 0.0733 
165 0.0875 0.0733 
165 0.0875 0.0733 
165 0.0875 0.0733 
165 0.0875 0.0733 
165 0.0875 0.0733 
165 0.0875 0.0733 
165 0.0875 0.0733 
165 0.0875 0.0733 
165 0.0875 0.0733 
165 0.0875 0.0733 
165 0.0875 0.0733 
165 0.0875 0.0733 
165 0.0875 0.0733 
165 0.0875 0.0733 
165 0.0875 0.0733 
165 0.0875 0.0733 
165 0.0875 0.0733 
165 0.0875 0.0733 
165 0.0875 0.0733 
165 0.0875 0.0733 
165 0.0875 0.0733 
165 0.0875 0.0733 
165 0.0875 0.0733 
165 0.0875 0.0733 
165 0.0875 0.0733 
165 0.0875 0.0733 
165 0.0875 0.0733 
165 0.0875 0.0733 
165 0.0875 0.0733 
165 0.0875 0.0733 
165 0.0875 0.0733 
165 0.0875 0.0733 
165 0.0875 0.0733 
165 0.0875 0.0733 
165 0.0875 0.0733 
165 0.0875 0.0733 
165 0.0875 0.0733 
165 0.0875 0.0733 
165 0.0875 0.0733 
165 0.0875 0.0733 
165 0.0875 0.0733 
165 0.0875 0.0733 
165 0.0875 0.0733 
165 0.0875 0.0733 
165 0.0875 0.0733 
165 0.0875 0.0733 
165 0.0875 0.0733 
165 0.0875 0.0733 
165 0.0875 0.0733 
165 0.0875 0.0733 
165 0.0875 0.0733 
165 0.0875 0.0733 
165 0.0875 0.0733 
165 0.0875 0.0733 
165 0.0875 0.0733 
165 0.0875 0.0733 
165 0.0875 0.0733 
165 0.0875 0.0733 
165 0.0875 0.0733 
165 0.0875 0.0733 
165 0.0875 0.0733 
165 0.0875 0.0733 
165 0.0875 0.0733 
165 0.0875 0.0733 
165 0.0875 0.0733 
165 0.0875 0.0733 
165 0.0875 0.0733 
165 0.0875 0.0733 
165 0.0875 0.0733 
165 0.0875 0.0733 
165 0.0875 0.0733 
165 0.0875 0.0733 
165 0.0875 0.0733 
165 0.0875 0.0733 
165 0.0875 0.0733 
165 0.0875 0.0733 
165 0.0875 0.0733 
165 0.0875 0.0733 
165 0.0875 0.0733 
165 0.0875 0.0733 
165 0.0875 0.0733 
165 0.0875 0.0733 
165 0.0875 0.0733 
165 0.0875 0.0733 
165 0.0875 0.0733 
165 0.0875 0.0733 
165 0.0875 0.0733 
165 0.0875 0.0733 
165 0.0875 0.0733 
165 0.0875 0.0733 
165 0.0875 0.0733 
165 0.0875 0.0733 
165 0.0875 0.0733 
165 0.0875 0.0733 
165 0.0875 0.0733 
165 0.0875 0.0733 
165 0.0875 0.0733 
165 0.0875 0.0733 
165 0.0875 0.0733 
165 0.0875 0.0733 
165 0.0875 0.0733 
165 0.0875 0.0733 
165 0.0875 0.0733 
165 0.0875 0.0733 
165 0.0875 0.0733 
165 0.0875 0.0733 
165 0.0875 0.0733 
165 0.0875 0.0733 
165 0.0875 0.0733 
165 0.0875 0.0733 
165 0.0875 0.0733 
165 0.0875 0.0733 
165 0.0875 0.0733 
165 0.0875 0.0733 
165 0.0875 0.0733 
165 0.0875 0.0733 
165 0.0875 0.0733 
165 0.0875 0.0733 
165 0.0875 0.0733 
165 0.0875 0.0733 
165 0.0875 0.0733 
165 0.0875 0.0733 
165 0.0875 0.0733 
165 0.0875 0.0733 
165 0.0875 0.0733 
165 0.0875 0.0733 
165 0.0875 0.0733 
165 0.0875 0.0733 
165 0.0875 0.0733 
165 0.0875 0.0733 
165 0.0875 0.0733 
165 0.0875 0.0733 
165 0.0875 0.0733 
165 0.0875 0.0733 
165 0.0875 0.0733 
165 0.0875 0.0733 
165 0.0875 0.0733 
165 0.0875 0.0733 
165 0.0875 0.0733 
165 0.0875 0.0733 
165 0.0875 0.0733 
165 0.0875 0.0733 
165 0.0875 0.0733 
165 0.0875 0.0733 
165 0.0875 0.0733 
165 0.0875 0.0733 
165 0.0875 0.0733 
165 0.0875 0.0733 
165 0.0875 0.0733 
165 0.0875 0.0733 
165 0.0875 0.0733 
165 0.0875 0.0733 
165 0.0875 0.0733 
165 0.0875 0.0733 
165 0.0875 0.0733 
165 0.0875 0.0733 
165 0.0875 0.0733 
165 0.0875 0.0733 
165 0.0875 0.0733 
165 0.0875 0.0733 
165 0.0875 0.0733 
165 0.0875 0.0733 
165 0.0875 0.0733 
165 0.0875 0.0733 
165 0.0875 0.0733 
165 0.0875 0.0733 
165 0.0875 0.0733 
165 0.0875 0.0733 
165 0.0875 0.0733 
165 0.0875 0.0733 
165 0.0875 0.0733 
165 0.0875 0.0733 
165 0.0875 0.0733 
165 0.0875 0.0733 
165 0.0875 0.0733 
165 0.0875 0.0733 
165 0.0875 0.0733 
165 0.0875 0.0733 
165 0.0875 0.0733 
165 0.0875 0.0733 
165 0.0875 0.0733 
165 0.0875 0.0733 
165 0.0875 0.0733 
165 0.0875 0.0733 
165 0.0875 0.0733 
165 0.0875 0.0733 
165 0.0875 0.0733 
165 0.0875 0.0733 
165 0.0875 0.0733 
165 0.0875 0.0733 
165 0.0875 0.0733 
165 0.0875 0.0733 
165 0.0875 0.0733 
165 0.0875 0.0733 
165 0.0875 0.0733 
165 0.0875 0.0733 
165 0.0875 0.0733 
165 0.0875 0.0733 
165 0.0875 0.0733 
165 0.0875 0.0733 
165 0.0875 0.0733 
165 0.0875 0.0733 
165 0.0875 0.0733 
165 0.0875 0.0733 
165 0.0875 0.0733 
165 0.0875 0.0733 
165 0.0875 0.0733 
165 0.0875 0.0733 
165 0.0875 0.0733 
165 0.0875 0.0733 
165 0.0875 0.0733 
165 0.0875 0.0733 
165 0.0875 0.0733 
165 0.0875 0.0733 
165 0.0875 0.0733 
165 0.0875 0.0733 
165 0.0875 0.0733 
165 0.0875 0.0733 
165 0.0875 0.0733 
165 0.0875 0.0733 
165 0.0875 0.0733 
165 0.0875 0.0733 
165 0.0875 0.0733 
165 0.0875 0.0733 
165 0.0875 0.0733 
165 0.0875 0.0733 
165 0.0875 0.0733 
165 0.0875 0.0733 
165 0.0875 0.0733 
165 0.0875 0.0733 
165 0.0875 0.0733 
165 0.0875 0.0733 
165 0.0875 0.0733 
165 0.0875 0.0733 
165 0.0875 0.0733 
165 0.0875 0.0733 
165 0.0875 0.0733 
165 0.0875 0.0733 
165 0.0875 0.0733 
165 0.0875 0.0733 
165 0.0875 0.0733 
165 0.0875 0.0733 
165 0.0875 0.0733 
165 0.0875 0.0733 
165 0.0875 0.0733 
165 0.0875 0.0733 
165 0.0875 0.0733 
165 0.0875 0.0733 
165 0.0875 0.0733 
165 0.0875 0.0733 
165 0.0875 0.0733 
165 0.0875 0.0733 
165 0.0875 0.0733 
165 0.0875 0.0733 
165 0.0875 0.0733 
165 0.0875 0.0733 
165 0.0875 0.0733 
165 0.0875 0.0733 
165 0.0875 0.0733 
165 0.0875 0.0733 
165 0.0875 0.0733 
165 0.0875 0.0733 
165 0.0875 0.0733 
165 0.0875 0.0733 
165 0.0875 0.0733 
165 0.0875 0.0733 
165 0.0875 0.0733 
165 0.0875 0.0733 
165 0.0875 0.0733 
165 0.0875 0.0733 
165 0.0875 0.0733 
165 0.0875 0.0733 
165 0.0875 0.0733 
165 0.0875 0.0733 
165 0.0875 0.0733 
165 0.0875 0.0733 
165 0.0875 0.0733 
165 0.0875 0.0733 
165 0.0875 0.0733 
165 0.0875 0.0733 
165 0.0875 0.0733 
165 0.0875 0.0733 
165 0.0875 0.0733 
165 0.0875 0.0733 
165 0.0875 0.0733 
165 0.0875 0.0733 
165 0.0875 0.0733 
165 0.0875 0.0733 
165 0.0875 0.0733 
165 0.0875 0.0733 
165 0.0875 0.0733 
165 0.0875 0.0733 
165 0.0875 0.0733 
165 0.0875 0.0733 
165 0.0875 0.0733 
165 0.0875 0.0733 
165 0.0875 0.0733 
165 0.0875 0.0733 
165 0.0875 0.0733 
165 0.0875 0.0733 
165 0.0875 0.0733 
165 0.0875 0.0733 
165 0.0875 0.0733 
165 0.0875 0.0733 
165 0.0875 0.0733 
165 0.0875 0.0733 
165 0.0875 0.0733 
165 0.0875 0.0733 
165 0.0875 0.0733 
165 0.0875 0.0733 
165 0.0875 0.0733 
165 0.0875 0.0733 
165 0.0875 0.0733 
165 0.0875 0.0733 
165 0.0875 0.0733 
165 0.0875 0.0733 
165 0.0875 0.0733 
165 0.0875 0.0733 
165 0.0875 0.0733 
165 0.0875 0.0733 
165 0.0875 0.0733 
165 0.0875 0.0733 
165 0.0875 0.0733 
165 0.0875 0.0733 
165 0.0875 0.0733 
165 0.0875 0.0733 
165 0.0875 0.0733 
165 0.0875 0.0733 
165 0.0875 0.0733 
165 0.0875 0.0733 
165 0.0875 0.0733 
165 0.0875 0.0733 
165 0.0875 0.0733 
165 0.0875 0.0733 
165 0.0875 0.0733 
165 0.0875 0.0733 
165 0.0875 0.0733 
165 0.0875 0.0733 
165 0.0875 0.0733 
165 0.0875 0.0733 
165 0.0875 0.0733 
165 0.0875 0.0733 
165 0.0875 0.0733 
165 0.0875 0.0733 
165 0.0875 0.0733 
165 0.0875 0.0733 
165 0.0875 0.0733 
165 0.0875 0.0733 
165 0.0875 0.0733 
165 0.0875 0.0733 
165 0.0875 0.0733 
165 0.0875 0.0733 
165 0.0875 0.0733 
165 0.0875 0.0733 
165 0.0875 0.0733 
165 0.0875 0.0733 
165 0.0875 0.0733 
165 0.0875 0.0733 
165 0.0875 0.0733 
165 0.0875 0.0733 
165 0.0875 0.0733 
165 0.0875 0.0733 
165 0.0875 0.0733 
165 0.0875 0.0733 
165 0.0875 0.0733 
165 0.0875 0.0733 
165 0.0875 0.0733 
165 0.0875 0.0733 
165 0.0875 0.0733 
165 0.0875 0.0733 
165 0.0875 0.0733 
165 0.0875 0.0733 
165 0.0875 0.0733 
165 0.0875 0.0733 
165 0.0875 0.0733 
165 0.0875 0.0733 
165 0.0875 0.0733 
165 0.0875 0.0733 
165 0.0875 0.0733 
165 0.0875 0.0733 
165 0.0875 0.0733 
165 0.0875 0.0733 
165 0.0875 0.0733 
165 0.0875 0.0733 
165 0.0875 0.0733 
165 0.0875 0.0733 
165 0.0875 0.0733 
165 0.0875 0.0733 
165 0.0875 0.0733 
165 0.0875 0.0733 
165 0.0875 0.0733 
165 0.0875 0.0733 
165 0.0875 0.0733 
165 0.0875 0.0733 
165 0.0875 0.0733 
165 0.0875 0.0733 
165 0.0875 0.0733 
165 0.0875 0.0733 
165 0.0875 0.0733 
165 0.0875 0.0733 
165 0.0875 0.0733 
165 0.0875 0.0733 
165 0.0875 0.0733 
165 0.0875 0.0733 
165 0.0875 0.0733 
165 0.0875 0.0733 
165 0.0875 0.0733 
165 0.0875 0.0733 
165 0.0875 0.0733 
165 0.0875 0.0733 
165 0.0875 0.0733 
165 0.0875 0.0733 
165 0.0875 0.0733 
165 0.0875 0.0733 
165 0.0875 0.0733 
165 0.0875 0.0733 
165 0.0875 0.0733 
165 0.0875 0.0733 
165 0.0875 0.0733 
165 0.0875 0.0733 
165 0.0875 0.0733 
165 0.0875 0.0733 
165 0.0875 0.0733 
165 0.0875 0.0733 
165 0.0875 0.0733 
165 0.0875 0.0733 
165 0.0875 0.0733 
165 0.0875 0.0733 
165 0.0875 0.0733 
165 0.0875 0.0733 
165 0.0875 0.0733 
165 0.0875 0.0733 
165 0.0875 0.0733 
165 0.0875 0.0733 
165 0.0875 0.0733 
165 0.0875 0.0733 
165 0.0875 0.0733 
165 0.0875 0.0733 
165 0.0875 0.0733 
165 0.0875 0.0733 
165 0.0875 0.0733 
165 0.0875 0.0733 
165 0.0875 0.0733 
165 0.0875 0.0733 
165 0.0875 0.0733 
165 0.0875 0.0733 
165 0.0875 0.0733 
165 0.0875 0.0733 
165 0.0875 0.0733 
165 0.0875 0.0733 
165 0.0875 0.0733 
165 0.0875 0.0733 
165 0.0875 0.0733 
165 0.0875 0.0733 
165 0.0875 0.0733 
165 0.0875 0.0733 
165 0.0875 0.0733 
165 0.0875 0.0733 
165 0.0875 0.0733 
165 0.0875 0.0733 
165 0.0875 0.0733 
165 0.0875 0.0733 
165 0.0875 0.0733 
165 0.0875 0.0733 
165 0.0875 0.0733 
165 0.0875 0.0733 
165 0.0875 0.0733 
165 0.0875 0.0733 
165 0.0875 0.0733 
165 0.0875 0.0733 
165 0.0875 0.0733 
165 0.0875 0.0733 
165 0.0875 0.0733 
165 0.0875 0.0733 
165 0.0875 0.0733 
165 0.0875 0.0733 
165 0.0875 0.0733 
165 0.0875 0.0733 
165 0.0875 0.0733 
165 0.0875 0.0733 
165 0.0875 0.0733 
165 0.0875 0.0733 
165 0.0875 0.0733 
165 0.0875 0.0733 
165 0.0875 0.0733 
165 0.0875 0.0733 
165 0.0875 0.0733 
165 0.0875 0.0733 
165 0.0875 0.0733 
165 0.0875 0.0733 
165 0.0875 0.0733 
165 0.0875 0.0733 
165 0.0875 0.0733 
165 0.0875 0.0733 
165 0.0875 0.0733 
165 0.0875 0.0733 
165 0.0875 0.0733 
165 0.0875 0.0733 
165 0.0875 0.0733 
165 0.0875 0.0733 
165 0.0875 0.0733 
165 0.0875 0.0733 
165 0.0875 0.0733 
165 0.0875 0.0733 
165 0.0875 0.0733 
165 0.0875 0.0733 
165 0.0875 0.0733 
165 0.0875 0.0733 
165 0.0875 0.0733 
165 0.0875 0.0733 
165 0.0875 0.0733 
165 0.0875 0.0733 
165 0.0875 0.0733 
165 0.0875 0.0733 
165 0.0875 0.0733 
165 0.0875 0.0733 
165 0.0875 0.0733 
165 0.0875 0.0733 
165 0.0875 0.0733 
165 0.0875 0.0733 
165 0.0875 0.0733 
165 0.0875 0.0733 
165 0.0875 0.0733 
165 0.0875 0.0733 
165 0.0875 0.0733 
165 0.0875 0.0733 
165 0.0875 0.0733 
165 0.0875 0.0733 
165 0.0875 0.0733 
165 0.0875 0.0733 
165 0.0875 0.0733 
165 0.0875 0.0733 
165 0.0875 0.0733 
165 0.0875 0.0733 
165 0.0875 0.0733 
165 0.0875 0.0733 
165 0.0875 0.0733 
165 0.0875 0.0733 
165 0.0875 0.0733 
165 0.0875 0.0733 
165 0.0875 0.0733 
165 0.0875 0.0733 
165 0.0875 0.0733 
165 0.0875 0.0733 
165 0.0875 0.0733 
165 0.0875 0.0733 
165 0.0875 0.0733 
165 0.0875 0.0733 
165 0.0875 0.0733 
165 0.0875 0.0733 
165 0.0875 0.0733 
165 0.0875 0.0733 
165 0.0875 0.0733 
165 0.0875 0.0733 
165 0.0875 0.0733 
165 0.0875 0.0733 
165 0.0875 0.0733 
165 0.0875 0.0733 
165 0.0875 0.0733 
165 0.0875 0.0733 
165 0.0875 0.0733 
165 0.0875 0.0733 
165 0.0875 0.0733 
165 0.0875 0.0733 
165 0.0875 0.0733 
165 0.0875 0.0733 
165 0.0875 0.0733 
165 0.0875 0.0733 
165 0.0875 0.0733 
165 0.0875 0.0733 
165 0.0875 0.0733 
165 0.0875 0.0733 
165 0.0875 0.0733 
165 0.0875 0.0733 
165 0.0875 0.0733 
165 0.0875 0.0733 
165 0.0875 0.0733 
165 0.0875 0.0733 
165 0.0875 0.0733 
165 0.0875 0.0733 
165 0.0875 0.0733 
165 0.0875 0.0733 
165 0.0875 0.0733 
165 0.0875 0.0733 
165 0.0875 0.0733 
165 0.0875 0.0733 
165 0.0875 0.0733 
165 0.0875 0.0733 
165 0.0875 0.0733 
165 0.0875 0.0733 
165 0.0875 0.0733 
165 0.0875 0.0733 
165 0.0875 0.0733 
165 0.0875 0.0733 
165 0.0875 0.0733 
165 0.0875 0.0733 
165 0.0875 0.0733 
165 0.0875 0.0733 
165 0.0875 0.0733 
165 0.0875 0.0733 
165 0.0875 0.0733 
165 0.0875 0.0733 
165 0.0875 0.0733 
165 0.0875 0.0733 
165 0.0875 0.0733 
165 0.0875 0.0733 
165 0.0875 0.0733 
165 0.0875 0.0733 
165 0.0875 0.0733 
165 0.0875 0.0733 
165 0.0875 0.0733 
165 0.0875 0.0733 
165 0.0875 0.0733 
165 0.0875 0.0733 
165 0.0875 0.0733 
165 0.0875 0.0733 
165 0.0875 0.0733 
165 0.0875 0.0733 
165 0.0875 0.0733 
165 0.0875 0.0733 
165 0.0875 0.0733 
165 0.0875 0.0733 
165 0.0875 0.0733 
165 0.0875 0.0733 
165 0.0875 0.0733 
165 0.0875 0.0733 
165 0.0875 0.0733 
165 0.0875 0.0733 
165 0.0875 0.0733 
165 0.0875 0.0733 
165 0.0875 0.0733 
165 0.0875 0.0733 
165 0.0875 0.0733 
165 0.0875 0.0733 
165 0.0875 0.0733 
165 0.0875 0.0733 
165 0.0875 0.0733 
165 0.0875 0.0733 
165 0.0875 0.0733 
165 0.0875 0.0733 
165 0.0875 0.0733 
165 0.0875 0.0733 
165 0.0875 0.0733 
165 0.0875 0.0733 
165 0.0875 0.0733 
165 0.0875 0.0733 
165 0.0875 0.0733 
165 0.0875 0.0733 
165 0.0875 0.0733 
165 0.0875 0.0733 
165 0.0875 0.0733 
165 0.0875 0.0733 
165 0.0875 0.0733 
165 0.0875 0.0733 
165 0.0875 0.0733 
165 0.0875 0.0733 
165 0.0875 0.0733 
165 0.0875 0.0733 
165 0.0875 0.0733 
165 0.0875 0.0733 
165 0.0875 0.0733 
165 0.0875 0.0733 
165 0.0875 0.0733 
165 0.0875 0.0733 
165 0.0875 0.0733 
165 0.0875 0.0733 
165 0.0875 0.0733 
165 0.0875 0.0733 
165 0.0875 0.0733 
165 0.0875 0.0733 
165 0.0875 0.0733 
165 0.0875 0.0733 
165 0.0875 0.0733 
165 0.0875 0.0733 
165 0.0875 0.0733 
165 0.0875 0.0733 
165 0.0875 0.0733 
165 0.0875 0.0733 
165 0.0875 0.0733 
165 0.0875 0.0733 
165 0.0875 0.0733 
165 0.0875 0.0733 
165 0.0875 0.0733 
165 0.0875 0.0733 
165 0.0875 0.0733 
165 0.0875 0.0733 
165 0.0875 0.0733 
165 0.0875 0.0733 
165 0.0875 0.0733 
165 0.0875 0.0733 
165 0.0875 0.0733 
165 0.0875 0.0733 
165 0.0875 0.0733 
165 0.0875 0.0733 
165 0.0875 0.0733 
165 0.0875 0.0733 
165 0.0875 0.0733 
165 0.0875 0.0733 
165 0.0875 0.0733 
165 0.0875 0.0733 
165 0.0875 0.0733 
165 0.0875 0.0733 
165 0.0875 0.0733 
165 0.0875 0.0733 
165 0.0875 0.0733 
165 0.0875 0.0733 
165 0.0875 0.0733 
165 0.0875 0.0733 
165 0.0875 0.0733 
165 0.0875 0.0733 
165 0.0875 0.0733 
165 0.0875 0.0733 
165 0.0875 0.0733 
165 0.0875 0.0733 
165 0.0875 0.0733 
165 0.0875 0.0733 
165 0.0875 0.0733 
165 0.0875 0.0733 
165 0.0875 0.0733 
165 0.0875 0.0733 
165 0.0875 0.0733 
165 0.0875 0.0733 
165 0.0875 0.0733 
165 0.0875 0.0733 
165 0.0875 0.0733 
165 0.0875 0.0733 
165 0.0875 0.0733 
165 0.0875 0.0733 
165 0.0875 0.0733 
165 0.0875 0.0733 
165 0.0875 0.0733 
165 0.0875 0.0733 
165 0.0875 0.0733 
165 0.0875 0.0733 
165 0.0875 0.0733 
165 0.0875 0.0733 
165 0.0875 0.0733 
165 0.0875 0.0733 
165 0.0875 0.0733 
165 0.0875 0.0733 
165 0.0875 0.0733 
165 0.0875 0.0733 
165 0.0875 0.0733 
165 0.0875 0.0733 
165 0.0875 0.0733 
165 0.0875 0.0733 
165 0.0875 0.0733 
165 0.0875 0.0733 
165 0.0875 0.0733 
165 0.0875 0.0733 
165 0.0875 0.0733 
165 0.0875 0.0733 
165 0.0875 0.0733 
165 0.0875 0.0733 
165 0.0875 0.0733 
165 0.0875 0.0733 
165 0.0875 0.0733 
165 0.0875 0.0733 
165 0.0875 0.0733 
165 0.0875 0.0733 
165 0.0875 0.0733 
165 0.0875 0.0733 
165 0.0875 0.0733 
165 0.0875 0.0733 
165 0.0875 0.0733 
165 0.0875 0.0733 
165 0.0875 0.0733 
165 0.0875 0.0733 
165 0.0875 0.0733 
165 0.0875 0.0733 
165 0.0875 0.0733 
165 0.0875 0.0733 
165 0.0875 0.0733 
165 0.0875 0.0733 
165 0.0875 0.0733 
165 0.0875 0.0733 
165 0.0875 0.0733 
165 0.0875 0.0733 
165 0.0875 0.0733 
165 0.0875 0.0733 
165 0.0875 0.0733 
165 0.0875 0.0733 
165 0.0875 0.0733 
165 0.0875 0.0733 
165 0.0875 0.0733 
165 0.0875 0.0733 
165 0.0875 0.0733 
165 0.0875 0.0733 
165 0.0875 0.0733 
165 0.0875 0.0733 
165 0.0875 0.0733 
165 0.0875 0.0733 
165 0.0875 0.0733 
165 0.0875 0.0733 
165 0.0875 0.0733 
165 0.0875 0.0733 
165 0.0875 0.0733 
165 0.0875 0.0733 
165 0.0875 0.0733 
165 0.0875 0.0733 
165 0.0875 0.0733 
165 0.0875 0.0733 
165 0.0875 0.0733 
165 0.0875 0.0733 
165 0.0875 0.0733 
165 0.0875 0.0733 
165 0.0875 0.0733 
165 0.0875 0.0733 
165 0.0875 0.0733 
165 0.0875 0.0733 
165 0.0875 0.0733 
165 0.0875 0.0733 
165 0.0875 0.0733 
165 0.0875 0.0733 
165 0.0875 0.0733 
165 0.0875 0.0733 
165 0.0875 0.0733 
165 0.0875 0.0733 
165 0.0875 0.0733 
165 0.0875 0.0733 
165 0.0875 0.0733 
165 0.0875 0.0733 
165 0.0875 0.0733 
165 0.0875 0.0733 
165 0.0875 0.0733 
165 0.0875 0.0733 
165 0.0875 0.0733 
165 0.0875 0.0733 
165 0.0875 0.0733 
165 0.0875 0.0733 
165 0.0875 0.0733 
165 0.0875 0.0733 
165 0.0875 0.0733 
165 0.0875 0.0733 
165 0.0875 0.0733 
165 0.0875 0.0733 
165 0.0875 0.0733 
165 0.0875 0.0733 
165 0.0875 0.0733 
165 0.0875 0.0733 
165 0.0875 0.0733 
165 0.0875 0.0733 
165 0.0875 0.0733 
165 0.0875 0.0733 
165 0.0875 0.0733 
165 0.0875 0.0733 
165 0.0875 0.0733 
165 0.0875 0.0733 
165 0.0875 0.0733 
165 0.0875 0.0733 
165 0.0875 0.0733 
165 0.0875 0.0733 
165 0.0875 0.0733 
165 0.0875 0.0733 
165 0.0875 0.0733 
165 0.0875 0.0733 
165 0.0875 0.0733 
165 0.0875 0.0733 
165 0.0875 0.0733 
165 0.0875 0.0733 
165 0.0875 0.0733 
165 0.0875 0.0733 
165 0.0875 0.0733 
165 0.0875 0.0733 
165 0.0875 0.0733 
165 0.0875 0.0733 
165 0.0875 0.0733 
165 0.0875 0.0733 
165 0.0875 0.0733 
165 0.0875 0.0733 
165 0.0875 0.0733 
165 0.0875 0.0733 
165 0.0875 0.0733 
165 0.0875 0.0733 
165 0.0875 0.0733 
165 0.0875 0.0733 
165 0.0875 0.0733 
165 0.0875 0.0733 
165 0.0875 0.0733 
165 0.0875 0.0733 
165 0.0875 0.0733 
165 0.0875 0.0733 
165 0.0875 0.0733 
165 0.0875 0.0733 
165 0.0875 0.0733 
165 0.0875 0.0733 
165 0.0875 0.0733 
165 0.0875 0.0733 
165 0.0875 0.0733 
165 0.0875 0.0733 
165 0.0875 0.0733 
165 0.0875 0.0733 
165 0.0875 0.0733 
165 0.0875 0.0733 
165 0.0875 0.0733 
165 0.0875 0.0733 
165 0.0875 0.0733 
165 0.0875 0.0733 
165 0.0875 0.0733 
165 0.0875 0.0733 
165 0.0875 0.0733 
165 0.0875 0.0733 
165 0.0875 0.0733 
165 0.0875 0.0733 
165 0.0875 0.0733 
165 0.0875 0.0733 
165 0.0875 0.0733 
165 0.0875 0.0733 
165 0.0875 0.0733 
165 0.0875 0.0733 
165 0.0875 0.0733 
165 0.0875 0.0733 
165 0.0875 0.0733 
165 0.0875 0.0733 
165 0.0875 0.0733 
165 0.0875 0.0733 
165 0.0875 0.0733 
165 0.0875 0.0733 
165 0.0875 0.0733 
165 0.0875 0.0733 
165 0.0875 0.0733 
165 0.0875 0.0733 
165 0.0875 0.0733 
165 0.0875 0.0733 
165 0.0875 0.0733 
165 0.0875 0.0733 
165 0.0875 0.0733 
165 0.0875 0.0733 
165 0.0875 0.0733 
165 0.0875 0.0733 
165 0.0875 0.0733 
165 0.0875 0.0733 
165 0.0875 0.0733 
165 0.0875 0.0733 
165 0.0875 0.0733 
165 0.0875 0.0733 
165 0.0875 0.0733 
165 0.0875 0.0733 
165 0.0875 0.0733 
165 0.0875 0.0733 
165 0.0875 0.0733 
165 0.0875 0.0733 
165 0.0875 0.0733 
165 0.0875 0.0733 
165 0.0875 0.0733 
165 0.0875 0.0733 
165 0.0875 0.0733 
165 0.0875 0.0733 
165 0.0875 0.0733 
165 0.0875 0.0733 
165 0.0875 0.0733 
165 0.0875 0.0733 
165 0.0875 0.0733 
165 0.0875 0.0733 
165 0.0875 0.0733 
165 0.0875 0.0733 
165 0.0875 0.0733 
165 0.0875 0.0733 
165 0.0875 0.0733 
165 0.0875 0.0733 
165 0.0875 0.0733 
165 0.0875 0.0733 
165 0.0875 0.0733 
165 0.0875 0.0733 
165 0.0875 0.0733 
165 0.0875 0.0733 
165 0.0875 0.0733 
165 0.0875 0.0733 
165 0.0875 0.0733 
165 0.0875 0.0733 
165 0.0875 0.0733 
165 0.0875 0.0733 
165 0.0875 0.0733 
165 0.0875 0.0733 
165 0.0875 0.0733 
165 0.0875 0.0733 
165 0.0875 0.0733 
165 0.0875 0.0733 
165 0.0875 0.0733 
165 0.0875 0.0733 
165 0.0875 0.0733 
165 0.0875 0.0733 
165 0.0875 0.0733 
165 0.0875 0.0733 
165 0.0875 0.0733 
165 0.0875 0.0733 
165 0.0875 0.0733 
165 0.0875 0.0733 
165 0.0875 0.0733 
165 0.0875 0.0733 
165 0.0875 0.0733 
165 0.0875 0.0733 
165 0.0875 0.0733 
165 0.0875 0.0733 
165 0.0875 0.0733 
165 0.0875 0.0733 
165 0.0875 0.0733 
165 0.0875 0.0733 
165 0.0875 0.0733 
165 0.0875 0.0733 
165 0.0875 0.0733 
165 0.0875 0.0733 
165 0.0875 0.0733 
165 0.0875 0.0733 
165 0.0875 0.0733 
165 0.0875 0.0733 
165 0.0875 0.0733 
165 0.0875 0.0733 
165 0.0875 0.0733 
165 0.0875 0.0733 
165 0.0875 0.0733 
165 0.0875 0.0733 
165 0.0875 0.0733 
165 0.0875 0.0733 
165 0.0875 0.0733 
165 0.0875 0.0733 
165 0.0875 0.0733 
165 0.0875 0.0733 
165 0.0875 0.0733 
165 0.0875 0.0733 
165 0.0875 0.0733 
165 0.0875 0.0733 
165 0.0875 0.0733 
165 0.0875 0.0733 
165 0.0875 0.0733 
165 0.0875 0.0733 
165 0.0875 0.0733 
165 0.0875 0.0733 
165 0.0875 0.0733 
165 0.0875 0.0733 
165 0.0875 0.0733 
165 0.0875 0.0733 
165 0.0875 0.0733 
165 0.0875 0.0733 
165 0.0875 0.0733 
165 0.0875 0.0733 
165 0.0875 0.0733 
165 0.0875 0.0733 
165 0.0875 0.0733 
165 0.0875 0.0733 
165 0.0875 0.0733 
165 0.0875 0.0733 
165 0.0875 0.0733 
165 0.0875 0.0733 
165 0.0875 0.0733 
165 0.0875 0.0733 
165 0.0875 0.0733 
165 0.0875 0.0733 
165 0.0875 0.0733 
165 0.0875 0.0733 
165 0.0875 0.0733 
165 0.0875 0.0733 
165 0.0875 0.0733 
165 0.0875 0.0733 
165 0.0875 0.0733 
165 0.0875 0.0733 
165 0.0875 0.0733 
165 0.0875 0.0733 
165 0.0875 0.0733 
165 0.0875 0.0733 
165 0.0875 0.0733 
165 0.0875 0.0733 
165 0.0875 0.0733 
165 0.0875 0.0733 
165 0.0875 0.0733 
165 0.0875 0.0733 
165 0.0875 0.0733 
165 0.0875 0.0733 
165 0.0875 0.0733 
165 0.0875 0.0733 
165 0.0875 0.0733 
165 0.0875 0.0733 
165 0.0875 0.0733 
165 0.0875 0.0733 
165 0.0875 0.0733 
165 0.0875 0.0733 
165 0.0875 0.0733 
165 0.0875 0.0733 
165 0.0875 0.0733 
165 0.0875 0.0733 
165 0.0875 0.0733 
165 0.0875 0.0733 
165 0.0875 0.0733 
165 0.0875 0.0733 
165 0.0875 0.0733 
165 0.0875 0.0733 
165 0.0875 0.0733 
165 0.0875 0.0733 
165 0.0875 0.0733 
165 0.0875 0.0733 
165 0.0875 0.0733 
165 0.0875 0.0733 
165 0.0875 0.0733 
165 0.0875 0.0733 
165 0.0875 0.0733 
165 0.0875 0.0733 
165 0.0875 0.0733 
165 0.0875 0.0733 
165 0.0875 0.0733 
165 0.0875 0.0733 
165 0.0875 0.0733 
165 0.0875 0.0733 
165 0.0875 0.0733 
165 0.0875 0.0733 
165 0.0875 0.0733 
165 0.0875 0.0733 
165 0.0875 0.0733 
165 0.0875 0.0733 
165 0.0875 0.0733 
165 0.0875 0.0733 
165 0.0875 0.0733 
165 0.0875 0.0733 
165 0.0875 0.0733 
165 0.0875 0.0733 
165 0.0875 0.0733 
165 0.0875 0.0733 
165 0.0875 0.0733 
165 0.0875 0.0733 
165 0.0875 0.0733 
165 0.0875 0.0733 
165 0.0875 0.0733 
165 0.0875 0.0733 
165 0.0875 0.0733 
165 0.0875 0.0733 
165 0.0875 0.0733 
165 0.0875 0.0733 
165 0.0875 0.0733 
165 0.0875 0.0733 
165 0.0875 0.0733 
165 0.0875 0.0733 
165 0.0875 0.0733 
165 0.0875 0.0733 
165 0.0875 0.0733 
165 0.0875 0.0733 
165 0.0875 0.0733 
165 0.0875 0.0733 
165 0.0875 0.0733 
165 0.0875 0.0733 
165 0.0875 0.0733 
165 0.0875 0.0733 
165 0.0875 0.0733 
165 0.0875 0.0733 
165 0.0875 0.0733 
165 0.0875 0.0733 
165 0.0875 0.0733 
165 0.0875 0.0733 
165 0.0875 0.0733 
165 0.0875 0.0733 
165 0.0875 0.0733 
165 0.0875 0.0733 
165 0.0875 0.0733 
165 0.0875 0.0733 
165 0.0875 0.0733 
165 0.0875 0.0733 
165 0.0875 0.0733 
165 0.0875 0.0733 
165 0.0875 0.0733 
165 0.0875 0.0733 
165 0.0875 0.0733 
165 0.0875 0.0733 
165 0.0875 0.0733 
165 0.0875 0.0733 
165 0.0875 0.0733 
165 0.0875 0.0733 
165 0.0875 0.0733 
165 0.0875 0.0733 
165 0.0875 0.0733 
165 0.0875 0.0733 
165 0.0875 0.0733 
165 0.0875 0.0733 
165 0.0875 0.0733 
165 0.0875 0.0733 
165 0.0875 0.0733 
165 0.0875 0.0733 
165 0.0875 0.0733 
165 0.0875 0.0733 
165 0.0875 0.0733 
165 0.0875 0.0733 
165 0.0875 0.0733 
165 0.0875 0.0733 
165 0.0875 0.0733 
165 0.0875 0.0733 
165 0.0875 0.0733 
165 0.0875 0.0733 
165 0.0875 0.0733 
165 0.0875 0.0733 
165 0.0875 0.0733 
165 0.0875 0.0733 
165 0.0875 0.0733 
165 0.0875 0.0733 
165 0.0875 0.0733 
165 0.0875 0.0733 
165 0.0875 0.0733 
165 0.0875 0.0733 
165 0.0875 0.0733 
165 0.0875 0.0733 
165 0.0875 0.0733 
165 0.0875 0.0733 
165 0.0875 0.0733 
165 0.0875 0.0733 
165 0.0875 0.0733 
165 0.0875 0.0733 
165 0.0875 0.0733 
165 0.0875 0.0733 
165 0.0875 0.0733 
165 0.0875 0.0733 
165 0.0875 0.0733 
165 0.0875 0.0733 
165 0.0875 0.0733 
165 0.0875 0.0733 
165 0.0875 0.0733 
165 0.0875 0.0733 
165 0.0875 0.0733 
165 0.0875 0.0733 
165 0.0875 0.0733 
165 0.0875 0.0733 
165 0.0875 0.0733 
165 0.0875 0.0733 
165 0.0875 0.0733 
165 0.0875 0.0733 
165 0.0875 0.0733 
165 0.0875 0.0733 
165 0.0875 0.0733 
165 0.0875 0.0733 
165 0.0875 0.0733 
165 0.0875 0.0733 
165 0.0875 0.0733 
165 0.0875 0.0733 
165 0.0875 0.0733 
165 0.0875 0.0733 
165 0.0875 0.0733 
165 0.0875 0.0733 
165 0.0875 0.0733 
165 0.0875 0.0733 
165 0.0875 0.0733 
165 0.0875 0.0733 
165 0.0875 0.0733 
165 0.0875 0.0733 
165 0.0875 0.0733 
165 0.0875 0.0733 
165 0.0875 0.0733 
165 0.0875 0.0733 
165 0.0875 0.0733 
165 0.0875 0.0733 
165 0.0875 0.0733 
165 0.0875 0.0733 
165 0.0875 0.0733 
165 0.0875 0.0733 
165 0.0875 0.0733 
165 0.0875 0.0733 
165 0.0875 0.0733 
165 0.0875 0.0733 
165 0.0875 0.0733 
165 0.0875 0.0733 
165 0.0875 0.0733 
165 0.0875 0.0733 
165 0.0875 0.0733 
165 0.0875 0.0733 
165 0.0875 0.0733 
165 0.0875 0.0733 
165 0.0875 0.0733 
165 0.0875 0.0733 
165 0.0875 0.0733 
165 0.0875 0.0733 
165 0.0875 0.0733 
165 0.0875 0.0733 
165 0.0875 0.0733 
165 0.0875 0.0733 
165 0.0875 0.0733 
165 0.0875 0.0733 
165 0.0875 0.0733 
165 0.0875 0.0733 
165 0.0875 0.0733 
165 0.0875 0.0733 
165 0.0875 0.0733 
165 0.0875 0.0733 
165 0.0875 0.0733 
165 0.0875 0.0733 
165 0.0875 0.0733 
165 0.0875 0.0733 
165 0.0875 0.0733 
165 0.0875 0.0733 
165 0.0875 0.0733 
165 0.0875 0.0733 
165 0.0875 0.0733 
165 0.0875 0.0733 
165 0.0875 0.0733 
165 0.0875 0.0733 
165 0.0875 0.0733 
165 0.0875 0.0733 
165 0.0875 0.0733 
165 0.0875 0.0733 
165 0.0875 0.0733 
165 0.0875 0.0733 
165 0.0875 0.0733 
165 0.0875 0.0733 
165 0.0875 0.0733 
165 0.0875 0.0733 
165 0.0875 0.0733 
165 0.0875 0.0733 
165 0.0875 0.0733 
165 0.0875 0.0733 
165 0.0875 0.0733 
165 0.0875 0.0733 
165 0.0875 0.0733 
165 0.0875 0.0733 
165 0.0875 0.0733 
165 0.0875 0.0733 
165 0.0875 0.0733 
165 0.0875 0.0733 
165 0.0875 0.0733 
165 0.0875 0.0733 
165 0.0875 0.0733 
165 0.0875 0.0733 
165 0.0875 0.0733 
165 0.0875 0.0733 
165 0.0875 0.0733 
165 0.0875 0.0733 
165 0.0875 0.0733 
165 0.0875 0.0733 
165 0.0875 0.0733 
165 0.0875 0.0733 
165 0.0875 0.0733 
165 0.0875 0.0733 
165 0.0875 0.0733 
165 0.0875 0.0733 
165 0.0875 0.0733 
165 0.0875 0.0733 
165 0.0875 0.0733 
165 0.0875 0.0733 
165 0.0875 0.0733 
165 0.0875 0.0733 
165 0.0875 0.0733 
165 0.0875 0.0733 
165 0.0875 0.0733 
165 0.0875 0.0733 
165 0.0875 0.0733 
165 0.0875 0.0733 
165 0.0875 0.0733 
165 0.0875 0.0733 
165 0.0875 0.0733 
165 0.0875 0.0733 
165 0.0875 0.0733 
165 0.0875 0.0733 
165 0.0875 0.0733 
165 0.0875 0.0733 
165 0.0875 0.0733 
165 0.0875 0.0733 
165 0.0875 0.0733 
165 0.0875 0.0733 
165 0.0875 0.0733 
165 0.0875 0.0733 
165 0.0875 0.0733 
165 0.0875 0.0733 
165 0.0875 0.0733 
165 0.0875 0.0733 
165 0.0875 0.0733 
165 0.0875 0.0733 
165 0.0875 0.0733 
165 0.0875 0.0733 
165 0.0875 0.0733 
165 0.0875 0.0733 
165 0.0875 0.0733 
165 0.0875 0.0733 
165 0.0875 0.0733 
165 0.0875 0.0733 
165 0.0875 0.0733 
165 0.0875 0.0733 
165 0.0875 0.0733 
165 0.0875 0.0733 
165 0.0875 0.0733 
165 0.0875 0.0733 
165 0.0875 0.0733 
165 0.0875 0.0733 
165 0.0875 0.0733 
165 0.0875 0.0733 
165 0.0875 0.0733 
165 0.0875 0.0733 
165 0.0875 0.0733 
165 0.0875 0.0733 
165 0.0875 0.0733 
165 0.0875 0.0733 
165 0.0875 0.0733 
165 0.0875 0.0733 
165 0.0875 0.0733 
165 0.0875 0.0733 
165 0.0875 0.0733 
165 0.0875 0.0733 
