74.2 -0.301 -0.448 
74.2 -0.304 -0.44 
74.3 -0.426 -0.44 
74.3 -0.372 -0.422 
74.3 -0.352 -0.407 
74.3 -0.323 -0.358 
74.4 -0.27 -0.321 
74.4 -0.179 -0.28 
74.4 -0.216 -0.237 
74.4 -0.104 -0.204 
74.3 -0.0404 -0.182 
74.3 -0.00337 -0.156 
74.3 0.0962 -0.123 
74.3 0.0602 -0.0715 
74.4 0.0579 -0.00737 
74.3 0.362 -0.0117 
74.3 0.35 -0.00942 
74.3 0.426 -0.00563 
74.3 0.428 0.000825 
74.3 0.47 -0.00468 
74.3 0.475 0.0134 
74.3 0.512 0.00757 
74.3 0.505 0.0229 
74.3 0.501 0.0179 
74.3 0.515 0.0239 
74.3 0.414 0.0288 
74.3 0.419 0.0291 
74.3 0.452 0.0252 
74.3 0.46 0.0271 
74.3 0.433 0.0249 
74.3 0.492 0.0221 
74.3 0.516 0.0253 
74.3 0.501 0.0223 
74.3 0.473 0.0228 
74.2 0.467 0.0229 
74.2 0.459 0.025 
74.3 0.459 0.0263 
74.3 0.461 0.0261 
74.3 0.48 0.0253 
74.3 0.465 0.0366 
74.3 0.514 0.0351 
74.3 0.494 0.0404 
74.3 0.507 0.0418 
74.3 0.541 0.0519 
74.3 0.568 0.0556 
74.4 0.571 0.0651 
74.4 0.581 0.0722 
74.4 0.621 0.0621 
74.4 0.593 0.0581 
74.4 0.53 0.0621 
74.4 0.532 0.0683 
74.4 0.488 0.0741 
74.5 0.475 0.0709 
74.5 0.46 0.0748 
74.5 0.439 0.0718 
74.5 0.447 0.0743 
74.5 0.435 0.074 
74.5 0.437 0.0732 
74.5 0.418 0.07 
74.5 0.411 0.0674 
74.5 0.39 0.0646 
74.5 0.397 0.0669 
74.5 0.401 0.0616 
74.4 0.4 0.0593 
74.4 0.369 0.049 
74.4 0.359 0.0506 
74.4 0.373 0.0504 
74.4 0.375 0.0492 
74.4 0.364 0.0505 
74.4 0.354 0.0437 
74.4 0.367 0.0434 
74.4 0.369 0.0448 
74.4 0.366 0.0465 
74.4 0.352 0.0401 
74.4 0.344 0.0438 
74.4 0.32 0.0395 
74.4 0.322 0.0408 
74.4 0.332 0.0405 
74.4 0.357 0.0345 
74.4 0.355 0.0255 
74.4 0.373 0.0151 
74.4 0.369 0.0118 
74.4 0.377 0.0113 
74.4 0.408 0.00373 
74.4 0.37 0.0134 
74.4 0.394 0.0139 
74.4 0.36 0.0188 
74.4 0.372 0.0195 
74.4 0.366 0.0172 
74.4 0.373 0.0226 
74.4 0.38 0.0242 
74.4 0.348 0.0308 
74.5 0.426 0.0293 
74.5 0.424 0.0318 
74.5 0.348 0.0327 
74.5 0.307 0.0424 
74.5 0.335 0.0407 
74.5 0.352 0.0458 
74.5 0.365 0.0452 
74.5 0.346 0.0507 
74.5 0.362 0.0542 
74.6 0.355 0.0577 
74.6 0.347 0.0611 
74.6 0.341 0.0699 
74.6 0.366 0.0624 
74.6 0.366 0.0655 
74.6 0.346 0.0729 
74.6 0.361 0.0732 
74.6 0.343 0.071 
74.6 0.328 0.0714 
74.6 0.319 0.0724 
74.7 0.317 0.0699 
74.7 0.318 0.07 
74.7 0.302 0.0705 
74.7 0.307 0.0685 
74.7 0.308 0.0681 
74.7 0.321 0.0671 
74.6 0.352 0.0653 
74.6 0.366 0.0656 
74.6 0.389 0.0588 
74.6 0.403 0.0534 
74.6 0.408 0.0505 
74.6 0.405 0.0499 
74.6 0.436 0.0445 
74.6 0.45 0.0429 
74.6 0.462 0.0392 
74.6 0.457 0.037 
74.6 0.452 0.038 
74.6 0.441 0.0389 
74.6 0.433 0.0383 
74.6 0.438 0.0368 
74.6 0.437 0.034 
74.6 0.439 0.0349 
74.6 0.433 0.033 
74.6 0.438 0.0316 
74.6 0.441 0.035 
74.6 0.439 0.0345 
74.6 0.439 0.0345 
74.6 0.443 0.034 
74.6 0.445 0.0332 
74.6 0.467 0.0294 
74.6 0.468 0.0286 
74.6 0.47 0.0276 
74.6 0.471 0.0262 
74.6 0.469 0.028 
74.6 0.469 0.0276 
74.6 0.466 0.0256 
74.6 0.466 0.025 
74.6 0.466 0.0247 
74.6 0.467 0.0225 
74.6 0.467 0.0221 
74.6 0.476 0.0177 
74.6 0.472 0.0159 
74.6 0.473 0.0157 
74.6 0.473 0.0132 
74.6 0.474 0.0134 
74.6 0.466 0.0107 
74.6 0.467 0.0083 
74.7 0.461 0.00878 
74.7 0.461 0.00752 
74.7 0.462 0.00741 
74.7 0.462 0.00469 
74.7 0.469 0.037 
74.7 0.457 0.00182 
74.7 0.459 -0.00165 
74.7 0.459 -0.00254 
74.7 0.458 -0.00599 
74.7 0.458 -0.00532 
74.8 0.457 -0.00733 
74.8 0.458 -0.00682 
74.8 0.458 -0.00634 
74.8 0.458 -0.00632 
74.8 0.457 -0.00604 
74.8 0.457 -0.00582 
74.8 0.456 -0.00444 
74.8 0.452 -0.00447 
74.8 0.455 -0.00427 
74.8 0.456 -0.00384 
74.9 0.441 -0.00411 
74.9 0.441 -0.00355 
74.9 0.452 -0.00362 
74.9 0.446 -0.00707 
74.9 0.446 -0.00677 
74.9 0.447 -0.00649 
74.9 0.439 -0.0103 
74.9 0.441 -0.00926 
75 0.438 -0.013 
75 0.441 -0.0135 
75 0.441 -0.013 
75 0.442 -0.0157 
75 0.443 -0.0145 
75 0.451 -0.0154 
75 0.452 -0.0151 
75 0.443 -0.0135 
75 0.441 -0.0147 
75 0.458 -0.0169 
75 0.455 -0.0179 
75 0.462 -0.019 
75 0.472 -0.0196 
75 0.469 -0.0217 
75 0.494 -0.0227 
75 0.453 -0.0215 
75 0.441 -0.0173 
75 0.427 -0.0143 
75 0.421 -0.0129 
75 0.421 -0.0114 
75 0.392 -0.0102 
75 0.369 -0.00611 
75 0.337 -0.00156 
75 0.316 0.000314 
75 0.317 0.000907 
75 0.304 0.00332 
75 0.307 0.00377 
75 0.304 0.00373 
75 0.301 0.00516 
75 0.301 0.00538 
75 0.298 0.00535 
75 0.301 0.00578 
75 0.297 0.00521 
75 0.299 0.00591 
75 0.298 0.00429 
75 0.301 0.00575 
75 0.297 0.00843 
75 0.299 0.00921 
75 0.297 0.0121 
75 0.296 0.0108 
75 0.295 0.0117 
75 0.297 0.0116 
75 0.293 0.0115 
75 0.289 0.0116 
75 0.288 0.0105 
75 0.286 0.0123 
75 0.291 0.0122 
75 0.291 0.0126 
75 0.294 0.0136 
75 0.293 0.0124 
75 0.291 0.0122 
75 0.29 0.0118 
75 0.284 0.009 
75 0.287 0.00896 
75 0.286 0.00919 
75.1 0.25 0.0146 
75 0.293 0.00918 
75.1 0.294 0.0088 
75 0.294 0.00777 
75.1 0.296 0.00926 
75.1 0.295 0.00874 
75.1 0.296 0.00775 
75.1 0.295 0.00573 
75.1 0.292 0.000767 
75 0.273 -0.00071 
75 0.26 -0.00141 
75 0.252 -0.00175 
75 0.241 -0.0011 
75 0.237 -0.000338 
75.1 0.229 0.00167 
75.1 0.227 0.00394 
75.1 0.221 0.00639 
75.1 0.21 0.0103 
75.1 0.197 0.0136 
75.1 0.189 0.0163 
75 0.175 0.0183 
75 0.156 0.0216 
75 0.144 0.0262 
75 0.134 0.0315 
75 0.125 0.0345 
75 0.126 0.0357 
75 0.119 0.0391 
75 0.118 0.0399 
75 0.11 0.0437 
75 0.111 0.0442 
75 0.106 0.0448 
75 0.105 0.0441 
75 0.0956 0.0442 
75 0.0953 0.0444 
75 0.0872 0.0432 
75 0.0875 0.0432 
75 0.0792 0.0421 
75 0.0785 0.0418 
75 0.0719 0.0435 
75 0.0651 0.0463 
75 0.0615 0.0498 
75 0.0568 0.0527 
75 0.0507 0.0556 
75 0.0442 0.0587 
75 0.0391 0.062 
75 0.0345 0.0667 
75 0.0337 0.0747 
75 0.0306 0.077 
75 0.0319 0.081 
75 0.0275 0.0857 
75 0.026 0.0897 
75 0.0241 0.0937 
75 0.0239 0.0999 
75 0.024 0.103 
75 0.0235 0.106 
75 0.0194 0.106 
75 0.0165 0.11 
75 0.0144 0.114 
75 0.0122 0.116 
75 0.0106 0.117 
75 0.0115 0.119 
75 0.0137 0.119 
75 0.0172 0.123 
75 0.0214 0.124 
75 0.0245 0.127 
75 0.0276 0.128 
75 0.0305 0.129 
75 0.0328 0.132 
75 0.0349 0.133 
75 0.0366 0.135 
75 0.0376 0.136 
75 0.0382 0.137 
75 0.038 0.138 
75.1 0.0384 0.14 
75.1 0.0393 0.139 
75.1 0.0392 0.141 
75.1 0.0396 0.14 
75.1 0.0408 0.141 
75.1 0.0416 0.141 
75.1 0.0419 0.142 
75.1 0.0435 0.145 
75.1 0.0444 0.148 
75.1 0.0447 0.147 
75.1 0.0455 0.152 
75.1 0.0452 0.15 
75.1 0.0438 0.152 
75.1 0.0424 0.155 
75.1 0.0418 0.156 
75.1 0.0395 0.159 
75.2 0.0515 0.161 
75.2 0.0358 0.163 
75.2 0.0347 0.165 
75.2 0.0349 0.165 
75.2 0.0337 0.166 
75.2 0.0334 0.166 
75.2 0.0319 0.166 
75.2 0.033 0.166 
75.2 0.0329 0.165 
75.2 0.0329 0.165 
75.2 0.0314 0.163 
75.2 0.03 0.163 
75.2 0.0297 0.16 
75.2 0.0308 0.16 
75.2 0.0314 0.158 
75.2 0.0327 0.158 
75.2 0.0357 0.156 
75.2 0.0371 0.157 
75.2 0.0387 0.155 
75.2 0.039 0.156 
75.2 0.0422 0.156 
75.2 0.0431 0.156 
75.1 0.0468 0.156 
75.1 0.0503 0.156 
75.1 0.0537 0.157 
75.1 0.0512 0.157 
75.1 0.0523 0.157 
75.1 0.0541 0.157 
75.1 0.0551 0.156 
75.1 0.0547 0.156 
75.1 0.0537 0.156 
75.1 0.0527 0.155 
75.1 0.0522 0.155 
75.1 0.0512 0.155 
75.1 0.0519 0.155 
75.1 0.0513 0.154 
75.1 0.0508 0.153 
75.1 0.0506 0.153 
75.1 0.0518 0.151 
75.1 0.0522 0.15 
75.1 0.0539 0.15 
75.1 0.054 0.15 
75.1 0.0566 0.151 
75.1 0.0572 0.151 
75.1 0.0583 0.151 
75.1 0.059 0.15 
75.1 0.0598 0.15 
75.1 0.061 0.149 
75.1 0.0622 0.149 
75.1 0.0608 0.146 
75.1 0.0584 0.147 
75.1 0.0565 0.144 
75.1 0.0545 0.144 
75.1 0.0524 0.147 
75.1 0.0522 0.148 
75.1 0.0523 0.148 
75.1 0.053 0.148 
75.1 0.0548 0.148 
75.1 0.0553 0.146 
75.1 0.0551 0.146 
75.1 0.0567 0.143 
75.1 0.056 0.142 
75.1 0.0569 0.138 
75.1 0.0564 0.137 
75.1 0.0559 0.132 
75.1 0.0562 0.132 
75.1 0.0574 0.127 
75.1 0.0578 0.122 
75.2 0.0585 0.118 
75.2 0.0591 0.115 
75.2 0.0588 0.113 
75.2 0.0589 0.11 
75.2 0.0596 0.106 
75.2 0.0614 0.104 
75.2 0.0613 0.101 
75.2 0.0609 0.102 
75.2 0.0598 0.0999 
75.2 0.0595 0.101 
75.2 0.0591 0.101 
75.2 0.0593 0.103 
75.2 0.0588 0.104 
75.2 0.0583 0.105 
75.2 0.0583 0.106 
75.2 0.0573 0.107 
75.2 0.0562 0.109 
75.2 0.0543 0.11 
75.2 0.0527 0.11 
75.2 0.0508 0.111 
75.2 0.0499 0.113 
75.2 0.0485 0.113 
75.2 0.0482 0.113 
75.2 0.0471 0.114 
75.2 0.0475 0.115 
75.2 0.0466 0.115 
75.3 0.0456 0.117 
75.3 0.0455 0.116 
75.3 0.0439 0.117 
75.3 0.0427 0.117 
75.3 0.0408 0.12 
75.3 0.0402 0.119 
75.3 0.0391 0.119 
75.3 0.038 0.119 
75.3 0.0355 0.122 
75.3 0.0352 0.121 
75.3 0.0346 0.122 
75.3 0.034 0.122 
75.3 0.0329 0.125 
75.3 0.0326 0.125 
75.3 0.0322 0.125 
75.3 0.0315 0.125 
75.3 0.0314 0.126 
75.3 0.0313 0.126 
75.3 0.0301 0.126 
75.3 0.0281 0.126 
75.4 0.0297 0.129 
75.4 0.0296 0.128 
75.4 0.0288 0.128 
75.4 0.0281 0.128 
75.4 0.0275 0.128 
75.4 0.027 0.128 
75.4 0.0278 0.127 
75.4 0.0277 0.128 
75.4 0.0275 0.128 
75.4 0.0268 0.127 
75.4 0.0271 0.127 
75.3 0.0264 0.124 
75.3 0.0268 0.125 
75.3 0.0256 0.124 
75.3 0.0239 0.123 
75.3 0.0221 0.124 
75.4 0.0202 0.125 
75.4 0.018 0.126 
75.4 0.018 0.128 
75.4 0.0171 0.127 
75.4 0.0185 0.128 
75.4 0.0192 0.127 
75.4 0.0181 0.128 
75.4 0.0169 0.128 
75.4 0.0152 0.128 
75.4 0.0132 0.128 
75.4 0.0114 0.128 
75.4 0.0097 0.128 
75.4 0.00792 0.128 
75.4 0.00819 0.128 
75.4 0.0063 0.127 
75.5 0.00442 0.126 
75.5 0.00313 0.125 
75.5 0.00131 0.124 
75.5 -0.000624 0.123 
75.4 -0.00293 0.121 
75.4 -0.00306 0.115 
75.5 0.00169 0.0983 
75.5 -0.000134 0.0945 
75.5 -0.00874 0.123 
75.5 -0.00945 0.123 
75.5 -0.0101 0.124 
75.5 -0.0119 0.125 
75.5 -0.0135 0.127 
75.5 -0.0149 0.128 
75.5 -0.0163 0.129 
75.5 -0.0179 0.129 
75.5 -0.0195 0.13 
75.5 -0.0209 0.13 
75.5 -0.0208 0.13 
75.5 -0.0224 0.129 
75.5 -0.0221 0.129 
75.5 -0.0357 0.127 
75.5 -0.0228 0.129 
75.5 -0.0233 0.128 
75.5 -0.0233 0.128 
75.5 -0.0231 0.127 
75.5 -0.0231 0.127 
75.5 -0.0227 0.126 
75.5 -0.0224 0.126 
75.5 -0.0224 0.125 
75.5 -0.0228 0.125 
75.5 -0.0235 0.125 
75.5 -0.024 0.125 
75.5 -0.0251 0.125 
75.5 -0.0251 0.125 
75.5 -0.0255 0.125 
75.5 -0.0269 0.126 
75.5 -0.0268 0.126 
75.5 -0.0271 0.126 
75.5 -0.0275 0.126 
75.5 -0.0286 0.126 
75.5 -0.0288 0.126 
75.5 -0.0305 0.126 
75.5 -0.0311 0.127 
75.5 -0.0324 0.127 
75.5 -0.0341 0.127 
75.5 -0.0352 0.127 
75.5 -0.0363 0.126 
75.5 -0.0376 0.126 
75.5 -0.0389 0.126 
75.5 -0.0409 0.126 
75.5 -0.043 0.126 
75.5 -0.0446 0.125 
75.5 -0.0464 0.123 
75.5 -0.0483 0.122 
75.5 -0.0503 0.122 
75.5 -0.0518 0.121 
75.5 -0.0529 0.12 
75.5 -0.0539 0.12 
75.5 -0.055 0.119 
75.5 -0.0558 0.119 
75.4 -0.0565 0.118 
75.4 -0.0575 0.119 
75.4 -0.0579 0.118 
75.4 -0.0582 0.118 
75.4 -0.0588 0.117 
75.4 -0.0593 0.117 
75.4 -0.0598 0.117 
75.4 -0.0595 0.116 
75.4 -0.0595 0.116 
75.4 -0.0596 0.115 
75.5 -0.0749 0.108 
75.4 -0.0605 0.114 
75.4 -0.061 0.112 
75.4 -0.0619 0.112 
75.4 -0.0626 0.111 
75.4 -0.0633 0.11 
75.4 -0.064 0.11 
75.4 -0.0647 0.11 
75.4 -0.0659 0.11 
75.4 -0.0664 0.11 
75.4 -0.0665 0.11 
75.4 -0.0672 0.11 
75.4 -0.0679 0.11 
75.4 -0.0684 0.11 
75.4 -0.0689 0.11 
75.4 -0.0695 0.11 
75.4 -0.0699 0.11 
75.4 -0.0705 0.11 
75.4 -0.0506 0.093 
75.4 -0.072 0.109 
75.4 -0.072 0.109 
75.4 -0.0725 0.109 
75.4 -0.0729 0.11 
75.4 -0.0734 0.11 
75.4 -0.0737 0.111 
75.4 -0.0742 0.112 
75.4 -0.0743 0.114 
75.4 -0.0747 0.115 
75.4 -0.0752 0.117 
75.4 -0.0754 0.118 
75.4 -0.0761 0.119 
75.4 -0.0767 0.12 
75.4 -0.0775 0.12 
75.4 -0.0781 0.121 
75.4 -0.0786 0.121 
75.4 -0.079 0.122 
75.4 -0.08 0.122 
75.4 -0.081 0.122 
75.4 -0.0819 0.122 
75.4 -0.0828 0.122 
75.4 -0.0835 0.121 
75.4 -0.0845 0.121 
75.4 -0.0855 0.121 
75.4 -0.0865 0.12 
75.4 -0.0873 0.12 
75.4 -0.0882 0.12 
75.4 -0.089 0.12 
75.4 -0.0897 0.12 
75.4 -0.0902 0.12 
75.4 -0.0907 0.12 
75.4 -0.0912 0.12 
75.4 -0.0919 0.12 
75.4 -0.0924 0.12 
75.4 -0.0928 0.119 
75.4 -0.0933 0.119 
75.4 -0.0937 0.119 
75.4 -0.0943 0.119 
75.4 -0.0945 0.119 
75.4 -0.095 0.118 
75.4 -0.0955 0.118 
75.4 -0.0959 0.118 
75.4 -0.0966 0.117 
75.4 -0.0972 0.117 
75.4 -0.098 0.116 
75.4 -0.0986 0.116 
75.4 -0.0992 0.116 
75.4 -0.0997 0.115 
75.4 -0.1 0.115 
75.4 -0.1 0.115 
75.4 -0.102 0.115 
75.4 -0.102 0.114 
75.4 -0.102 0.114 
75.4 -0.102 0.114 
75.4 -0.102 0.113 
75.4 -0.102 0.113 
75.4 -0.103 0.114 
75.4 -0.102 0.113 
75.4 -0.103 0.113 
75.4 -0.103 0.114 
75.4 -0.104 0.114 
75.4 -0.104 0.114 
75.4 -0.105 0.114 
75.4 -0.105 0.114 
75.4 -0.106 0.115 
75.4 -0.105 0.114 
75.4 -0.106 0.114 
75.4 -0.107 0.114 
75.4 -0.107 0.114 
75.5 -0.109 0.113 
75.5 -0.109 0.113 
75.5 -0.11 0.113 
75.5 -0.111 0.113 
75.5 -0.112 0.113 
75.5 -0.114 0.113 
75.5 -0.114 0.113 
75.4 -0.115 0.113 
75.4 -0.115 0.113 
75.4 -0.114 0.113 
75.4 -0.114 0.113 
75.4 -0.114 0.113 
75.4 -0.114 0.113 
75.4 -0.114 0.113 
75.4 -0.114 0.113 
75.5 -0.114 0.112 
75.5 -0.114 0.112 
75.5 -0.114 0.112 
75.5 -0.115 0.112 
75.5 -0.115 0.112 
75.5 -0.115 0.112 
75.5 -0.116 0.112 
75.5 -0.116 0.112 
75.5 -0.116 0.112 
75.5 -0.117 0.112 
75.5 -0.117 0.112 
75.5 -0.117 0.112 
75.5 -0.118 0.112 
75.5 -0.118 0.112 
75.5 -0.118 0.112 
75.6 -0.118 0.113 
75.6 -0.119 0.113 
75.6 -0.119 0.113 
75.6 -0.119 0.113 
75.6 -0.119 0.113 
75.6 -0.119 0.113 
75.6 -0.119 0.113 
75.6 -0.118 0.112 
75.6 -0.118 0.113 
75.6 -0.118 0.113 
75.6 -0.118 0.113 
75.6 -0.118 0.113 
75.6 -0.117 0.113 
75.6 -0.117 0.113 
75.6 -0.117 0.113 
75.6 -0.117 0.113 
75.6 -0.116 0.113 
75.6 -0.116 0.113 
75.6 -0.116 0.113 
75.6 -0.116 0.113 
75.6 -0.116 0.113 
75.6 -0.116 0.113 
75.6 -0.116 0.113 
75.6 -0.116 0.114 
75.6 -0.116 0.114 
75.6 -0.117 0.114 
75.6 -0.117 0.116 
75.6 -0.117 0.115 
75.6 -0.116 0.114 
75.6 -0.117 0.114 
75.6 -0.117 0.114 
75.6 -0.117 0.114 
75.7 -0.116 0.114 
75.7 -0.116 0.114 
75.7 -0.116 0.114 
75.7 -0.116 0.114 
75.7 -0.116 0.114 
75.7 -0.116 0.114 
75.7 -0.116 0.114 
75.7 -0.116 0.114 
75.7 -0.116 0.114 
75.7 -0.116 0.114 
75.7 -0.116 0.114 
75.7 -0.116 0.114 
75.7 -0.116 0.114 
75.7 -0.117 0.114 
75.7 -0.115 0.112 
75.7 -0.115 0.113 
75.7 -0.115 0.114 
75.7 -0.114 0.114 
75.7 -0.114 0.113 
75.7 -0.113 0.113 
75.8 -0.112 0.113 
75.8 -0.112 0.112 
75.8 -0.111 0.112 
75.8 -0.115 0.112 
75.8 -0.11 0.112 
75.8 -0.11 0.11 
75.8 -0.116 0.111 
75.8 -0.108 0.111 
75.8 -0.108 0.111 
75.8 -0.108 0.111 
75.8 -0.107 0.111 
75.8 -0.107 0.11 
75.8 -0.107 0.111 
75.8 -0.107 0.11 
75.8 -0.108 0.11 
75.8 -0.107 0.107 
75.8 -0.106 0.11 
75.8 -0.106 0.11 
75.8 -0.106 0.11 
75.8 -0.106 0.11 
75.8 -0.105 0.109 
75.8 -0.105 0.109 
75.8 -0.105 0.11 
75.8 -0.105 0.11 
75.8 -0.105 0.109 
75.8 -0.105 0.109 
75.8 -0.105 0.11 
75.8 -0.105 0.11 
75.8 -0.106 0.11 
75.8 -0.105 0.11 
75.8 -0.106 0.112 
75.8 -0.106 0.11 
75.8 -0.106 0.11 
75.8 -0.106 0.111 
75.8 -0.106 0.111 
75.8 -0.106 0.111 
75.8 -0.106 0.111 
75.8 -0.106 0.112 
75.8 -0.106 0.111 
75.9 -0.107 0.113 
75.9 -0.107 0.113 
75.9 -0.107 0.113 
75.9 -0.106 0.113 
75.9 -0.106 0.112 
75.9 -0.106 0.113 
75.9 -0.106 0.113 
76 -0.106 0.112 
76 -0.106 0.112 
76 -0.106 0.113 
76 -0.106 0.113 
76 -0.106 0.113 
76.1 -0.106 0.112 
76.1 -0.106 0.113 
76.1 -0.106 0.113 
76.1 -0.106 0.113 
76.1 -0.106 0.112 
76.1 -0.106 0.112 
76.1 -0.106 0.112 
76.1 -0.106 0.112 
76.1 -0.106 0.112 
76.1 -0.106 0.112 
76.1 -0.106 0.112 
76.1 -0.105 0.112 
76.1 -0.105 0.112 
76.1 -0.106 0.112 
76.1 -0.106 0.112 
76.1 -0.106 0.112 
76.1 -0.106 0.113 
76.1 -0.106 0.113 
76.1 -0.106 0.113 
76.1 -0.107 0.114 
76.1 -0.107 0.115 
76.1 -0.108 0.117 
76.2 -0.108 0.119 
76.2 -0.108 0.119 
76.2 -0.108 0.119 
76.2 -0.108 0.119 
76.2 -0.108 0.12 
76.3 -0.108 0.126 
76.2 -0.108 0.122 
76.2 -0.109 0.124 
76.2 -0.109 0.125 
76.2 -0.109 0.124 
76.2 -0.107 0.124 
76.2 -0.107 0.124 
76.2 -0.107 0.124 
76.2 -0.106 0.123 
76.2 -0.106 0.123 
76.2 -0.105 0.122 
76.2 -0.104 0.122 
76.2 -0.104 0.122 
76.2 -0.104 0.121 
76.2 -0.104 0.121 
76.3 -0.103 0.121 
76.3 -0.103 0.121 
76.3 -0.102 0.12 
76.3 -0.102 0.12 
76.3 -0.102 0.121 
76.3 -0.102 0.121 
76.3 -0.102 0.12 
76.3 -0.101 0.12 
76.3 -0.101 0.118 
76.3 -0.101 0.119 
76.3 -0.101 0.119 
76.3 -0.101 0.12 
76.3 -0.101 0.12 
76.3 -0.1 0.12 
76.3 -0.0998 0.119 
76.3 -0.0996 0.119 
76.3 -0.0987 0.119 
76.3 -0.0984 0.119 
76.3 -0.0983 0.119 
76.3 -0.0982 0.119 
76.3 -0.0983 0.119 
76.3 -0.0981 0.119 
76.3 -0.0974 0.118 
76.3 -0.0981 0.119 
76.3 -0.106 0.118 
76.3 -0.098 0.121 
76.3 -0.0977 0.121 
76.3 -0.0976 0.121 
76.3 -0.0977 0.121 
76.3 -0.0975 0.121 
76.3 -0.0973 0.121 
76.3 -0.098 0.123 
76.3 -0.0976 0.123 
76.3 -0.0978 0.123 
76.3 -0.0978 0.123 
76.3 -0.0981 0.126 
76.3 -0.0978 0.125 
76.3 -0.0984 0.126 
76.3 -0.0981 0.126 
76.3 -0.0982 0.127 
76.3 -0.0983 0.127 
76.3 -0.0986 0.127 
76.3 -0.0981 0.126 
76.3 -0.0981 0.127 
76.3 -0.0981 0.126 
76.3 -0.098 0.126 
76.3 -0.0978 0.126 
76.3 -0.0977 0.127 
76.3 -0.0971 0.127 
76.3 -0.097 0.127 
76.3 -0.0964 0.127 
76.3 -0.0963 0.127 
76.3 -0.0963 0.127 
76.2 -0.0956 0.127 
76.2 -0.0958 0.127 
76.2 -0.095 0.127 
76.2 -0.0952 0.127 
76.2 -0.0948 0.127 
76.2 -0.0941 0.127 
76.2 -0.0939 0.127 
76.2 -0.0936 0.127 
76.2 -0.0935 0.127 
76.2 -0.0937 0.127 
76.2 -0.0937 0.128 
76.2 -0.0939 0.128 
76.3 -0.0937 0.128 
76.3 -0.0927 0.128 
76.3 -0.0928 0.128 
76.3 -0.0926 0.128 
76.3 -0.0927 0.128 
76.3 -0.0927 0.128 
76.3 -0.0921 0.128 
76.3 -0.0922 0.128 
76.3 -0.092 0.128 
76.3 -0.092 0.128 
76.3 -0.0914 0.128 
76.3 -0.0904 0.127 
76.3 -0.0902 0.127 
76.3 -0.09 0.128 
76.3 -0.09 0.129 
76.3 -0.0898 0.129 
76.3 -0.0893 0.129 
76.3 -0.0885 0.129 
76.3 -0.0883 0.13 
76.3 -0.0884 0.129 
76.3 -0.0874 0.129 
76.4 -0.0876 0.13 
76.4 -0.0876 0.13 
76.4 -0.0867 0.131 
76.4 -0.0866 0.13 
76.4 -0.0869 0.13 
76.4 -0.0874 0.131 
76.4 -0.0867 0.131 
76.4 -0.0859 0.132 
76.4 -0.0857 0.132 
76.4 -0.0862 0.132 
76.4 -0.0868 0.132 
76.4 -0.087 0.133 
76.4 -0.0871 0.133 
76.4 -0.0871 0.134 
76.4 -0.087 0.134 
76.4 -0.0873 0.134 
76.4 -0.0873 0.134 
76.4 -0.0873 0.134 
76.4 -0.0872 0.135 
76.4 -0.0872 0.136 
76.4 -0.0869 0.137 
76.5 -0.0869 0.137 
76.5 -0.0866 0.138 
76.5 -0.0869 0.138 
76.5 -0.0873 0.138 
76.5 -0.0874 0.138 
76.5 -0.0878 0.138 
76.5 -0.0886 0.138 
76.5 -0.0882 0.139 
76.5 -0.089 0.139 
76.5 -0.0897 0.139 
76.5 -0.0898 0.139 
76.5 -0.0903 0.139 
76.5 -0.0902 0.14 
76.6 -0.0902 0.14 
76.6 -0.0901 0.14 
76.6 -0.0898 0.14 
76.6 -0.0897 0.14 
76.6 -0.0892 0.14 
76.6 -0.0886 0.14 
76.6 -0.0881 0.14 
76.6 -0.0853 0.141 
76.6 -0.0864 0.14 
76.6 -0.0795 0.159 
76.6 -0.0843 0.14 
76.6 -0.084 0.141 
76.6 -0.0836 0.141 
76.6 -0.083 0.141 
76.6 -0.0829 0.141 
76.6 -0.0825 0.141 
76.6 -0.0823 0.142 
76.6 -0.0823 0.143 
76.6 -0.0818 0.141 
76.6 -0.0815 0.141 
76.6 -0.0816 0.142 
76.6 -0.082 0.141 
76.6 -0.0815 0.141 
76.6 -0.079 0.141 
76.6 -0.0802 0.142 
76.6 -0.08 0.144 
76.6 -0.0788 0.142 
76.6 -0.078 0.142 
76.6 -0.078 0.142 
76.6 -0.0774 0.142 
76.6 -0.0768 0.143 
76.6 -0.0768 0.143 
76.6 -0.0763 0.143 
76.6 -0.0761 0.143 
76.6 -0.076 0.143 
76.6 -0.0757 0.143 
76.6 -0.0752 0.143 
76.6 -0.075 0.143 
76.6 -0.075 0.143 
76.6 -0.0743 0.143 
76.6 -0.0746 0.143 
76.6 -0.0751 0.142 
76.6 -0.0733 0.143 
76.6 -0.0731 0.143 
76.6 -0.0727 0.143 
76.6 -0.0727 0.143 
76.6 -0.0728 0.143 
76.6 -0.0727 0.144 
76.6 -0.0728 0.144 
76.6 -0.0727 0.144 
76.6 -0.0729 0.144 
76.6 -0.0727 0.144 
76.6 -0.0727 0.145 
76.6 -0.0728 0.145 
76.6 -0.0741 0.145 
76.6 -0.0755 0.144 
76.6 -0.0738 0.146 
76.6 -0.0735 0.146 
76.6 -0.073 0.145 
76.6 -0.0729 0.145 
76.6 -0.0723 0.146 
76.7 -0.0728 0.147 
76.6 -0.0733 0.146 
76.6 -0.0697 0.146 
76.7 -0.0734 0.149 
76.7 -0.0719 0.149 
76.7 -0.0716 0.15 
76.7 -0.0701 0.148 
76.7 -0.0699 0.148 
76.7 -0.0713 0.148 
76.7 -0.0707 0.148 
76.7 -0.0711 0.149 
76.7 -0.0717 0.149 
76.7 -0.072 0.149 
76.7 -0.0723 0.15 
76.7 -0.0726 0.15 
76.7 -0.0732 0.151 
76.7 -0.0741 0.151 
76.7 -0.0743 0.152 
76.7 -0.0747 0.152 
76.7 -0.0734 0.152 
76.7 -0.0731 0.153 
76.7 -0.0728 0.153 
76.7 -0.0725 0.154 
76.7 -0.0735 0.154 
76.7 -0.0732 0.154 
76.7 -0.0723 0.155 
76.7 -0.0713 0.156 
76.7 -0.0734 0.158 
76.7 -0.0731 0.159 
76.7 -0.075 0.159 
76.7 -0.0763 0.16 
76.7 -0.0771 0.161 
76.7 -0.0783 0.162 
76.7 -0.0796 0.161 
76.7 -0.081 0.161 
76.8 -0.0813 0.161 
76.8 -0.0815 0.161 
76.8 -0.0822 0.161 
76.8 -0.0875 0.153 
76.8 -0.0843 0.162 
76.8 -0.0846 0.162 
76.8 -0.0853 0.163 
76.8 -0.0863 0.164 
76.8 -0.0871 0.165 
76.8 -0.0877 0.166 
76.8 -0.0879 0.166 
76.8 -0.0877 0.166 
76.8 -0.0878 0.166 
76.7 -0.0883 0.167 
76.8 -0.0886 0.167 
76.8 -0.0882 0.163 
76.8 -0.0887 0.163 
76.8 -0.0888 0.162 
77.1 -0.128 0.158 
76.9 -0.0889 0.161 
76.9 -0.0892 0.159 
77.1 -0.197 0.165 
76.9 -0.0957 0.163 
76.9 -0.0916 0.163 
76.9 -0.0922 0.164 
76.9 -0.0913 0.163 
76.9 -0.0887 0.168 
76.9 -0.0922 0.165 
76.9 -0.0918 0.166 
76.9 -0.0916 0.166 
76.9 -0.0916 0.165 
76.9 -0.0917 0.165 
76.9 -0.0921 0.164 
76.9 -0.0923 0.164 
76.9 -0.093 0.164 
76.9 -0.0925 0.165 
76.9 -0.0925 0.165 
76.9 -0.0924 0.165 
76.9 -0.0934 0.166 
76.9 -0.0942 0.166 
76.9 -0.0952 0.165 
76.9 -0.0964 0.165 
76.9 -0.0967 0.165 
76.9 -0.097 0.164 
76.9 -0.0973 0.163 
76.9 -0.0977 0.164 
76.9 -0.0981 0.163 
76.9 -0.0985 0.164 
76.9 -0.0995 0.163 
76.9 -0.0995 0.163 
76.9 -0.1 0.162 
76.9 -0.1 0.162 
76.9 -0.1 0.162 
76.9 -0.101 0.161 
76.9 -0.101 0.162 
76.9 -0.102 0.162 
76.9 -0.103 0.163 
76.9 -0.103 0.163 
76.9 -0.104 0.164 
76.9 -0.104 0.164 
76.9 -0.106 0.164 
76.9 -0.106 0.165 
76.9 -0.107 0.165 
76.9 -0.109 0.166 
76.9 -0.108 0.165 
76.9 -0.108 0.166 
76.9 -0.109 0.166 
76.9 -0.109 0.166 
76.9 -0.111 0.167 
76.9 -0.111 0.167 
76.9 -0.113 0.17 
76.9 -0.112 0.171 
76.9 -0.112 0.171 
76.9 -0.113 0.173 
76.9 -0.113 0.173 
76.9 -0.114 0.174 
76.9 -0.114 0.175 
76.9 -0.114 0.175 
76.9 -0.115 0.176 
76.9 -0.115 0.176 
76.9 -0.115 0.176 
76.9 -0.115 0.176 
76.9 -0.115 0.176 
76.9 -0.116 0.175 
76.9 -0.115 0.174 
76.9 -0.115 0.175 
76.8 -0.115 0.175 
76.9 -0.115 0.174 
76.9 -0.115 0.175 
76.9 -0.115 0.174 
76.8 -0.114 0.173 
76.8 -0.115 0.173 
76.8 -0.114 0.173 
76.8 -0.115 0.173 
76.9 -0.116 0.173 
76.9 -0.116 0.173 
76.9 -0.116 0.173 
76.9 -0.115 0.173 
76.9 -0.116 0.173 
76.9 -0.116 0.173 
76.9 -0.116 0.174 
76.9 -0.117 0.172 
76.9 -0.117 0.173 
76.9 -0.118 0.173 
76.9 -0.119 0.173 
76.9 -0.119 0.173 
76.9 -0.119 0.173 
76.9 -0.119 0.173 
76.9 -0.12 0.174 
76.9 -0.12 0.175 
76.9 -0.121 0.175 
76.9 -0.121 0.174 
76.9 -0.126 0.175 
76.9 -0.128 0.176 
77.1 -0.18 0.178 
76.9 -0.122 0.176 
76.9 -0.123 0.175 
76.9 -0.124 0.175 
76.9 -0.124 0.175 
76.9 -0.124 0.175 
77 -0.125 0.175 
77 -0.142 0.177 
77 -0.124 0.176 
77 -0.123 0.175 
77.1 -0.122 0.174 
77.1 -0.122 0.175 
77 -0.122 0.175 
77 -0.122 0.176 
77 -0.122 0.176 
77 -0.121 0.176 
77 -0.121 0.176 
77 -0.121 0.176 
77 -0.122 0.177 
77 -0.122 0.177 
77 -0.121 0.177 
77 -0.121 0.177 
77 -0.12 0.177 
77.1 -0.12 0.177 
77.1 -0.119 0.177 
77.1 -0.118 0.176 
77.1 -0.117 0.176 
77.2 -0.116 0.176 
77.2 -0.115 0.176 
77.2 -0.114 0.175 
77.2 -0.115 0.175 
77.2 -0.116 0.175 
77.2 -0.117 0.175 
77.2 -0.117 0.174 
77.2 -0.117 0.173 
77.1 -0.118 0.172 
77.1 -0.12 0.173 
77.1 -0.12 0.173 
77.1 -0.12 0.173 
77.1 -0.12 0.173 
77.1 -0.12 0.173 
77.1 -0.12 0.174 
77.1 -0.12 0.173 
77.1 -0.12 0.173 
77.1 -0.119 0.174 
77.1 -0.12 0.173 
77.2 -0.12 0.172 
77.2 -0.119 0.172 
77.2 -0.12 0.172 
77.2 -0.12 0.172 
77.2 -0.12 0.173 
77.2 -0.119 0.173 
77.2 -0.119 0.173 
77.2 -0.119 0.173 
77.2 -0.119 0.173 
77.2 -0.119 0.173 
77.2 -0.12 0.173 
77.2 -0.12 0.173 
77.2 -0.12 0.173 
77.2 -0.119 0.173 
77.2 -0.119 0.173 
77.2 -0.119 0.173 
77.2 -0.119 0.173 
77.2 -0.119 0.173 
77.2 -0.119 0.173 
77.2 -0.119 0.173 
77.2 -0.119 0.172 
77.2 -0.119 0.172 
77.2 -0.119 0.172 
77.2 -0.118 0.172 
77.2 -0.118 0.171 
77.2 -0.118 0.171 
77.2 -0.118 0.171 
77.2 -0.118 0.171 
77.2 -0.118 0.17 
77.2 -0.118 0.17 
77.2 -0.117 0.17 
77.2 -0.117 0.17 
77.3 -0.117 0.17 
77.3 -0.117 0.17 
77.3 -0.116 0.17 
77.3 -0.116 0.17 
77.3 -0.117 0.17 
77.3 -0.116 0.17 
77.3 -0.116 0.17 
77.3 -0.116 0.17 
77.3 -0.116 0.17 
77.3 -0.116 0.17 
77.3 -0.116 0.17 
77.3 -0.115 0.17 
77.3 -0.115 0.17 
77.3 -0.116 0.17 
77.3 -0.116 0.169 
77.3 -0.115 0.169 
77.3 -0.116 0.169 
77.3 -0.115 0.168 
77.3 -0.115 0.168 
77.4 -0.114 0.168 
77.4 -0.115 0.168 
77.4 -0.114 0.168 
77.4 -0.114 0.168 
77.4 -0.113 0.168 
77.3 -0.113 0.168 
77.3 -0.113 0.168 
77.4 -0.113 0.168 
77.4 -0.114 0.167 
77.4 -0.113 0.167 
77.4 -0.113 0.167 
77.4 -0.113 0.167 
77.4 -0.113 0.167 
77.4 -0.113 0.167 
77.4 -0.113 0.167 
77.4 -0.112 0.167 
77.4 -0.112 0.167 
77.4 -0.112 0.167 
77.4 -0.113 0.167 
77.5 -0.113 0.167 
77.5 -0.113 0.166 
77.5 -0.113 0.166 
77.5 -0.113 0.166 
77.5 -0.113 0.166 
77.5 -0.113 0.166 
77.5 -0.114 0.166 
77.5 -0.114 0.166 
77.5 -0.114 0.166 
77.5 -0.114 0.166 
77.5 -0.114 0.166 
77.5 -0.115 0.166 
77.5 -0.114 0.166 
77.5 -0.114 0.166 
77.5 -0.114 0.166 
77.5 -0.114 0.167 
77.5 -0.114 0.167 
77.5 -0.114 0.167 
77.5 -0.114 0.167 
77.5 -0.114 0.167 
77.5 -0.114 0.167 
77.5 -0.114 0.167 
77.5 -0.115 0.165 
77.5 -0.115 0.167 
77.5 -0.115 0.167 
77.5 -0.115 0.167 
77.5 -0.115 0.167 
77.5 -0.115 0.167 
77.5 -0.115 0.167 
77.6 -0.115 0.166 
77.6 -0.114 0.166 
77.5 -0.115 0.166 
77.6 -0.114 0.166 
77.6 -0.114 0.165 
77.6 -0.114 0.164 
77.6 -0.113 0.165 
77.6 -0.113 0.165 
77.6 -0.113 0.165 
77.6 -0.112 0.165 
77.6 -0.112 0.164 
77.6 -0.112 0.164 
77.6 -0.111 0.164 
77.6 -0.112 0.164 
77.6 -0.111 0.164 
77.6 -0.111 0.164 
77.6 -0.111 0.164 
77.6 -0.112 0.163 
77.6 -0.111 0.164 
77.6 -0.111 0.164 
77.6 -0.111 0.163 
77.6 -0.112 0.163 
77.6 -0.112 0.163 
77.6 -0.111 0.164 
77.6 -0.111 0.164 
77.6 -0.111 0.163 
77.6 -0.111 0.164 
77.6 -0.111 0.163 
77.7 -0.111 0.162 
77.7 -0.111 0.162 
77.7 -0.111 0.162 
77.7 -0.111 0.162 
77.7 -0.111 0.16 
77.7 -0.111 0.16 
77.7 -0.111 0.16 
77.7 -0.111 0.16 
77.7 -0.111 0.16 
77.7 -0.111 0.161 
77.7 -0.111 0.161 
77.7 -0.111 0.161 
77.7 -0.111 0.161 
77.7 -0.11 0.161 
77.9 -0.104 0.145 
77.8 -0.111 0.16 
77.8 -0.111 0.16 
77.8 -0.111 0.16 
77.7 -0.111 0.161 
77.7 -0.111 0.161 
77.7 -0.111 0.16 
77.8 -0.111 0.16 
77.8 -0.111 0.16 
77.8 -0.111 0.159 
77.8 -0.11 0.158 
77.8 -0.11 0.158 
77.8 -0.11 0.159 
77.8 -0.109 0.159 
77.8 -0.109 0.159 
77.8 -0.109 0.159 
77.8 -0.109 0.158 
77.8 -0.109 0.158 
77.8 -0.11 0.158 
77.8 -0.11 0.158 
77.8 -0.109 0.158 
77.9 -0.108 0.157 
77.9 -0.108 0.157 
77.8 -0.108 0.158 
77.8 -0.107 0.157 
77.9 -0.107 0.156 
77.9 -0.107 0.156 
77.9 -0.107 0.156 
77.9 -0.105 0.155 
77.8 -0.104 0.155 
77.8 -0.104 0.154 
77.8 -0.103 0.155 
77.8 -0.102 0.155 
77.8 -0.102 0.155 
77.8 -0.102 0.155 
77.8 -0.102 0.155 
77.8 -0.102 0.155 
77.8 -0.102 0.155 
77.8 -0.103 0.155 
77.8 -0.103 0.156 
77.8 -0.102 0.155 
77.8 -0.102 0.155 
77.8 -0.102 0.155 
77.8 -0.102 0.155 
77.8 -0.102 0.155 
77.8 -0.101 0.156 
77.8 -0.101 0.156 
77.8 -0.101 0.156 
77.8 -0.101 0.156 
77.8 -0.1 0.156 
77.8 -0.1 0.156 
77.8 -0.1 0.156 
77.8 -0.1 0.156 
77.8 -0.1 0.156 
77.8 -0.0998 0.156 
77.8 -0.0989 0.156 
77.8 -0.1 0.155 
77.8 -0.0998 0.155 
77.8 -0.0984 0.156 
77.8 -0.0979 0.156 
77.8 -0.0975 0.156 
77.8 -0.0975 0.155 
77.8 -0.0981 0.155 
77.8 -0.098 0.155 
77.8 -0.0968 0.155 
77.8 -0.0961 0.153 
77.8 -0.0952 0.155 
77.8 -0.0952 0.154 
77.9 -0.0972 0.147 
77.9 -0.0926 0.149 
77.9 -0.0913 0.158 
77.9 -0.0954 0.155 
77.9 -0.0903 0.159 
78 -0.0969 0.156 
77.9 -0.0924 0.153 
78.1 -0.0934 0.158 
78 -0.0824 0.167 
78 -0.0874 0.164 
78 -0.0885 0.162 
78 -0.0907 0.157 
77.9 -0.089 0.154 
77.9 -0.0887 0.153 
77.9 -0.0867 0.154 
77.9 -0.0848 0.155 
77.9 -0.0859 0.154 
77.9 -0.0849 0.154 
77.9 -0.0849 0.154 
77.9 -0.0848 0.154 
77.9 -0.0848 0.154 
77.9 -0.0847 0.155 
77.9 -0.0849 0.154 
77.9 -0.0847 0.154 
77.9 -0.0847 0.154 
77.8 -0.0842 0.155 
77.9 -0.0839 0.154 
77.9 -0.0839 0.155 
77.9 -0.0853 0.153 
77.7 -0.0784 0.151 
77.9 -0.0831 0.155 
78.6 -0.0809 0.168 
77.9 -0.0812 0.155 
77.9 -0.0821 0.155 
77.9 -0.082 0.155 
77.9 -0.0817 0.155 
77.9 -0.0822 0.155 
77.9 -0.0828 0.155 
77.9 -0.0828 0.154 
77.9 -0.0841 0.154 
77.9 -0.0837 0.155 
77.9 -0.0832 0.154 
77.9 -0.0844 0.151 
77.9 -0.0861 0.157 
77.9 -0.0833 0.152 
77.9 -0.0832 0.15 
77.9 -0.0824 0.155 
77.9 -0.0823 0.155 
77.9 -0.0822 0.155 
77.9 -0.0824 0.155 
77.9 -0.0824 0.155 
77.9 -0.0821 0.155 
77.9 -0.0826 0.155 
77.9 -0.0826 0.155 
77.9 -0.0822 0.155 
77.9 -0.0828 0.155 
77.9 -0.0827 0.155 
77.9 -0.0827 0.155 
77.9 -0.0825 0.155 
77.9 -0.0827 0.155 
77.9 -0.0829 0.155 
77.9 -0.0827 0.155 
77.9 -0.0825 0.155 
77.9 -0.0829 0.155 
77.9 -0.0823 0.154 
77.9 -0.0823 0.154 
77.9 -0.0819 0.154 
77.9 -0.0826 0.154 
77.9 -0.0838 0.155 
77.9 -0.0824 0.154 
77.9 -0.082 0.154 
77.9 -0.0827 0.154 
77.9 -0.0841 0.155 
