74.3 -0.115 -0.311 
74.3 -0.273 -0.328 
74.4 -0.252 -0.28 
74.3 -0.242 -0.304 
74.3 -0.229 -0.295 
74.4 -0.207 -0.246 
74.4 -0.182 -0.208 
74.4 -0.118 -0.173 
74.4 -0.125 -0.142 
74.4 -0.0736 -0.12 
74.3 -0.0331 -0.102 
74.4 -0.00268 -0.0793 
74.4 -0.0625 -0.0439 
74.4 -0.0781 0.000217 
74.5 -0.082 0.0456 
74.4 0.112 0.049 
74.4 0.187 0.0368 
74.3 0.244 0.0325 
74.3 0.288 0.0268 
74.2 0.529 0.0426 
74.2 0.585 0.0443 
74.1 0.6 0.0231 
74.2 0.376 -0.00991 
74.1 0.408 -0.0226 
74.2 0.406 -0.0166 
74.2 0.399 -0.0153 
74.2 0.369 -0.011 
74.1 0.403 -0.02 
74.1 0.39 -0.0207 
74.1 0.363 -0.0193 
74.1 0.385 -0.0201 
74.2 0.379 -0.0169 
74.2 0.338 -0.00946 
74.2 0.412 -0.0146 
74.1 0.404 -0.0193 
74.2 0.398 -0.0162 
74.2 0.396 -0.0139 
74.2 0.391 -0.0136 
74.2 0.384 -0.0138 
74.2 0.424 -0.00666 
74.2 0.435 -0.00797 
74.2 0.419 -0.00606 
74.2 0.466 0.0096 
74.2 0.465 0.00653 
74.2 0.475 0.0186 
74.3 0.494 0.0279 
74.3 0.52 0.0237 
74.3 0.532 0.0141 
74.3 0.549 0.00761 
74.3 0.528 0.00241 
74.2 0.543 -0.00725 
74.2 0.536 -0.0152 
74.2 0.534 -0.0181 
74.2 0.512 -0.0243 
74.2 0.51 -0.0258 
74.2 0.491 -0.0356 
74.2 0.491 -0.0371 
74.2 0.453 -0.0303 
74.2 0.453 -0.0339 
74.2 0.444 -0.0337 
74.2 0.439 -0.0357 
74.2 0.394 -0.0484 
74.2 0.401 -0.0537 
74.2 0.401 -0.0602 
74.1 0.42 -0.0663 
74.1 0.388 -0.0891 
74.1 0.404 -0.0855 
74.1 0.411 -0.0861 
74.1 0.411 -0.0861 
74.1 0.382 -0.0994 
74.1 0.395 -0.0967 
74.1 0.422 -0.0938 
74.1 0.421 -0.0932 
74.1 0.426 -0.103 
74.1 0.424 -0.102 
74.1 0.426 -0.102 
74.1 0.428 -0.104 
74.1 0.433 -0.107 
74.1 0.417 -0.113 
74.1 0.346 -0.115 
74.1 0.416 -0.12 
74.1 0.413 -0.125 
74.1 0.411 -0.127 
74.1 0.411 -0.131 
74.1 0.411 -0.125 
74.1 0.4 -0.119 
74.1 0.401 -0.119 
74.1 0.401 -0.116 
74.1 0.39 -0.108 
74.1 0.391 -0.11 
74.1 0.384 -0.104 
74.1 0.368 -0.1 
74.1 0.374 -0.0945 
74.1 0.368 -0.0874 
74.1 0.371 -0.0936 
74.2 0.369 -0.0892 
74.2 0.366 -0.0795 
74.2 0.396 -0.0882 
74.2 0.389 -0.0782 
74.2 0.386 -0.0791 
74.2 0.388 -0.0783 
74.2 0.389 -0.075 
74.2 0.387 -0.0693 
74.2 0.39 -0.0686 
74.2 0.369 -0.0593 
74.2 0.386 -0.0623 
74.2 0.385 -0.0559 
74.2 0.383 -0.0584 
74.2 0.375 -0.058 
74.2 0.363 -0.0601 
74.2 0.359 -0.0629 
74.2 0.367 -0.0655 
74.2 0.376 -0.0721 
74.2 0.36 -0.0726 
74.2 0.359 -0.07 
74.2 0.359 -0.0723 
74.2 0.373 -0.0742 
74.2 0.39 -0.0777 
74.2 0.407 -0.0752 
74.2 0.428 -0.0633 
74.2 0.439 -0.0509 
74.3 0.436 -0.0421 
74.3 0.459 -0.033 
74.3 0.462 -0.0322 
74.3 0.478 -0.0242 
74.3 0.475 -0.0267 
74.3 0.474 -0.0299 
74.3 0.482 -0.0255 
74.3 0.484 -0.027 
74.3 0.472 -0.0244 
74.3 0.477 -0.0254 
74.3 0.478 -0.0234 
74.3 0.478 -0.0228 
74.3 0.482 -0.0224 
74.3 0.476 -0.0213 
74.3 0.478 -0.0194 
74.3 0.477 -0.018 
74.3 0.477 -0.018 
74.3 0.479 -0.018 
74.3 0.467 -0.0174 
74.3 0.506 -0.0197 
74.3 0.507 -0.0186 
74.3 0.509 -0.0187 
74.3 0.511 -0.018 
74.3 0.506 -0.0172 
74.3 0.507 -0.0168 
74.3 0.508 -0.0181 
74.3 0.509 -0.0186 
74.3 0.509 -0.0186 
74.3 0.51 -0.0209 
74.3 0.51 -0.0209 
74.3 0.518 -0.0246 
74.3 0.519 -0.0271 
74.3 0.519 -0.0268 
74.3 0.521 -0.029 
74.3 0.522 -0.0286 
74.3 0.513 -0.0299 
74.3 0.514 -0.0327 
74.4 0.499 -0.0334 
74.4 0.499 -0.0347 
74.4 0.501 -0.0353 
74.4 0.499 -0.0378 
74.4 0.501 -0.0411 
74.4 0.5 -0.0417 
74.4 0.471 -0.0528 
74.4 0.498 -0.0471 
74.5 0.498 -0.0532 
74.5 0.497 -0.0524 
74.5 0.498 -0.0574 
74.5 0.499 -0.056 
74.5 0.499 -0.0548 
74.5 0.499 -0.0535 
74.5 0.5 -0.0534 
74.5 0.501 -0.0528 
74.5 0.495 -0.0504 
74.5 0.495 -0.0505 
74.5 0.495 -0.0499 
74.6 0.479 -0.0485 
74.6 0.492 -0.048 
74.6 0.496 -0.047 
74.6 0.496 -0.0459 
74.6 0.51 -0.0465 
74.6 0.504 -0.0458 
74.6 0.524 -0.0485 
74.6 0.503 -0.0487 
74.6 0.503 -0.0476 
74.6 0.504 -0.0486 
74.6 0.504 -0.0506 
74.6 0.501 -0.054 
74.6 0.51 -0.0567 
74.6 0.501 -0.056 
74.6 0.499 -0.0581 
74.6 0.586 -0.0617 
74.6 0.566 -0.0638 
74.6 0.522 -0.0714 
74.6 0.5 -0.0787 
74.6 0.498 -0.0849 
74.6 0.496 -0.0907 
74.6 0.518 -0.0903 
74.6 0.494 -0.0936 
74.6 0.48 -0.0919 
74.6 0.574 -0.0955 
74.7 0.473 -0.0966 
74.7 0.471 -0.0968 
74.7 0.47 -0.0975 
74.7 0.47 -0.0974 
74.7 0.469 -0.0959 
74.7 0.47 -0.0954 
74.7 0.448 -0.092 
74.7 0.442 -0.0883 
74.7 0.42 -0.0851 
74.7 0.417 -0.0844 
74.7 0.417 -0.0836 
74.7 0.416 -0.0828 
74.7 0.414 -0.0824 
74.7 0.414 -0.0818 
74.7 0.412 -0.0811 
74.7 0.413 -0.081 
74.7 0.41 -0.0807 
74.7 0.411 -0.0803 
74.7 0.415 -0.0796 
74.7 0.416 -0.0786 
74.7 0.419 -0.0756 
74.7 0.419 -0.0749 
74.7 0.424 -0.0706 
74.7 0.424 -0.0709 
74.7 0.425 -0.0695 
74.7 0.429 -0.066 
74.7 0.43 -0.0657 
74.7 0.43 -0.0649 
74.7 0.428 -0.064 
74.8 0.427 -0.0626 
74.8 0.428 -0.0606 
74.8 0.429 -0.0602 
74.8 0.428 -0.0607 
74.8 0.429 -0.0609 
74.8 0.428 -0.0616 
74.8 0.427 -0.0631 
74.8 0.428 -0.0628 
74.8 0.424 -0.0631 
74.8 0.424 -0.0628 
74.8 0.425 -0.0628 
74.8 0.426 -0.0624 
74.8 0.425 -0.0622 
74.8 0.425 -0.0647 
74.8 0.42 -0.0636 
74.8 0.418 -0.0632 
74.8 0.418 -0.0632 
74.8 0.418 -0.0639 
74.8 0.417 -0.0654 
74.8 0.413 -0.0663 
74.8 0.406 -0.0672 
74.8 0.401 -0.0683 
74.8 0.387 -0.069 
74.8 0.383 -0.0688 
74.8 0.377 -0.0687 
74.8 0.372 -0.0683 
74.8 0.359 -0.0669 
74.8 0.337 -0.0626 
74.8 0.319 -0.0584 
74.8 0.304 -0.0531 
74.8 0.288 -0.0468 
74.8 0.278 -0.0401 
74.8 0.269 -0.0312 
74.8 0.26 -0.0212 
74.8 0.248 -0.0129 
74.8 0.249 -0.0119 
74.8 0.241 -0.00478 
74.8 0.241 -0.00387 
74.8 0.235 0.00435 
74.8 0.236 0.00519 
74.8 0.235 0.00691 
74.8 0.232 0.0141 
74.8 0.229 0.0142 
74.8 0.221 0.0219 
74.8 0.224 0.0228 
74.9 0.217 0.0299 
74.9 0.216 0.0301 
74.9 0.212 0.04 
74.9 0.212 0.0397 
74.9 0.21 0.0528 
74.9 0.204 0.0646 
74.9 0.2 0.0748 
74.9 0.196 0.0848 
74.9 0.194 0.0949 
74.9 0.196 0.105 
74.9 0.196 0.116 
74.9 0.203 0.131 
75 0.196 0.138 
75 0.198 0.148 
75 0.192 0.16 
75 0.192 0.174 
75 0.191 0.187 
75 0.191 0.202 
75 0.191 0.216 
75 0.19 0.228 
75.1 0.188 0.24 
75.1 0.186 0.253 
75.1 0.186 0.265 
75.1 0.186 0.279 
75.1 0.197 0.289 
75.1 0.189 0.294 
75.1 0.191 0.303 
75.1 0.204 0.31 
75.1 0.193 0.314 
75.1 0.195 0.323 
75.1 0.195 0.327 
75.1 0.196 0.332 
75.2 0.198 0.338 
75.2 0.198 0.346 
75.2 0.199 0.352 
75.2 0.2 0.356 
75.2 0.2 0.362 
75.2 0.201 0.369 
75.3 0.201 0.378 
75.3 0.202 0.386 
75.3 0.202 0.388 
75.3 0.223 0.405 
75.3 0.204 0.399 
75.3 0.205 0.411 
75.3 0.204 0.412 
75.3 0.204 0.423 
75.3 0.205 0.42 
75.3 0.202 0.428 
75.4 0.201 0.434 
75.4 0.199 0.449 
75.4 0.215 0.461 
75.4 0.195 0.459 
75.4 0.193 0.463 
75.4 0.192 0.462 
75.5 0.187 0.469 
75.5 0.186 0.473 
75.5 0.184 0.474 
75.5 0.17 0.476 
75.5 0.182 0.476 
75.5 0.18 0.476 
75.5 0.178 0.474 
75.5 0.175 0.474 
75.5 0.174 0.474 
75.5 0.17 0.472 
75.5 0.17 0.47 
75.5 0.167 0.466 
75.5 0.166 0.466 
75.6 0.163 0.462 
75.5 0.164 0.462 
75.6 0.161 0.459 
75.6 0.162 0.459 
75.6 0.16 0.455 
75.6 0.16 0.456 
75.6 0.16 0.452 
75.5 0.163 0.452 
75.6 0.163 0.448 
75.6 0.162 0.447 
75.6 0.16 0.444 
75.6 0.16 0.444 
75.6 0.16 0.441 
75.6 0.159 0.439 
75.6 0.159 0.44 
75.6 0.158 0.44 
75.6 0.155 0.44 
75.6 0.152 0.442 
75.6 0.151 0.442 
75.6 0.149 0.441 
75.6 0.148 0.443 
75.6 0.148 0.443 
75.6 0.148 0.442 
75.6 0.149 0.441 
75.6 0.151 0.437 
75.6 0.151 0.437 
75.6 0.153 0.435 
75.6 0.153 0.435 
75.6 0.154 0.434 
75.6 0.154 0.434 
75.6 0.153 0.434 
75.6 0.15 0.435 
75.6 0.148 0.437 
75.6 0.146 0.437 
75.6 0.143 0.438 
75.6 0.14 0.439 
75.6 0.137 0.441 
75.7 0.134 0.443 
75.6 0.135 0.442 
75.7 0.135 0.443 
75.6 0.136 0.443 
75.6 0.138 0.442 
75.6 0.141 0.44 
75.6 0.144 0.439 
75.6 0.146 0.437 
75.6 0.145 0.437 
75.6 0.146 0.435 
75.6 0.144 0.435 
75.6 0.144 0.432 
75.6 0.144 0.432 
75.6 0.141 0.428 
75.6 0.139 0.429 
75.6 0.136 0.428 
75.6 0.137 0.428 
75.7 0.134 0.425 
75.7 0.133 0.424 
75.7 0.132 0.423 
75.7 0.132 0.422 
75.7 0.132 0.42 
75.7 0.134 0.418 
75.7 0.134 0.414 
75.7 0.134 0.411 
75.7 0.134 0.412 
75.7 0.133 0.412 
75.7 0.133 0.413 
75.7 0.132 0.414 
75.7 0.132 0.415 
75.7 0.131 0.418 
75.7 0.131 0.419 
75.7 0.129 0.421 
75.7 0.128 0.424 
75.7 0.126 0.427 
75.7 0.124 0.429 
75.7 0.122 0.431 
75.7 0.12 0.433 
75.7 0.12 0.433 
75.7 0.117 0.434 
75.7 0.117 0.434 
75.7 0.116 0.435 
75.7 0.114 0.436 
75.7 0.114 0.436 
75.7 0.114 0.436 
75.7 0.112 0.436 
75.7 0.111 0.436 
75.7 0.11 0.436 
75.7 0.109 0.435 
75.7 0.108 0.435 
75.7 0.105 0.435 
75.7 0.105 0.435 
75.7 0.105 0.436 
75.7 0.104 0.436 
75.7 0.102 0.435 
75.7 0.102 0.435 
75.7 0.101 0.435 
75.7 0.1 0.435 
75.7 0.0986 0.437 
75.8 0.0964 0.436 
75.8 0.0959 0.436 
75.8 0.0947 0.436 
75.8 0.0933 0.436 
75.8 0.0909 0.436 
75.8 0.0904 0.436 
75.8 0.0898 0.435 
75.8 0.0882 0.435 
75.8 0.0876 0.435 
75.8 0.0864 0.436 
75.8 0.0867 0.436 
75.8 0.0856 0.436 
75.8 0.0858 0.437 
75.8 0.0859 0.438 
75.8 0.0857 0.438 
75.8 0.0856 0.439 
75.8 0.0854 0.439 
75.8 0.0852 0.439 
75.8 0.0843 0.438 
75.8 0.0833 0.438 
75.8 0.0828 0.438 
75.8 0.0821 0.438 
75.8 0.0808 0.437 
75.8 0.0799 0.437 
75.8 0.0799 0.436 
75.8 0.0797 0.436 
75.8 0.0791 0.434 
75.8 0.0774 0.434 
75.8 0.0761 0.434 
75.8 0.0737 0.434 
75.8 0.0718 0.433 
75.8 0.0701 0.431 
75.8 0.0687 0.431 
75.8 0.0676 0.43 
75.8 0.0669 0.43 
75.8 0.0649 0.43 
75.8 0.0631 0.429 
75.8 0.0619 0.428 
75.8 0.0601 0.427 
75.8 0.0581 0.427 
75.8 0.0542 0.422 
75.8 0.0537 0.42 
75.7 0.0563 0.386 
75.8 0.0512 0.424 
75.8 0.055 0.422 
75.8 0.0548 0.421 
75.8 0.0544 0.42 
75.8 0.0532 0.419 
75.8 0.0517 0.418 
75.7 0.0491 0.418 
75.7 0.0464 0.417 
75.7 0.0442 0.417 
75.7 0.0426 0.417 
75.7 0.0422 0.416 
75.7 0.0418 0.416 
75.7 0.0413 0.415 
75.7 0.0412 0.415 
75.6 0.0273 0.396 
75.7 0.0402 0.416 
75.7 0.0409 0.416 
75.7 0.0413 0.415 
75.7 0.0404 0.415 
75.7 0.0403 0.415 
75.7 0.0401 0.413 
75.7 0.0401 0.413 
75.7 0.0408 0.413 
75.7 0.0407 0.414 
75.7 0.0419 0.412 
75.7 0.0407 0.412 
75.7 0.0398 0.412 
75.7 0.0392 0.412 
75.7 0.0383 0.412 
75.7 0.0373 0.411 
75.7 0.0375 0.411 
75.7 0.0375 0.41 
75.7 0.0372 0.407 
75.7 0.0366 0.408 
75.7 0.0351 0.407 
75.7 0.0344 0.407 
75.7 0.0321 0.407 
75.7 0.0314 0.407 
75.7 0.0293 0.406 
75.7 0.0269 0.405 
75.7 0.0249 0.403 
75.7 0.0235 0.402 
75.7 0.0218 0.4 
75.7 0.02 0.396 
75.7 0.0178 0.394 
75.7 0.0172 0.393 
75.7 0.0173 0.388 
75.6 0.0175 0.384 
75.6 0.016 0.382 
75.6 0.0159 0.379 
75.6 0.0151 0.377 
75.6 0.0147 0.374 
75.6 0.0133 0.376 
75.6 0.0111 0.374 
75.6 0.0101 0.375 
75.5 0.00827 0.373 
75.5 0.00748 0.373 
75.5 0.00642 0.372 
75.5 0.00504 0.373 
75.5 0.00451 0.372 
75.5 0.00435 0.373 
75.5 0.00424 0.371 
75.5 0.00388 0.37 
75.5 0.00258 0.368 
75.5 0.00217 0.369 
75.5 -0.0106 0.363 
75.5 0.000204 0.366 
75.5 -0.000828 0.363 
75.5 -0.00103 0.364 
75.5 -0.000723 0.361 
75.5 9.13e-05 0.358 
75.5 0.000346 0.356 
75.5 -0.000207 0.356 
75.5 -0.000339 0.356 
75.5 -0.00151 0.357 
75.5 -0.00167 0.356 
75.5 -0.00179 0.356 
75.5 -0.00231 0.354 
75.5 -0.00266 0.354 
75.5 -0.00247 0.352 
75.5 -0.0021 0.353 
75.5 -0.00247 0.351 
75.5 -0.00343 0.352 
75.5 -0.00513 0.352 
75.5 -0.00661 0.352 
75.5 -0.00845 0.351 
75.5 -0.009 0.35 
75.5 -0.00915 0.35 
75.5 -0.00995 0.348 
75.5 -0.0105 0.349 
75.5 -0.0114 0.349 
75.5 -0.0117 0.349 
75.5 -0.0121 0.348 
75.5 -0.0128 0.349 
75.5 -0.0147 0.348 
75.5 -0.0157 0.349 
75.5 -0.0173 0.349 
75.5 -0.0172 0.349 
75.5 -0.019 0.348 
75.5 -0.0196 0.349 
75.5 -0.0211 0.348 
75.5 -0.0213 0.348 
75.5 -0.0234 0.347 
75.5 -0.024 0.347 
75.5 -0.0242 0.347 
75.5 -0.0262 0.345 
75.5 -0.0258 0.345 
75.5 -0.0256 0.344 
75.6 -0.0268 0.342 
75.6 -0.0275 0.343 
75.6 -0.0279 0.343 
75.6 -0.0288 0.341 
75.6 -0.0287 0.342 
75.6 -0.0288 0.342 
75.6 -0.0294 0.341 
75.6 -0.0295 0.341 
75.6 -0.0305 0.34 
75.6 -0.031 0.34 
75.6 -0.032 0.339 
75.6 -0.0319 0.339 
75.6 -0.0323 0.337 
75.6 -0.0327 0.337 
75.6 -0.0329 0.335 
75.6 -0.0329 0.332 
75.6 -0.0332 0.332 
75.6 -0.0335 0.33 
75.6 -0.0363 0.328 
75.6 -0.0371 0.327 
75.6 -0.0367 0.327 
75.6 -0.0382 0.325 
75.6 -0.0387 0.325 
75.6 -0.0394 0.325 
75.6 -0.0389 0.324 
75.6 -0.0406 0.324 
75.6 -0.0407 0.323 
75.6 -0.0409 0.323 
75.6 -0.0453 0.323 
75.6 -0.0444 0.322 
75.6 -0.0419 0.323 
75.6 -0.043 0.322 
75.6 -0.0429 0.322 
75.6 -0.0432 0.322 
75.6 -0.0436 0.322 
75.6 -0.0478 0.322 
75.6 -0.0476 0.322 
75.6 -0.0477 0.322 
75.6 -0.0495 0.323 
75.6 -0.0492 0.323 
75.6 -0.0537 0.322 
75.6 -0.0566 0.322 
75.6 -0.0603 0.321 
75.6 -0.0577 0.322 
75.6 -0.0582 0.321 
75.6 -0.0589 0.321 
75.6 -0.0641 0.32 
75.6 -0.0686 0.32 
75.6 -0.072 0.32 
75.7 -0.0747 0.319 
75.7 -0.075 0.319 
75.7 -0.0752 0.32 
75.7 -0.0752 0.32 
75.7 -0.075 0.319 
75.7 -0.0753 0.319 
75.7 -0.0756 0.319 
75.7 -0.0752 0.319 
75.7 -0.0749 0.319 
75.7 -0.075 0.319 
75.7 -0.0751 0.318 
75.7 -0.075 0.318 
75.7 -0.0749 0.318 
75.7 -0.0748 0.318 
75.7 -0.0747 0.317 
75.7 -0.0746 0.317 
75.7 -0.0746 0.317 
75.7 -0.0744 0.317 
75.7 -0.0743 0.317 
75.7 -0.0741 0.317 
75.7 -0.0743 0.317 
75.7 -0.0742 0.317 
75.7 -0.0742 0.317 
75.7 -0.0744 0.317 
75.7 -0.0744 0.317 
75.7 -0.0745 0.317 
75.7 -0.0751 0.317 
75.7 -0.0752 0.317 
75.8 -0.0757 0.317 
75.8 -0.0756 0.317 
75.8 -0.0761 0.317 
75.8 -0.076 0.317 
75.8 -0.0764 0.317 
75.8 -0.0763 0.317 
75.8 -0.0766 0.318 
75.8 -0.0768 0.318 
75.8 -0.077 0.318 
75.8 -0.0771 0.318 
75.8 -0.0771 0.318 
75.8 -0.0769 0.318 
75.8 -0.0768 0.318 
75.8 -0.077 0.318 
75.8 -0.0771 0.318 
75.8 -0.0772 0.319 
75.8 -0.0771 0.319 
75.8 -0.0772 0.318 
75.8 -0.077 0.318 
75.8 -0.0772 0.318 
75.8 -0.0774 0.318 
75.8 -0.0774 0.318 
75.9 -0.0775 0.318 
75.9 -0.0774 0.318 
75.9 -0.0774 0.318 
75.9 -0.0774 0.318 
75.9 -0.0775 0.318 
75.9 -0.0775 0.318 
75.9 -0.0778 0.318 
75.9 -0.0777 0.318 
75.9 -0.078 0.318 
75.9 -0.0778 0.318 
75.9 -0.0782 0.32 
75.9 -0.0777 0.318 
75.9 -0.0778 0.318 
75.9 -0.0777 0.318 
75.9 -0.0775 0.318 
75.9 -0.0775 0.318 
75.9 -0.0778 0.321 
75.9 -0.0776 0.321 
75.9 -0.0774 0.322 
75.9 -0.0774 0.321 
75.9 -0.0766 0.321 
75.7 -0.0464 0.307 
75.9 -0.0809 0.316 
75.9 -0.0741 0.293 
75.9 -0.0757 0.317 
75.9 -0.0756 0.318 
75.9 -0.0743 0.318 
75.9 -0.0744 0.318 
75.9 -0.0739 0.318 
75.9 -0.074 0.318 
75.9 -0.0734 0.317 
75.9 -0.0733 0.317 
75.9 -0.0732 0.317 
75.9 -0.0721 0.317 
75.9 -0.072 0.316 
75.9 -0.0719 0.317 
75.9 -0.0718 0.317 
75.9 -0.0707 0.316 
75.9 -0.0706 0.316 
75.9 -0.0706 0.317 
75.9 -0.0705 0.317 
75.9 -0.0697 0.316 
75.9 -0.0698 0.316 
75.9 -0.0698 0.316 
75.9 -0.0693 0.316 
75.9 -0.0694 0.317 
75.9 -0.0692 0.317 
75.9 -0.0694 0.317 
75.9 -0.0686 0.314 
75.9 -0.0693 0.316 
75.9 -0.0694 0.316 
75.9 -0.0697 0.317 
75.9 -0.0698 0.317 
75.9 -0.0699 0.317 
76 -0.0702 0.317 
76 -0.0701 0.317 
76 -0.0704 0.317 
76 -0.0704 0.317 
76 -0.0711 0.319 
76 -0.0708 0.317 
76 -0.0712 0.318 
76 -0.0715 0.318 
76 -0.0723 0.317 
76 -0.0735 0.318 
76 -0.0718 0.319 
76 -0.072 0.319 
76 -0.0721 0.319 
76 -0.0726 0.32 
76 -0.0731 0.321 
76 -0.0729 0.321 
76.1 -0.0733 0.321 
76.1 -0.0732 0.321 
76.1 -0.0737 0.322 
76.1 -0.0734 0.322 
76.1 -0.0734 0.322 
76.1 -0.0733 0.322 
76.1 -0.0741 0.325 
76.1 -0.0731 0.322 
76.1 -0.072 0.318 
76.1 -0.0721 0.318 
76.1 -0.0727 0.321 
76.1 -0.0727 0.321 
76.1 -0.0728 0.321 
76.1 -0.0731 0.321 
76.1 -0.0731 0.321 
76.1 -0.0743 0.323 
76.2 -0.0729 0.32 
76.2 -0.073 0.32 
76.2 -0.0732 0.32 
76.2 -0.0729 0.32 
76.2 -0.0727 0.32 
76.2 -0.0723 0.321 
76.2 -0.0724 0.321 
76.2 -0.0726 0.321 
76.2 -0.0725 0.321 
76.2 -0.0725 0.321 
76.2 -0.0725 0.321 
76.2 -0.0722 0.321 
76.2 -0.0724 0.321 
76.2 -0.0724 0.322 
76.2 -0.0722 0.321 
76.2 -0.0723 0.321 
76.2 -0.0719 0.322 
76.2 -0.072 0.322 
76.2 -0.0719 0.322 
76.2 -0.072 0.324 
76.2 -0.0719 0.323 
76.2 -0.0721 0.323 
76.2 -0.0719 0.323 
76.2 -0.0721 0.323 
76.2 -0.072 0.323 
76.2 -0.0721 0.323 
76.3 -0.0716 0.323 
76.3 -0.0717 0.323 
76.3 -0.0707 0.321 
76.3 -0.0708 0.321 
76.3 -0.071 0.322 
76.3 -0.071 0.322 
76.3 -0.0702 0.32 
76.3 -0.0702 0.321 
76.3 -0.0695 0.32 
76.3 -0.0696 0.32 
76.3 -0.0693 0.319 
76.3 -0.0696 0.319 
76.3 -0.0698 0.32 
76.3 -0.0701 0.32 
76.3 -0.0702 0.319 
76.3 -0.0703 0.319 
76.3 -0.0703 0.319 
76.3 -0.0703 0.32 
76.3 -0.0699 0.32 
76.3 -0.0698 0.32 
76.3 -0.0698 0.32 
76.3 -0.0698 0.321 
76.4 -0.0697 0.321 
76.4 -0.0696 0.321 
76.4 -0.069 0.321 
76.4 -0.0688 0.321 
76.4 -0.0689 0.321 
76.4 -0.0689 0.321 
76.4 -0.0689 0.321 
76.4 -0.0687 0.321 
76.4 -0.0683 0.318 
76.4 -0.0686 0.32 
76.4 -0.0687 0.32 
76.4 -0.0679 0.32 
76.4 -0.0679 0.32 
76.4 -0.068 0.32 
76.4 -0.068 0.32 
76.4 -0.0678 0.321 
76.4 -0.0678 0.321 
76.4 -0.0676 0.32 
76.4 -0.0677 0.322 
76.4 -0.0677 0.322 
76.4 -0.0676 0.323 
76.4 -0.0676 0.323 
76.4 -0.0673 0.323 
76.4 -0.0677 0.325 
76.4 -0.0675 0.325 
76.4 -0.0673 0.324 
76.4 -0.067 0.323 
76.4 -0.0671 0.323 
76.4 -0.066 0.322 
76.4 -0.0659 0.322 
76.4 -0.0655 0.321 
76.4 -0.0653 0.321 
76.4 -0.0652 0.321 
76.4 -0.0639 0.321 
76.4 -0.0643 0.321 
76.4 -0.0647 0.324 
76.4 -0.0632 0.323 
76.4 -0.064 0.323 
76.4 -0.0637 0.323 
76.4 -0.063 0.323 
76.4 -0.0633 0.323 
76.4 -0.0618 0.323 
76.4 -0.062 0.323 
76.4 -0.0612 0.322 
76.4 -0.0609 0.322 
76.4 -0.0608 0.322 
76.4 -0.0606 0.322 
76.4 -0.0597 0.323 
76.4 -0.0597 0.323 
76.4 -0.0585 0.323 
76.4 -0.0589 0.323 
76.4 -0.0581 0.323 
76.4 -0.0585 0.323 
76.4 -0.0576 0.324 
76.4 -0.058 0.324 
76.4 -0.0616 0.324 
76.4 -0.06 0.325 
76.4 -0.0578 0.324 
76.4 -0.0578 0.324 
76.4 -0.0579 0.324 
76.4 -0.0581 0.325 
76.4 -0.0573 0.325 
76.4 -0.0567 0.324 
76.5 -0.0565 0.324 
76.5 -0.0564 0.324 
76.5 -0.0555 0.325 
76.5 -0.0549 0.325 
76.5 -0.0543 0.326 
76.5 -0.0536 0.328 
76.5 -0.0531 0.33 
76.5 -0.0529 0.331 
76.5 -0.0518 0.33 
76.5 -0.0518 0.332 
76.6 -0.0509 0.334 
76.6 -0.0507 0.336 
76.6 -0.0495 0.336 
76.6 -0.051 0.337 
76.6 -0.0527 0.34 
76.6 -0.0516 0.343 
76.6 -0.0511 0.345 
76.6 -0.0509 0.347 
76.6 -0.0505 0.348 
76.6 -0.0514 0.351 
76.7 -0.0527 0.354 
76.7 -0.0532 0.356 
76.7 -0.0532 0.356 
76.7 -0.0539 0.356 
76.7 -0.0551 0.357 
76.7 -0.0557 0.359 
76.7 -0.0566 0.36 
76.7 -0.0556 0.362 
76.7 -0.0559 0.364 
76.7 -0.0561 0.365 
76.7 -0.0593 0.365 
76.7 -0.0583 0.366 
76.7 -0.0587 0.366 
76.7 -0.0568 0.367 
76.7 -0.0583 0.367 
76.7 -0.0581 0.368 
76.7 -0.039 0.532 
76.7 -0.0527 0.367 
76.7 -0.0587 0.369 
76.7 -0.0585 0.37 
76.7 -0.0576 0.37 
76.7 -0.0577 0.37 
76.7 -0.0567 0.368 
76.7 -0.0581 0.369 
76.7 -0.0571 0.369 
76.7 -0.0539 0.368 
76.7 -0.0547 0.37 
76.7 -0.0535 0.37 
76.7 -0.0527 0.371 
76.7 -0.0516 0.371 
76.7 -0.05 0.372 
76.7 -0.0493 0.372 
76.7 -0.0486 0.373 
76.7 -0.0491 0.372 
76.7 -0.0503 0.375 
76.7 -0.0505 0.375 
76.7 -0.0482 0.376 
76.7 -0.0459 0.376 
76.7 -0.0499 0.378 
76.7 -0.0509 0.378 
76.7 -0.0506 0.378 
76.7 -0.0483 0.379 
76.7 -0.048 0.379 
76.7 -0.0476 0.379 
76.7 -0.0473 0.38 
76.7 -0.0474 0.379 
76.7 -0.0473 0.381 
76.7 -0.0468 0.381 
76.7 -0.0467 0.381 
76.7 -0.0467 0.381 
76.7 -0.0455 0.381 
76.7 -0.0449 0.381 
76.7 -0.0432 0.381 
76.7 -0.0432 0.38 
76.7 -0.0419 0.382 
76.7 -0.0416 0.381 
76.7 -0.0414 0.382 
76.7 -0.0411 0.381 
76.7 -0.0407 0.381 
76.7 -0.0404 0.38 
76.7 -0.0407 0.381 
76.7 -0.0343 0.377 
76.7 -0.0409 0.381 
76.7 -0.0402 0.379 
76.7 -0.0388 0.378 
76.7 -0.04 0.379 
76.7 -0.0402 0.379 
76.7 -0.0321 0.375 
76.7 -0.0407 0.378 
76.7 -0.0409 0.378 
76.7 -0.0413 0.379 
76.7 -0.0416 0.382 
76.7 -0.0408 0.381 
76.7 -0.0409 0.381 
76.7 -0.041 0.381 
76.7 -0.0408 0.381 
76.7 -0.0411 0.381 
76.7 -0.0412 0.381 
76.7 -0.0415 0.382 
76.7 -0.0416 0.381 
76.7 -0.0415 0.382 
76.7 -0.0415 0.383 
76.7 -0.0417 0.384 
76.7 -0.0413 0.383 
76.7 -0.0417 0.384 
76.8 -0.0414 0.384 
76.8 -0.0415 0.387 
76.8 -0.0436 0.384 
76.8 -0.0381 0.391 
76.8 -0.0403 0.387 
76.8 -0.0389 0.389 
76.8 -0.0382 0.39 
76.8 -0.0399 0.39 
76.8 -0.0372 0.388 
76.8 -0.0382 0.39 
76.8 -0.0381 0.389 
76.8 -0.0385 0.389 
76.8 -0.0385 0.389 
76.8 -0.0384 0.389 
76.8 -0.0377 0.389 
76.8 -0.0378 0.39 
76.8 -0.0387 0.391 
76.9 -0.0384 0.392 
76.9 -0.0381 0.393 
76.9 -0.0381 0.394 
76.9 -0.0377 0.394 
76.9 -0.0374 0.395 
76.9 -0.0369 0.395 
76.9 -0.0378 0.395 
76.9 -0.0389 0.396 
76.9 -0.0392 0.396 
76.9 -0.04 0.398 
77 -0.0399 0.398 
77 -0.0401 0.398 
77 -0.0407 0.399 
77 -0.0408 0.4 
77 -0.0412 0.401 
77 -0.0415 0.401 
77 -0.0419 0.401 
77 -0.0416 0.401 
77 -0.0422 0.402 
77 -0.0432 0.403 
77 -0.0445 0.404 
77 -0.0457 0.405 
77.1 -0.0471 0.406 
77.1 -0.0483 0.407 
77.1 -0.0498 0.408 
77.1 -0.0505 0.409 
77.1 -0.0514 0.41 
77.1 -0.0519 0.411 
77.1 -0.0524 0.411 
77.1 -0.0529 0.411 
77.1 -0.0538 0.411 
77.1 -0.0545 0.411 
77.1 -0.0549 0.409 
77.1 -0.0553 0.409 
77.1 -0.0556 0.408 
77.1 0.0478 0.4 
77.1 -0.0575 0.403 
77.1 -0.0574 0.407 
77.1 -0.00164 0.399 
77.1 -0.0645 0.399 
77.1 -0.0596 0.406 
77.1 -0.0607 0.405 
77.1 -0.0643 0.405 
77.1 -0.0606 0.406 
77.1 -0.0607 0.405 
77.1 -0.0604 0.405 
77.1 -0.0605 0.405 
77.1 -0.0607 0.404 
77.1 -0.0614 0.404 
77.1 -0.0617 0.404 
77.1 -0.0624 0.404 
77.1 -0.0619 0.404 
77.1 -0.0641 0.403 
77.1 -0.0626 0.403 
77.1 -0.0635 0.403 
77.1 -0.0643 0.403 
77.1 -0.065 0.402 
77.1 -0.0685 0.402 
77.1 -0.067 0.402 
77.1 -0.0684 0.402 
77.1 -0.0683 0.402 
77.1 -0.0691 0.401 
77.1 -0.0691 0.401 
77.1 -0.07 0.401 
77.1 -0.0699 0.4 
77.1 -0.0709 0.399 
77.1 -0.0709 0.399 
77.1 -0.0721 0.399 
77.1 -0.0723 0.399 
77.1 -0.0727 0.4 
77.1 -0.0742 0.4 
77.1 -0.0742 0.4 
77.1 -0.0745 0.401 
77.1 -0.0759 0.401 
77.1 -0.0758 0.401 
77.1 -0.0764 0.402 
77.1 -0.077 0.402 
77.1 -0.0791 0.403 
77.1 -0.0793 0.403 
77.1 -0.0797 0.403 
77.1 -0.0815 0.404 
77.1 -0.0815 0.404 
77.1 -0.082 0.405 
77.1 -0.0824 0.405 
77.1 -0.0845 0.407 
77.1 -0.0845 0.407 
77.1 -0.0849 0.407 
77.1 -0.0853 0.408 
77 -0.0859 0.408 
77 -0.0859 0.408 
77 -0.086 0.408 
77 -0.0863 0.408 
77 -0.0863 0.408 
77 -0.0863 0.408 
77 -0.0863 0.409 
77 -0.0864 0.409 
77 -0.0865 0.409 
77 -0.0866 0.409 
77 -0.0866 0.409 
77 -0.0864 0.409 
77 -0.0859 0.407 
77 -0.0859 0.408 
77 -0.0854 0.407 
77 -0.0854 0.407 
77 -0.0853 0.406 
77 -0.0857 0.406 
77 -0.0854 0.406 
77 -0.0854 0.406 
77 -0.0855 0.405 
77 -0.0857 0.405 
77 -0.0863 0.406 
77 -0.0869 0.406 
77 -0.0865 0.406 
77 -0.0873 0.407 
77 -0.0877 0.407 
77 -0.0877 0.407 
77 -0.0884 0.408 
77 -0.0892 0.409 
77 -0.0896 0.41 
77 -0.0885 0.411 
77 -0.0897 0.411 
77 -0.09 0.412 
77 -0.0907 0.412 
77 -0.0916 0.413 
77 -0.0923 0.413 
77 -0.0929 0.414 
77 -0.0936 0.414 
77 -0.094 0.414 
77 -0.0942 0.414 
77 -0.0974 0.415 
77 -0.0985 0.415 
77 -0.0993 0.415 
77 -0.1 0.415 
77 -0.0979 0.415 
77 -0.0986 0.415 
77 -0.0997 0.415 
77 -0.0979 0.414 
77 -0.0984 0.414 
77 -0.0991 0.414 
77 -0.0992 0.414 
77 -0.1 0.413 
77 -0.097 0.414 
77 -0.0975 0.413 
77 -0.0952 0.413 
77 -0.0948 0.413 
77 -0.0937 0.417 
77 -0.0942 0.413 
77 -0.094 0.412 
77 -0.0939 0.412 
77 -0.0934 0.412 
77 -0.0953 0.412 
77 -0.0929 0.412 
77 -0.0925 0.412 
77 -0.0921 0.412 
77 -0.0919 0.412 
77 -0.0914 0.412 
77 -0.091 0.412 
77.1 -0.0906 0.412 
77.1 -0.0906 0.412 
77 -0.0906 0.412 
77 -0.0905 0.412 
77 -0.0905 0.412 
77 -0.0906 0.412 
77 -0.0905 0.412 
77 -0.0906 0.412 
77 -0.0907 0.412 
77 -0.0905 0.411 
77 -0.0905 0.411 
77 -0.0904 0.411 
77 -0.0904 0.41 
77 -0.0901 0.41 
77.1 -0.0898 0.41 
77.1 -0.0897 0.41 
77.1 -0.0895 0.41 
77.1 -0.0894 0.41 
77.1 -0.0894 0.41 
77.1 -0.0893 0.41 
77.1 -0.0893 0.409 
77.1 -0.0893 0.409 
77.1 -0.0896 0.408 
77.1 -0.0897 0.408 
77.1 -0.0896 0.409 
77.1 -0.0896 0.409 
77.1 -0.0899 0.409 
77.1 -0.09 0.409 
77.1 -0.0901 0.409 
77.1 -0.0902 0.409 
77.1 -0.0905 0.409 
77.1 -0.0905 0.409 
77.1 -0.0907 0.409 
77.1 -0.0907 0.409 
77.1 -0.0905 0.408 
77.1 -0.0905 0.408 
77.1 -0.0902 0.408 
77.1 -0.0902 0.408 
77.1 -0.0901 0.408 
77.1 -0.0901 0.408 
77.1 -0.0901 0.408 
77.1 -0.0899 0.408 
77.1 -0.0899 0.408 
77.1 -0.0895 0.408 
77.1 -0.0895 0.408 
77.2 -0.0891 0.407 
77.2 -0.0892 0.407 
77.2 -0.0891 0.407 
77.2 -0.089 0.407 
77.2 -0.0888 0.407 
77.2 -0.0888 0.407 
77.2 -0.0887 0.407 
77.2 -0.0889 0.407 
77.2 -0.0888 0.407 
77.2 -0.0888 0.407 
77.2 -0.0887 0.407 
77.2 -0.0887 0.407 
77.2 -0.0887 0.407 
77.2 -0.0888 0.406 
77.2 -0.0887 0.407 
77.2 -0.0887 0.407 
77.2 -0.0884 0.406 
77.2 -0.0883 0.406 
77.2 -0.0877 0.406 
77.2 -0.0878 0.406 
77.2 -0.0876 0.406 
77.2 -0.0877 0.406 
77.3 -0.0871 0.406 
77.3 -0.0925 0.391 
77.3 -0.087 0.405 
77.3 -0.0861 0.404 
77.3 -0.086 0.404 
77.3 -0.0885 0.403 
77.3 -0.0884 0.404 
77.3 -0.0861 0.404 
77.3 -0.086 0.404 
77.3 -0.0859 0.405 
77.3 -0.0857 0.404 
77.3 -0.0856 0.404 
77.3 -0.0856 0.404 
77.3 -0.0856 0.404 
77.3 -0.0857 0.404 
77.3 -0.0856 0.403 
77.3 -0.0856 0.403 
77.3 -0.0857 0.404 
77.3 -0.0858 0.403 
77.3 -0.0859 0.404 
77.3 -0.0859 0.403 
77.3 -0.0859 0.403 
77.3 -0.0862 0.403 
77.3 -0.0863 0.403 
77.3 -0.0864 0.403 
77.3 -0.0866 0.403 
77.3 -0.0865 0.403 
77.3 -0.0866 0.403 
77.3 -0.0866 0.403 
77.4 -0.0867 0.403 
77.4 -0.0869 0.403 
77.4 -0.0868 0.403 
77.4 -0.087 0.402 
77.4 -0.087 0.402 
77.4 -0.087 0.402 
77.4 -0.087 0.402 
77.4 -0.087 0.402 
77.4 -0.0872 0.402 
77.4 -0.087 0.402 
77.4 -0.0872 0.402 
77.4 -0.0871 0.402 
77.4 -0.087 0.402 
77.4 -0.0873 0.402 
77.4 -0.0873 0.403 
77.4 -0.0874 0.403 
77.4 -0.0875 0.403 
77.4 -0.0877 0.402 
77.4 -0.0878 0.402 
77.4 -0.0876 0.402 
77.4 -0.0875 0.402 
77.4 -0.0874 0.402 
77.4 -0.0873 0.402 
77.4 -0.0873 0.402 
77.4 -0.0873 0.402 
77.4 -0.0869 0.401 
77.4 -0.087 0.401 
77.4 -0.0869 0.401 
77.4 -0.0864 0.4 
77.4 -0.0863 0.4 
77.4 -0.0862 0.401 
77.4 -0.0855 0.401 
77.4 -0.0856 0.401 
77.4 -0.0856 0.4 
77.4 -0.0855 0.4 
77.4 -0.0848 0.4 
77.4 -0.0849 0.4 
77.4 -0.0848 0.4 
77.4 -0.084 0.4 
77.4 -0.0841 0.399 
77.4 -0.0842 0.399 
77.4 -0.0842 0.399 
77.4 -0.0842 0.399 
77.4 -0.0842 0.399 
77.4 -0.0842 0.399 
77.4 -0.0842 0.399 
77.4 -0.0841 0.399 
77.4 -0.0838 0.399 
77.4 -0.0839 0.399 
77.4 -0.0839 0.399 
77.4 -0.084 0.399 
77.4 -0.084 0.399 
77.4 -0.084 0.399 
77.4 -0.0838 0.399 
77.4 -0.0838 0.399 
77.4 -0.0838 0.399 
77.4 -0.0839 0.399 
77.4 -0.084 0.399 
77.4 -0.0838 0.398 
77.4 -0.0838 0.398 
77.4 -0.084 0.398 
77.4 -0.084 0.398 
77.4 -0.084 0.398 
77.4 -0.0841 0.398 
77.4 -0.0842 0.399 
77.4 -0.0842 0.399 
77.4 -0.0843 0.398 
77.4 -0.0843 0.399 
77.4 -0.0844 0.399 
77.4 -0.0843 0.399 
77.4 -0.0838 0.399 
77.4 -0.0839 0.399 
77.5 -0.084 0.398 
77.5 -0.084 0.398 
77.5 -0.0836 0.398 
77.5 -0.0836 0.398 
77.5 -0.0836 0.398 
77.5 -0.0829 0.398 
77.5 -0.083 0.398 
77.5 -0.083 0.398 
77.5 -0.0829 0.398 
77.5 -0.083 0.398 
77.5 -0.0829 0.398 
77.5 -0.0829 0.398 
77.5 -0.0829 0.398 
77.5 -0.0829 0.398 
77.5 -0.0825 0.398 
77.5 -0.0825 0.398 
77.5 -0.0824 0.398 
77.5 -0.0818 0.398 
77.5 -0.0818 0.398 
77.5 -0.0819 0.398 
77.5 -0.0819 0.398 
77.5 -0.0812 0.397 
77.4 -0.0806 0.397 
77.5 -0.0808 0.397 
77.4 -0.0802 0.396 
77.4 -0.0802 0.397 
77.5 -0.0803 0.397 
77.4 -0.0803 0.397 
77.5 -0.0801 0.396 
77.4 -0.08 0.397 
77.4 -0.0801 0.397 
77.4 -0.0801 0.397 
77.4 -0.0801 0.397 
77.4 -0.0799 0.397 
77.4 -0.0799 0.397 
77.4 -0.0799 0.397 
77.4 -0.0795 0.396 
77.4 -0.0795 0.397 
77.4 -0.0795 0.397 
77.4 -0.0795 0.397 
77.4 -0.079 0.397 
77.4 -0.079 0.397 
77.4 -0.0787 0.397 
77.4 -0.0787 0.397 
77.4 -0.0786 0.397 
77.4 -0.0785 0.397 
77.4 -0.0787 0.396 
77.4 -0.0778 0.397 
77.4 -0.0772 0.397 
77.4 -0.0774 0.397 
77.4 -0.0774 0.397 
77.4 -0.0775 0.397 
77.4 -0.0769 0.396 
77.4 -0.0764 0.396 
77.4 -0.0764 0.396 
77.4 -0.0756 0.396 
77.4 -0.0759 0.396 
77.4 -0.079 0.391 
77.5 -0.0759 0.396 
77.5 -0.0757 0.395 
77.5 -0.0755 0.395 
77.4 -0.078 0.391 
77.4 -0.078 0.391 
77.4 -0.0778 0.392 
77.5 -0.0777 0.393 
77.5 -0.0775 0.393 
77.5 -0.0775 0.392 
77.5 -0.0787 0.39 
77.5 -0.0774 0.393 
77.4 -0.0768 0.392 
77.5 -0.077 0.392 
77.4 -0.0769 0.391 
77.5 -0.0762 0.392 
77.5 -0.076 0.392 
77.4 -0.0748 0.391 
77.5 -0.0719 0.394 
77.5 -0.073 0.394 
77.5 -0.0722 0.393 
77.5 -0.0706 0.393 
77.5 -0.0702 0.393 
77.5 -0.0698 0.393 
77.5 -0.07 0.394 
77.5 -0.0697 0.394 
77.5 -0.0695 0.394 
77.5 -0.0718 0.392 
77.5 -0.0708 0.393 
77.5 -0.0686 0.394 
77.5 -0.0707 0.393 
77.5 -0.0704 0.393 
77.5 -0.07 0.393 
77.5 -0.0701 0.393 
77.5 -0.0683 0.394 
77.5 -0.0685 0.394 
77.5 -0.0685 0.394 
77.5 -0.0686 0.394 
77.5 -0.0687 0.394 
77.5 -0.0688 0.394 
77.5 -0.0688 0.394 
77.5 -0.0689 0.394 
77.5 -0.069 0.394 
77.5 -0.0691 0.394 
77.5 -0.0692 0.394 
77.5 -0.0692 0.394 
77.5 -0.0693 0.394 
77.5 -0.0694 0.394 
77.5 -0.0694 0.394 
77.5 -0.0695 0.394 
77.5 -0.0695 0.394 
77.5 -0.0696 0.394 
77.5 -0.0696 0.394 
77.5 -0.0696 0.394 
77.5 -0.0697 0.394 
77.5 -0.0697 0.394 
77.5 -0.0698 0.394 
77.5 -0.0698 0.394 
77.5 -0.0698 0.394 
77.5 -0.0698 0.394 
77.5 -0.0699 0.394 
77.5 -0.0699 0.394 
77.5 -0.0699 0.394 
77.5 -0.07 0.394 
77.5 -0.07 0.394 
77.5 -0.07 0.394 
77.5 -0.07 0.394 
77.5 -0.07 0.394 
77.5 -0.0701 0.394 
77.5 -0.0701 0.394 
77.5 -0.0701 0.394 
77.5 -0.0702 0.394 
77.5 -0.0702 0.394 
77.5 -0.0702 0.394 
77.5 -0.0702 0.394 
77.5 -0.0703 0.394 
77.5 -0.0703 0.394 
