-44.7 -0.744 -0.191 
-44.1 -0.408 -0.274 
-44.2 -0.578 1.23 
-44.7 -1.11 1.31 
-44.6 -1.16 1.21 
-43.7 -1.05 1.2 
-43.6 -0.116 0.464 
-43.8 0.0715 0.192 
-44.4 0.284 -0.322 
-45.4 0.27 -0.853 
-51 -0.644 -2.96 
-54.5 -1.08 -4.67 
-57.1 -1.55 -6.02 
-58.8 -1.76 -7.17 
-59.6 -1.92 -7.62 
-60.2 -1.97 -8.04 
-60.2 -1.85 -8.25 
-60.6 -1.93 -8.57 
-60 -1.7 -8.43 
-59.3 -1.47 -8.12 
-59 -1.36 -8.01 
-58.5 -1.24 -7.71 
-57.9 -1.09 -7.36 
-56.6 -0.904 -6.5 
-54.1 -0.491 -5.06 
-52.5 -0.371 -4.12 
-46.8 -0.162 -0.761 
-42.2 -0.096 1.49 
-40.7 -0.0997 2.15 
-40.6 -0.141 2.23 
-39.6 -0.218 2.78 
-39.3 -0.146 2.84 
-39.5 -0.137 2.74 
-39.7 -0.0392 2.58 
-39.8 0.184 2.31 
-40.5 0.294 1.84 
-41 0.306 1.58 
-41.5 0.294 1.32 
-40 0.647 1.79 
-40.4 0.714 1.54 
-40.3 0.79 1.53 
-39.6 0.746 1.89 
-38.8 0.918 2.1 
-38.2 0.924 2.36 
-38 1.02 2.37 
-37.7 1.04 2.51 
-37.8 0.976 2.48 
-38 0.875 2.48 
-38.1 0.89 2.42 
-38.8 0.77 2.2 
-39.3 0.637 2.05 
-39.6 0.514 2.02 
-39.8 0.475 1.97 
-40 0.414 1.89 
-40.2 0.392 1.85 
-40.4 0.348 1.77 
-40.4 0.321 1.77 
-40.4 0.335 1.78 
-40.3 0.38 1.79 
-40.3 0.391 1.78 
-40.2 0.422 1.79 
-40.2 0.444 1.78 
-40.2 0.443 1.79 
-40.2 0.42 1.82 
-40.1 0.434 1.83 
-40.2 0.432 1.82 
-40.7 0.196 1.74 
-40.8 0.162 1.75 
-40.8 0.176 1.73 
-40.8 0.183 1.73 
-40.8 0.214 1.71 
-40.5 0.212 1.82 
-40.4 0.21 1.85 
-40.5 0.195 1.86 
-40.4 0.203 1.86 
-40.3 0.127 1.96 
-40.3 0.178 1.95 
-40.2 0.213 1.95 
-39.9 0.288 2.03 
-39.7 0.332 2.08 
-39.5 0.355 2.16 
-39.2 0.3 2.37 
-38.7 0.343 2.55 
-38.4 0.341 2.7 
-38.6 0.115 2.81 
-37.9 0.119 3.12 
-37.4 0.0496 3.39 
-38.1 -0.3 3.37 
-37.7 -0.449 3.65 
-37.2 -0.64 4.01 
-37.6 -1.19 4.36 
-37.5 -1.52 4.71 
-37.6 -1.65 4.78 
-37.1 -1.49 4.87 
-37.1 -1.38 4.76 
-37.3 -1.33 4.61 
-38.4 -1.2 4.07 
-38.9 -1.16 3.86 
-39.1 -1.09 3.7 
-39.2 -0.822 3.46 
-39.4 -0.922 3.44 
-39.5 -0.89 3.39 
-39.4 -0.85 3.4 
-39.3 -0.809 3.41 
-39.3 -0.77 3.39 
-39.1 -0.749 3.44 
-39.3 -0.8 3.4 
-39.6 -0.858 3.34 
-39.8 -0.928 3.28 
-40 -0.963 3.23 
-40.1 -0.988 3.22 
-40.2 -0.985 3.2 
-40.7 -1.12 3.08 
-41.1 -1.22 2.99 
-41.3 -1.26 2.93 
-41.2 -1.25 2.96 
-41.2 -1.23 2.98 
-41.4 -1.32 2.96 
-41.4 -1.31 2.96 
-41.4 -1.34 2.98 
-41.5 -1.38 2.95 
-41.5 -1.41 2.97 
-41.6 -1.45 2.97 
-41.9 -1.59 2.94 
-42.1 -1.65 2.93 
-42.3 -1.7 2.92 
-42.7 -1.86 2.88 
-43 -1.95 2.85 
-43.2 -2.02 2.82 
-43.9 -2.23 2.71 
-44.2 -2.3 2.65 
-44.5 -2.35 2.58 
-44.7 -2.38 2.51 
-45 -2.43 2.43 
-45.2 -2.47 2.39 
-45.6 -2.57 2.28 
-45.7 -2.57 2.24 
-45.8 -2.58 2.21 
-45.9 -2.59 2.15 
-46.1 -2.59 2.06 
-46.4 -2.67 1.99 
-46.4 -2.67 1.99 
-46.4 -2.67 2 
-46.5 -2.72 2.02 
-46.4 -2.73 2.08 
-46.3 -2.75 2.14 
-46.3 -2.75 2.18 
-46.2 -2.75 2.2 
-46.2 -2.74 2.23 
-46.1 -2.78 2.29 
-45.9 -2.76 2.33 
-45.7 -2.74 2.4 
-45.7 -2.74 2.4 
-45.5 -2.72 2.43 
-45.6 -2.74 2.4 
-45.6 -2.74 2.38 
-45.7 -2.77 2.37 
-45.8 -2.78 2.36 
-45.8 -2.8 2.36 
-45.9 -2.8 2.29 
-46 -2.8 2.24 
-46.2 -2.82 2.18 
-46.3 -2.85 2.12 
-46.4 -2.88 2.11 
-46.6 -2.92 2.06 
-46.7 -2.94 1.99 
-47 -2.98 1.88 
-47 -2.97 1.88 
-47 -2.95 1.85 
-47.1 -2.89 1.79 
-47 -2.89 1.82 
-47 -2.89 1.82 
-47.2 -2.92 1.73 
-47.3 -2.93 1.72 
-47.3 -2.93 1.71 
-47.3 -2.94 1.71 
-47.5 -2.97 1.65 
-47.6 -2.99 1.65 
-47.6 -3.01 1.66 
-47.4 -2.96 1.7 
-47.3 -2.93 1.73 
-47.3 -2.95 1.76 
-47.3 -2.95 1.76 
-47.3 -2.95 1.76 
-47.3 -2.95 1.76 
-47.3 -2.95 1.76 
-47.3 -2.95 1.76 
-47.3 -2.95 1.76 
-47.3 -2.95 1.76 
-47.3 -2.95 1.76 
-47.3 -2.95 1.76 
-47.3 -2.95 1.76 
-47.3 -2.95 1.76 
-47.3 -2.95 1.76 
-47.3 -2.95 1.76 
-47.3 -2.95 1.76 
-47.3 -2.95 1.76 
-47.3 -2.95 1.76 
-47.3 -2.95 1.76 
-47.3 -2.95 1.76 
-47.3 -2.95 1.76 
-47.3 -2.95 1.76 
-47.3 -2.95 1.76 
-47.3 -2.95 1.76 
-47.3 -2.95 1.76 
-47.3 -2.95 1.76 
-47.3 -2.95 1.76 
-47.3 -2.95 1.76 
-47.3 -2.95 1.76 
-47.3 -2.95 1.76 
-47.3 -2.95 1.76 
-47.3 -2.95 1.76 
-47.3 -2.95 1.76 
-47.3 -2.95 1.76 
-47.3 -2.95 1.76 
-47.3 -2.95 1.76 
-47.3 -2.95 1.76 
-47.3 -2.95 1.76 
-47.3 -2.95 1.76 
-47.3 -2.95 1.76 
-47.3 -2.95 1.76 
-47.3 -2.95 1.76 
-47.3 -2.95 1.76 
-47.3 -2.95 1.76 
-47.3 -2.95 1.76 
-47.3 -2.95 1.76 
-47.3 -2.95 1.76 
-47.3 -2.95 1.76 
-47.3 -2.95 1.76 
-47.3 -2.95 1.76 
-47.3 -2.95 1.76 
-47.3 -2.95 1.76 
-47.3 -2.95 1.76 
-47.3 -2.95 1.76 
-47.3 -2.95 1.76 
-47.3 -2.95 1.76 
-47.3 -2.95 1.76 
-47.3 -2.95 1.76 
-47.3 -2.95 1.76 
-47.3 -2.95 1.76 
-47.3 -2.95 1.76 
-47.3 -2.95 1.76 
-47.3 -2.95 1.76 
-47.3 -2.95 1.76 
-47.3 -2.95 1.76 
-47.3 -2.95 1.76 
-47.3 -2.95 1.76 
-47.3 -2.95 1.76 
-47.3 -2.95 1.76 
-47.3 -2.95 1.76 
-47.3 -2.95 1.76 
-47.3 -2.95 1.76 
-47.3 -2.95 1.76 
-47.3 -2.95 1.76 
-47.3 -2.95 1.76 
-47.3 -2.95 1.76 
-47.3 -2.95 1.76 
-47.3 -2.95 1.76 
-47.3 -2.95 1.76 
-47.3 -2.95 1.76 
-47.3 -2.95 1.76 
-47.3 -2.95 1.76 
-47.3 -2.95 1.76 
-47.3 -2.95 1.76 
-47.3 -2.95 1.76 
-47.3 -2.95 1.76 
-47.3 -2.95 1.76 
-47.3 -2.95 1.76 
-47.3 -2.95 1.76 
-47.3 -2.95 1.76 
-47.3 -2.95 1.76 
-47.3 -2.95 1.76 
-47.3 -2.95 1.76 
-47.3 -2.95 1.76 
-47.3 -2.95 1.76 
-47.3 -2.95 1.76 
-47.3 -2.95 1.76 
-47.3 -2.95 1.76 
-47.3 -2.95 1.76 
-47.3 -2.95 1.76 
-47.3 -2.95 1.76 
-47.3 -2.95 1.76 
-47.3 -2.95 1.76 
-47.3 -2.95 1.76 
-47.3 -2.95 1.76 
-47.3 -2.95 1.76 
-47.3 -2.95 1.76 
-47.3 -2.95 1.76 
-47.3 -2.95 1.76 
-47.3 -2.95 1.76 
-47.3 -2.95 1.76 
-47.3 -2.95 1.76 
-47.3 -2.95 1.76 
-47.3 -2.95 1.76 
-47.3 -2.95 1.76 
-47.3 -2.95 1.76 
-47.3 -2.95 1.76 
-47.3 -2.95 1.76 
-47.3 -2.95 1.76 
-47.3 -2.95 1.76 
-47.3 -2.95 1.76 
-47.3 -2.95 1.76 
-47.3 -2.95 1.76 
-47.3 -2.95 1.76 
-47.3 -2.95 1.76 
-47.3 -2.95 1.76 
-47.3 -2.95 1.76 
-47.3 -2.95 1.76 
-47.3 -2.95 1.76 
-47.3 -2.95 1.76 
-47.3 -2.95 1.76 
-47.3 -2.95 1.76 
-47.3 -2.95 1.76 
-47.3 -2.95 1.76 
-47.3 -2.95 1.76 
-47.3 -2.95 1.76 
-47.3 -2.95 1.76 
-47.3 -2.95 1.76 
-47.3 -2.95 1.76 
-47.3 -2.95 1.76 
-47.3 -2.95 1.76 
-47.3 -2.95 1.76 
-47.3 -2.95 1.76 
-47.3 -2.95 1.76 
-47.3 -2.95 1.76 
-47.3 -2.95 1.76 
-47.3 -2.95 1.76 
-47.3 -2.95 1.76 
-47.3 -2.95 1.76 
-47.3 -2.95 1.76 
-47.3 -2.95 1.76 
-47.3 -2.95 1.76 
-47.3 -2.95 1.76 
-47.3 -2.95 1.76 
-47.3 -2.95 1.76 
-47.3 -2.95 1.76 
-47.3 -2.95 1.76 
-47.3 -2.95 1.76 
-47.3 -2.95 1.76 
-47.3 -2.95 1.76 
-47.3 -2.95 1.76 
-47.3 -2.95 1.76 
-47.3 -2.95 1.76 
-47.3 -2.95 1.76 
-47.3 -2.95 1.76 
-47.3 -2.95 1.76 
-47.3 -2.95 1.76 
-47.3 -2.95 1.76 
-47.3 -2.95 1.76 
-47.3 -2.95 1.76 
-47.3 -2.95 1.76 
-47.3 -2.95 1.76 
-47.3 -2.95 1.76 
-47.3 -2.95 1.76 
-47.3 -2.95 1.76 
-47.3 -2.95 1.76 
-47.3 -2.95 1.76 
-47.3 -2.95 1.76 
-47.3 -2.95 1.76 
-47.3 -2.95 1.76 
-47.3 -2.95 1.76 
-47.3 -2.95 1.76 
-47.3 -2.95 1.76 
-47.3 -2.95 1.76 
-47.3 -2.95 1.76 
-47.3 -2.95 1.76 
-47.3 -2.95 1.76 
-47.3 -2.95 1.76 
-47.3 -2.95 1.76 
-47.3 -2.95 1.76 
-47.3 -2.95 1.76 
-47.3 -2.95 1.76 
-47.3 -2.95 1.76 
-47.3 -2.95 1.76 
-47.3 -2.95 1.76 
-47.3 -2.95 1.76 
-47.3 -2.95 1.76 
-47.3 -2.95 1.76 
-47.3 -2.95 1.76 
-47.3 -2.95 1.76 
-47.3 -2.95 1.76 
-47.3 -2.95 1.76 
-47.3 -2.95 1.76 
-47.3 -2.95 1.76 
-47.3 -2.95 1.76 
-47.3 -2.95 1.76 
-47.3 -2.95 1.76 
-47.3 -2.95 1.76 
-47.3 -2.95 1.76 
-47.3 -2.95 1.76 
-47.3 -2.95 1.76 
-47.3 -2.95 1.76 
-47.3 -2.95 1.76 
-47.3 -2.95 1.76 
-47.3 -2.95 1.76 
-47.3 -2.95 1.76 
-47.3 -2.95 1.76 
-47.3 -2.95 1.76 
-47.3 -2.95 1.76 
-47.3 -2.95 1.76 
-47.3 -2.95 1.76 
-47.3 -2.95 1.76 
-47.3 -2.95 1.76 
-47.3 -2.95 1.76 
-47.3 -2.95 1.76 
-47.3 -2.95 1.76 
-47.3 -2.95 1.76 
-47.3 -2.95 1.76 
-47.3 -2.95 1.76 
-47.3 -2.95 1.76 
-47.3 -2.95 1.76 
-47.3 -2.95 1.76 
-47.3 -2.95 1.76 
-47.3 -2.95 1.76 
-47.3 -2.95 1.76 
-47.3 -2.95 1.76 
-47.3 -2.95 1.76 
-47.3 -2.95 1.76 
-47.3 -2.95 1.76 
-47.3 -2.95 1.76 
-47.3 -2.95 1.76 
-47.3 -2.95 1.76 
-47.3 -2.95 1.76 
-47.3 -2.95 1.76 
-47.3 -2.95 1.76 
-47.3 -2.95 1.76 
-47.3 -2.95 1.76 
-47.3 -2.95 1.76 
-47.3 -2.95 1.76 
-47.3 -2.95 1.76 
-47.3 -2.95 1.76 
-47.3 -2.95 1.76 
-47.3 -2.95 1.76 
-47.3 -2.95 1.76 
-47.3 -2.95 1.76 
-47.3 -2.95 1.76 
-47.3 -2.95 1.76 
-47.3 -2.95 1.76 
-47.3 -2.95 1.76 
-47.3 -2.95 1.76 
-47.3 -2.95 1.76 
-47.3 -2.95 1.76 
-47.3 -2.95 1.76 
-47.3 -2.95 1.76 
-47.3 -2.95 1.76 
-47.3 -2.95 1.76 
-47.3 -2.95 1.76 
-47.3 -2.95 1.76 
-47.3 -2.95 1.76 
-47.3 -2.95 1.76 
-47.3 -2.95 1.76 
-47.3 -2.95 1.76 
-47.3 -2.95 1.76 
-47.3 -2.95 1.76 
-47.3 -2.95 1.76 
-47.3 -2.95 1.76 
-47.3 -2.95 1.76 
-47.3 -2.95 1.76 
-47.3 -2.95 1.76 
-47.3 -2.95 1.76 
-47.3 -2.95 1.76 
-47.3 -2.95 1.76 
-47.3 -2.95 1.76 
-47.3 -2.95 1.76 
-47.3 -2.95 1.76 
-47.3 -2.95 1.76 
-47.3 -2.95 1.76 
-47.3 -2.95 1.76 
-47.3 -2.95 1.76 
-47.3 -2.95 1.76 
-47.3 -2.95 1.76 
-47.3 -2.95 1.76 
-47.3 -2.95 1.76 
-47.3 -2.95 1.76 
-47.3 -2.95 1.76 
-47.3 -2.95 1.76 
-47.3 -2.95 1.76 
-47.3 -2.95 1.76 
-47.3 -2.95 1.76 
-47.3 -2.95 1.76 
-47.3 -2.95 1.76 
-47.3 -2.95 1.76 
-47.3 -2.95 1.76 
-47.3 -2.95 1.76 
-47.3 -2.95 1.76 
-47.3 -2.95 1.76 
-47.3 -2.95 1.76 
-47.3 -2.95 1.76 
-47.3 -2.95 1.76 
-47.3 -2.95 1.76 
-47.3 -2.95 1.76 
-47.3 -2.95 1.76 
-47.3 -2.95 1.76 
-47.3 -2.95 1.76 
-47.3 -2.95 1.76 
-47.3 -2.95 1.76 
-47.3 -2.95 1.76 
-47.3 -2.95 1.76 
-47.3 -2.95 1.76 
-47.3 -2.95 1.76 
-47.3 -2.95 1.76 
-47.3 -2.95 1.76 
-47.3 -2.95 1.76 
-47.3 -2.95 1.76 
-47.3 -2.95 1.76 
-47.3 -2.95 1.76 
-47.3 -2.95 1.76 
-47.3 -2.95 1.76 
-47.3 -2.95 1.76 
-47.3 -2.95 1.76 
-47.3 -2.95 1.76 
-47.3 -2.95 1.76 
-47.3 -2.95 1.76 
-47.3 -2.95 1.76 
-47.3 -2.95 1.76 
-47.3 -2.95 1.76 
-47.3 -2.95 1.76 
-47.3 -2.95 1.76 
-47.3 -2.95 1.76 
-47.3 -2.95 1.76 
-47.3 -2.95 1.76 
-47.3 -2.95 1.76 
-47.3 -2.95 1.76 
-47.3 -2.95 1.76 
-47.3 -2.95 1.76 
-47.3 -2.95 1.76 
-47.3 -2.95 1.76 
-47.3 -2.95 1.76 
-47.3 -2.95 1.76 
-47.3 -2.95 1.76 
-47.3 -2.95 1.76 
-47.3 -2.95 1.76 
-47.3 -2.95 1.76 
-47.3 -2.95 1.76 
-47.3 -2.95 1.76 
-47.3 -2.95 1.76 
-47.3 -2.95 1.76 
-47.3 -2.95 1.76 
-47.3 -2.95 1.76 
-47.3 -2.95 1.76 
-47.3 -2.95 1.76 
-47.3 -2.95 1.76 
-47.3 -2.95 1.76 
-47.3 -2.95 1.76 
-47.3 -2.95 1.76 
-47.3 -2.95 1.76 
-47.3 -2.95 1.76 
-47.3 -2.95 1.76 
-47.3 -2.95 1.76 
-47.3 -2.95 1.76 
-47.3 -2.95 1.76 
-47.3 -2.95 1.76 
-47.3 -2.95 1.76 
-47.3 -2.95 1.76 
-47.3 -2.95 1.76 
-47.3 -2.95 1.76 
-47.3 -2.95 1.76 
-47.3 -2.95 1.76 
-47.3 -2.95 1.76 
-47.3 -2.95 1.76 
-47.3 -2.95 1.76 
-47.3 -2.95 1.76 
-47.3 -2.95 1.76 
-47.3 -2.95 1.76 
-47.3 -2.95 1.76 
-47.3 -2.95 1.76 
-47.3 -2.95 1.76 
-47.3 -2.95 1.76 
-47.3 -2.95 1.76 
-47.3 -2.95 1.76 
-47.3 -2.95 1.76 
-47.3 -2.95 1.76 
-47.3 -2.95 1.76 
-47.3 -2.95 1.76 
-47.3 -2.95 1.76 
-47.3 -2.95 1.76 
-47.3 -2.95 1.76 
-47.3 -2.95 1.76 
-47.3 -2.95 1.76 
-47.3 -2.95 1.76 
-47.3 -2.95 1.76 
-47.3 -2.95 1.76 
-47.3 -2.95 1.76 
-47.3 -2.95 1.76 
-47.3 -2.95 1.76 
-47.3 -2.95 1.76 
-47.3 -2.95 1.76 
-47.3 -2.95 1.76 
-47.3 -2.95 1.76 
-47.3 -2.95 1.76 
-47.3 -2.95 1.76 
-47.3 -2.95 1.76 
-47.3 -2.95 1.76 
-47.3 -2.95 1.76 
-47.3 -2.95 1.76 
-47.3 -2.95 1.76 
-47.3 -2.95 1.76 
-47.3 -2.95 1.76 
-47.3 -2.95 1.76 
-47.3 -2.95 1.76 
-47.3 -2.95 1.76 
-47.3 -2.95 1.76 
-47.3 -2.95 1.76 
-47.3 -2.95 1.76 
-47.3 -2.95 1.76 
-47.3 -2.95 1.76 
-47.3 -2.95 1.76 
-47.3 -2.95 1.76 
-47.3 -2.95 1.76 
-47.3 -2.95 1.76 
-47.3 -2.95 1.76 
-47.3 -2.95 1.76 
-47.3 -2.95 1.76 
-47.3 -2.95 1.76 
-47.3 -2.95 1.76 
-47.3 -2.95 1.76 
-47.3 -2.95 1.76 
-47.3 -2.95 1.76 
-47.3 -2.95 1.76 
-47.3 -2.95 1.76 
-47.3 -2.95 1.76 
-47.3 -2.95 1.76 
-47.3 -2.95 1.76 
-47.3 -2.95 1.76 
-47.3 -2.95 1.76 
-47.3 -2.95 1.76 
-47.3 -2.95 1.76 
-47.3 -2.95 1.76 
-47.3 -2.95 1.76 
-47.3 -2.95 1.76 
-47.3 -2.95 1.76 
-47.3 -2.95 1.76 
-47.3 -2.95 1.76 
-47.3 -2.95 1.76 
-47.3 -2.95 1.76 
-47.3 -2.95 1.76 
-47.3 -2.95 1.76 
-47.3 -2.95 1.76 
-47.3 -2.95 1.76 
-47.3 -2.95 1.76 
-47.3 -2.95 1.76 
-47.3 -2.95 1.76 
-47.3 -2.95 1.76 
-47.3 -2.95 1.76 
-47.3 -2.95 1.76 
-47.3 -2.95 1.76 
-47.3 -2.95 1.76 
-47.3 -2.95 1.76 
-47.3 -2.95 1.76 
-47.3 -2.95 1.76 
-47.3 -2.95 1.76 
-47.3 -2.95 1.76 
-47.3 -2.95 1.76 
-47.3 -2.95 1.76 
-47.3 -2.95 1.76 
-47.3 -2.95 1.76 
-47.3 -2.95 1.76 
-47.3 -2.95 1.76 
-47.3 -2.95 1.76 
-47.3 -2.95 1.76 
-47.3 -2.95 1.76 
-47.3 -2.95 1.76 
-47.3 -2.95 1.76 
-47.3 -2.95 1.76 
-47.3 -2.95 1.76 
-47.3 -2.95 1.76 
-47.3 -2.95 1.76 
-47.3 -2.95 1.76 
-47.3 -2.95 1.76 
-47.3 -2.95 1.76 
-47.3 -2.95 1.76 
-47.3 -2.95 1.76 
-47.3 -2.95 1.76 
-47.3 -2.95 1.76 
-47.3 -2.95 1.76 
-47.3 -2.95 1.76 
-47.3 -2.95 1.76 
-47.3 -2.95 1.76 
-47.3 -2.95 1.76 
-47.3 -2.95 1.76 
-47.3 -2.95 1.76 
-47.3 -2.95 1.76 
-47.3 -2.95 1.76 
-47.3 -2.95 1.76 
-47.3 -2.95 1.76 
-47.3 -2.95 1.76 
-47.3 -2.95 1.76 
-47.3 -2.95 1.76 
-47.3 -2.95 1.76 
-47.3 -2.95 1.76 
-47.3 -2.95 1.76 
-47.3 -2.95 1.76 
-47.3 -2.95 1.76 
-47.3 -2.95 1.76 
-47.3 -2.95 1.76 
-47.3 -2.95 1.76 
-47.3 -2.95 1.76 
-47.3 -2.95 1.76 
-47.3 -2.95 1.76 
-47.3 -2.95 1.76 
-47.3 -2.95 1.76 
-47.3 -2.95 1.76 
-47.3 -2.95 1.76 
-47.3 -2.95 1.76 
-47.3 -2.95 1.76 
-47.3 -2.95 1.76 
-47.3 -2.95 1.76 
-47.3 -2.95 1.76 
-47.3 -2.95 1.76 
-47.3 -2.95 1.76 
-47.3 -2.95 1.76 
-47.3 -2.95 1.76 
-47.3 -2.95 1.76 
-47.3 -2.95 1.76 
-47.3 -2.95 1.76 
-47.3 -2.95 1.76 
-47.3 -2.95 1.76 
-47.3 -2.95 1.76 
-47.3 -2.95 1.76 
-47.3 -2.95 1.76 
-47.3 -2.95 1.76 
-47.3 -2.95 1.76 
-47.3 -2.95 1.76 
-47.3 -2.95 1.76 
-47.3 -2.95 1.76 
-47.3 -2.95 1.76 
-47.3 -2.95 1.76 
-47.3 -2.95 1.76 
-47.3 -2.95 1.76 
-47.3 -2.95 1.76 
-47.3 -2.95 1.76 
-47.3 -2.95 1.76 
-47.3 -2.95 1.76 
-47.3 -2.95 1.76 
-47.3 -2.95 1.76 
-47.3 -2.95 1.76 
-47.3 -2.95 1.76 
-47.3 -2.95 1.76 
-47.3 -2.95 1.76 
-47.3 -2.95 1.76 
-47.3 -2.95 1.76 
-47.3 -2.95 1.76 
-47.3 -2.95 1.76 
-47.3 -2.95 1.76 
-47.3 -2.95 1.76 
-47.3 -2.95 1.76 
-47.3 -2.95 1.76 
-47.3 -2.95 1.76 
-47.3 -2.95 1.76 
-47.3 -2.95 1.76 
-47.3 -2.95 1.76 
-47.3 -2.95 1.76 
-47.3 -2.95 1.76 
-47.3 -2.95 1.76 
-47.3 -2.95 1.76 
-47.3 -2.95 1.76 
-47.3 -2.95 1.76 
-47.3 -2.95 1.76 
-47.3 -2.95 1.76 
-47.3 -2.95 1.76 
-47.3 -2.95 1.76 
-47.3 -2.95 1.76 
-47.3 -2.95 1.76 
-47.3 -2.95 1.76 
-47.3 -2.95 1.76 
-47.3 -2.95 1.76 
-47.3 -2.95 1.76 
-47.3 -2.95 1.76 
-47.3 -2.95 1.76 
-47.3 -2.95 1.76 
-47.3 -2.95 1.76 
-47.3 -2.95 1.76 
-47.3 -2.95 1.76 
-47.3 -2.95 1.76 
-47.3 -2.95 1.76 
-47.3 -2.95 1.76 
-47.3 -2.95 1.76 
-47.3 -2.95 1.76 
-47.3 -2.95 1.76 
-47.3 -2.95 1.76 
-47.3 -2.95 1.76 
-47.3 -2.95 1.76 
-47.3 -2.95 1.76 
-47.3 -2.95 1.76 
-47.3 -2.95 1.76 
-47.3 -2.95 1.76 
-47.3 -2.95 1.76 
-47.3 -2.95 1.76 
-47.3 -2.95 1.76 
-47.3 -2.95 1.76 
-47.3 -2.95 1.76 
-47.3 -2.95 1.76 
-47.3 -2.95 1.76 
-47.3 -2.95 1.76 
-47.3 -2.95 1.76 
-47.3 -2.95 1.76 
-47.3 -2.95 1.76 
-47.3 -2.95 1.76 
-47.3 -2.95 1.76 
-47.3 -2.95 1.76 
-47.3 -2.95 1.76 
-47.3 -2.95 1.76 
-47.3 -2.95 1.76 
-47.3 -2.95 1.76 
-47.3 -2.95 1.76 
-47.3 -2.95 1.76 
-47.3 -2.95 1.76 
-47.3 -2.95 1.76 
-47.3 -2.95 1.76 
-47.3 -2.95 1.76 
-47.3 -2.95 1.76 
-47.3 -2.95 1.76 
-47.3 -2.95 1.76 
-47.3 -2.95 1.76 
-47.3 -2.95 1.76 
-47.3 -2.95 1.76 
-47.3 -2.95 1.76 
-47.3 -2.95 1.76 
-47.3 -2.95 1.76 
-47.3 -2.95 1.76 
-47.3 -2.95 1.76 
-47.3 -2.95 1.76 
-47.3 -2.95 1.76 
-47.3 -2.95 1.76 
-47.3 -2.95 1.76 
-47.3 -2.95 1.76 
-47.3 -2.95 1.76 
-47.3 -2.95 1.76 
-47.3 -2.95 1.76 
-47.3 -2.95 1.76 
-47.3 -2.95 1.76 
-47.3 -2.95 1.76 
-47.3 -2.95 1.76 
-47.3 -2.95 1.76 
-47.3 -2.95 1.76 
-47.3 -2.95 1.76 
-47.3 -2.95 1.76 
-47.3 -2.95 1.76 
-47.3 -2.95 1.76 
-47.3 -2.95 1.76 
-47.3 -2.95 1.76 
-47.3 -2.95 1.76 
-47.3 -2.95 1.76 
-47.3 -2.95 1.76 
-47.3 -2.95 1.76 
-47.3 -2.95 1.76 
-47.3 -2.95 1.76 
-47.3 -2.95 1.76 
-47.3 -2.95 1.76 
-47.3 -2.95 1.76 
-47.3 -2.95 1.76 
-47.3 -2.95 1.76 
-47.3 -2.95 1.76 
-47.3 -2.95 1.76 
-47.3 -2.95 1.76 
-47.3 -2.95 1.76 
-47.3 -2.95 1.76 
-47.3 -2.95 1.76 
-47.3 -2.95 1.76 
-47.3 -2.95 1.76 
-47.3 -2.95 1.76 
-47.3 -2.95 1.76 
-47.3 -2.95 1.76 
-47.3 -2.95 1.76 
-47.3 -2.95 1.76 
-47.3 -2.95 1.76 
-47.3 -2.95 1.76 
-47.3 -2.95 1.76 
-47.3 -2.95 1.76 
-47.3 -2.95 1.76 
-47.3 -2.95 1.76 
-47.3 -2.95 1.76 
-47.3 -2.95 1.76 
-47.3 -2.95 1.76 
-47.3 -2.95 1.76 
-47.3 -2.95 1.76 
-47.3 -2.95 1.76 
-47.3 -2.95 1.76 
-47.3 -2.95 1.76 
-47.3 -2.95 1.76 
-47.3 -2.95 1.76 
-47.3 -2.95 1.76 
-47.3 -2.95 1.76 
-47.3 -2.95 1.76 
-47.3 -2.95 1.76 
-47.3 -2.95 1.76 
-47.3 -2.95 1.76 
-47.3 -2.95 1.76 
-47.3 -2.95 1.76 
-47.3 -2.95 1.76 
-47.3 -2.95 1.76 
-47.3 -2.95 1.76 
-47.3 -2.95 1.76 
-47.3 -2.95 1.76 
-47.3 -2.95 1.76 
-47.3 -2.95 1.76 
-47.3 -2.95 1.76 
-47.3 -2.95 1.76 
-47.3 -2.95 1.76 
-47.3 -2.95 1.76 
-47.3 -2.95 1.76 
-47.3 -2.95 1.76 
-47.3 -2.95 1.76 
-47.3 -2.95 1.76 
-47.3 -2.95 1.76 
-47.3 -2.95 1.76 
-47.3 -2.95 1.76 
-47.3 -2.95 1.76 
-47.3 -2.95 1.76 
-47.3 -2.95 1.76 
-47.3 -2.95 1.76 
-47.3 -2.95 1.76 
-47.3 -2.95 1.76 
-47.3 -2.95 1.76 
-47.3 -2.95 1.76 
-47.3 -2.95 1.76 
-47.3 -2.95 1.76 
-47.3 -2.95 1.76 
-47.3 -2.95 1.76 
-47.3 -2.95 1.76 
-47.3 -2.95 1.76 
-47.3 -2.95 1.76 
-47.3 -2.95 1.76 
-47.3 -2.95 1.76 
-47.3 -2.95 1.76 
-47.3 -2.95 1.76 
-47.3 -2.95 1.76 
-47.3 -2.95 1.76 
-47.3 -2.95 1.76 
-47.3 -2.95 1.76 
-47.3 -2.95 1.76 
-47.3 -2.95 1.76 
-47.3 -2.95 1.76 
-47.3 -2.95 1.76 
-47.3 -2.95 1.76 
-47.3 -2.95 1.76 
-47.3 -2.95 1.76 
-47.3 -2.95 1.76 
-47.3 -2.95 1.76 
-47.3 -2.95 1.76 
-47.3 -2.95 1.76 
-47.3 -2.95 1.76 
-47.3 -2.95 1.76 
-47.3 -2.95 1.76 
-47.3 -2.95 1.76 
-47.3 -2.95 1.76 
-47.3 -2.95 1.76 
-47.3 -2.95 1.76 
-47.3 -2.95 1.76 
-47.3 -2.95 1.76 
-47.3 -2.95 1.76 
-47.3 -2.95 1.76 
-47.3 -2.95 1.76 
-47.3 -2.95 1.76 
-47.3 -2.95 1.76 
-47.3 -2.95 1.76 
-47.3 -2.95 1.76 
-47.3 -2.95 1.76 
-47.3 -2.95 1.76 
-47.3 -2.95 1.76 
-47.3 -2.95 1.76 
-47.3 -2.95 1.76 
-47.3 -2.95 1.76 
-47.3 -2.95 1.76 
-47.3 -2.95 1.76 
-47.3 -2.95 1.76 
-47.3 -2.95 1.76 
-47.3 -2.95 1.76 
-47.3 -2.95 1.76 
-47.3 -2.95 1.76 
-47.3 -2.95 1.76 
-47.3 -2.95 1.76 
-47.3 -2.95 1.76 
-47.3 -2.95 1.76 
-47.3 -2.95 1.76 
-47.3 -2.95 1.76 
-47.3 -2.95 1.76 
-47.3 -2.95 1.76 
-47.3 -2.95 1.76 
-47.3 -2.95 1.76 
-47.3 -2.95 1.76 
-47.3 -2.95 1.76 
-47.3 -2.95 1.76 
-47.3 -2.95 1.76 
-47.3 -2.95 1.76 
-47.3 -2.95 1.76 
-47.3 -2.95 1.76 
-47.3 -2.95 1.76 
-47.3 -2.95 1.76 
-47.3 -2.95 1.76 
-47.3 -2.95 1.76 
-47.3 -2.95 1.76 
-47.3 -2.95 1.76 
-47.3 -2.95 1.76 
-47.3 -2.95 1.76 
-47.3 -2.95 1.76 
-47.3 -2.95 1.76 
-47.3 -2.95 1.76 
-47.3 -2.95 1.76 
-47.3 -2.95 1.76 
-47.3 -2.95 1.76 
-47.3 -2.95 1.76 
-47.3 -2.95 1.76 
-47.3 -2.95 1.76 
-47.3 -2.95 1.76 
-47.3 -2.95 1.76 
-47.3 -2.95 1.76 
-47.3 -2.95 1.76 
-47.3 -2.95 1.76 
-47.3 -2.95 1.76 
-47.3 -2.95 1.76 
-47.3 -2.95 1.76 
-47.3 -2.95 1.76 
-47.3 -2.95 1.76 
-47.3 -2.95 1.76 
-47.3 -2.95 1.76 
-47.3 -2.95 1.76 
-47.3 -2.95 1.76 
-47.3 -2.95 1.76 
-47.3 -2.95 1.76 
-47.3 -2.95 1.76 
-47.3 -2.95 1.76 
-47.3 -2.95 1.76 
-47.3 -2.95 1.76 
-47.3 -2.95 1.76 
-47.3 -2.95 1.76 
-47.3 -2.95 1.76 
-47.3 -2.95 1.76 
-47.3 -2.95 1.76 
-47.3 -2.95 1.76 
-47.3 -2.95 1.76 
-47.3 -2.95 1.76 
-47.3 -2.95 1.76 
-47.3 -2.95 1.76 
-47.3 -2.95 1.76 
-47.3 -2.95 1.76 
-47.3 -2.95 1.76 
-47.3 -2.95 1.76 
-47.3 -2.95 1.76 
-47.3 -2.95 1.76 
-47.3 -2.95 1.76 
-47.3 -2.95 1.76 
-47.3 -2.95 1.76 
-47.3 -2.95 1.76 
-47.3 -2.95 1.76 
-47.3 -2.95 1.76 
-47.3 -2.95 1.76 
-47.3 -2.95 1.76 
-47.3 -2.95 1.76 
-47.3 -2.95 1.76 
-47.3 -2.95 1.76 
-47.3 -2.95 1.76 
-47.3 -2.95 1.76 
-47.3 -2.95 1.76 
-47.3 -2.95 1.76 
-47.3 -2.95 1.76 
-47.3 -2.95 1.76 
-47.3 -2.95 1.76 
-47.3 -2.95 1.76 
-47.3 -2.95 1.76 
-47.3 -2.95 1.76 
-47.3 -2.95 1.76 
-47.3 -2.95 1.76 
-47.3 -2.95 1.76 
-47.3 -2.95 1.76 
-47.3 -2.95 1.76 
-47.3 -2.95 1.76 
-47.3 -2.95 1.76 
-47.3 -2.95 1.76 
-47.3 -2.95 1.76 
-47.3 -2.95 1.76 
-47.3 -2.95 1.76 
-47.3 -2.95 1.76 
-47.3 -2.95 1.76 
-47.3 -2.95 1.76 
-47.3 -2.95 1.76 
-47.3 -2.95 1.76 
-47.3 -2.95 1.76 
-47.3 -2.95 1.76 
-47.3 -2.95 1.76 
-47.3 -2.95 1.76 
-47.3 -2.95 1.76 
-47.3 -2.95 1.76 
-47.3 -2.95 1.76 
-47.3 -2.95 1.76 
-47.3 -2.95 1.76 
-47.3 -2.95 1.76 
-47.3 -2.95 1.76 
-47.3 -2.95 1.76 
-47.3 -2.95 1.76 
-47.3 -2.95 1.76 
-47.3 -2.95 1.76 
-47.3 -2.95 1.76 
-47.3 -2.95 1.76 
-47.3 -2.95 1.76 
-47.3 -2.95 1.76 
-47.3 -2.95 1.76 
-47.3 -2.95 1.76 
-47.3 -2.95 1.76 
-47.3 -2.95 1.76 
-47.3 -2.95 1.76 
-47.3 -2.95 1.76 
-47.3 -2.95 1.76 
-47.3 -2.95 1.76 
-47.3 -2.95 1.76 
-47.3 -2.95 1.76 
-47.3 -2.95 1.76 
-47.3 -2.95 1.76 
-47.3 -2.95 1.76 
-47.3 -2.95 1.76 
-47.3 -2.95 1.76 
-47.3 -2.95 1.76 
-47.3 -2.95 1.76 
-47.3 -2.95 1.76 
-47.3 -2.95 1.76 
-47.3 -2.95 1.76 
-47.3 -2.95 1.76 
-47.3 -2.95 1.76 
-47.3 -2.95 1.76 
-47.3 -2.95 1.76 
-47.3 -2.95 1.76 
-47.3 -2.95 1.76 
-47.3 -2.95 1.76 
-47.3 -2.95 1.76 
-47.3 -2.95 1.76 
-47.3 -2.95 1.76 
-47.3 -2.95 1.76 
-47.3 -2.95 1.76 
-47.3 -2.95 1.76 
-47.3 -2.95 1.76 
-47.3 -2.95 1.76 
-47.3 -2.95 1.76 
-47.3 -2.95 1.76 
-47.3 -2.95 1.76 
-47.3 -2.95 1.76 
-47.3 -2.95 1.76 
-47.3 -2.95 1.76 
-47.3 -2.95 1.76 
-47.3 -2.95 1.76 
-47.3 -2.95 1.76 
-47.3 -2.95 1.76 
-47.3 -2.95 1.76 
-47.3 -2.95 1.76 
-47.3 -2.95 1.76 
-47.3 -2.95 1.76 
-47.3 -2.95 1.76 
-47.3 -2.95 1.76 
-47.3 -2.95 1.76 
-47.3 -2.95 1.76 
-47.3 -2.95 1.76 
-47.3 -2.95 1.76 
-47.3 -2.95 1.76 
-47.3 -2.95 1.76 
-47.3 -2.95 1.76 
-47.3 -2.95 1.76 
-47.3 -2.95 1.76 
-47.3 -2.95 1.76 
-47.3 -2.95 1.76 
-47.3 -2.95 1.76 
-47.3 -2.95 1.76 
-47.3 -2.95 1.76 
-47.3 -2.95 1.76 
-47.3 -2.95 1.76 
-47.3 -2.95 1.76 
-47.3 -2.95 1.76 
-47.3 -2.95 1.76 
-47.3 -2.95 1.76 
-47.3 -2.95 1.76 
-47.3 -2.95 1.76 
-47.3 -2.95 1.76 
-47.3 -2.95 1.76 
-47.3 -2.95 1.76 
-47.3 -2.95 1.76 
-47.3 -2.95 1.76 
-47.3 -2.95 1.76 
-47.3 -2.95 1.76 
-47.3 -2.95 1.76 
-47.3 -2.95 1.76 
-47.3 -2.95 1.76 
-47.3 -2.95 1.76 
-47.3 -2.95 1.76 
-47.3 -2.95 1.76 
-47.3 -2.95 1.76 
-47.3 -2.95 1.76 
-47.3 -2.95 1.76 
-47.3 -2.95 1.76 
-47.3 -2.95 1.76 
-47.3 -2.95 1.76 
-47.3 -2.95 1.76 
-47.3 -2.95 1.76 
-47.3 -2.95 1.76 
-47.3 -2.95 1.76 
-47.3 -2.95 1.76 
-47.3 -2.95 1.76 
-47.3 -2.95 1.76 
-47.3 -2.95 1.76 
-47.3 -2.95 1.76 
-47.3 -2.95 1.76 
-47.3 -2.95 1.76 
-47.3 -2.95 1.76 
-47.3 -2.95 1.76 
-47.3 -2.95 1.76 
-47.3 -2.95 1.76 
-47.3 -2.95 1.76 
-47.3 -2.95 1.76 
-47.3 -2.95 1.76 
-47.3 -2.95 1.76 
-47.3 -2.95 1.76 
-47.3 -2.95 1.76 
-47.3 -2.95 1.76 
-47.3 -2.95 1.76 
-47.3 -2.95 1.76 
-47.3 -2.95 1.76 
-47.3 -2.95 1.76 
-47.3 -2.95 1.76 
-47.3 -2.95 1.76 
-47.3 -2.95 1.76 
-47.3 -2.95 1.76 
-47.3 -2.95 1.76 
-47.3 -2.95 1.76 
-47.3 -2.95 1.76 
-47.3 -2.95 1.76 
-47.3 -2.95 1.76 
-47.3 -2.95 1.76 
-47.3 -2.95 1.76 
-47.3 -2.95 1.76 
-47.3 -2.95 1.76 
-47.3 -2.95 1.76 
-47.3 -2.95 1.76 
-47.3 -2.95 1.76 
-47.3 -2.95 1.76 
-47.3 -2.95 1.76 
-47.3 -2.95 1.76 
-47.3 -2.95 1.76 
-47.3 -2.95 1.76 
-47.3 -2.95 1.76 
-47.3 -2.95 1.76 
-47.3 -2.95 1.76 
-47.3 -2.95 1.76 
-47.3 -2.95 1.76 
-47.3 -2.95 1.76 
-47.3 -2.95 1.76 
-47.3 -2.95 1.76 
-47.3 -2.95 1.76 
-47.3 -2.95 1.76 
-47.3 -2.95 1.76 
-47.3 -2.95 1.76 
-47.3 -2.95 1.76 
-47.3 -2.95 1.76 
-47.3 -2.95 1.76 
-47.3 -2.95 1.76 
-47.3 -2.95 1.76 
-47.3 -2.95 1.76 
-47.3 -2.95 1.76 
-47.3 -2.95 1.76 
-47.3 -2.95 1.76 
-47.3 -2.95 1.76 
-47.3 -2.95 1.76 
-47.3 -2.95 1.76 
-47.3 -2.95 1.76 
-47.3 -2.95 1.76 
-47.3 -2.95 1.76 
-47.3 -2.95 1.76 
-47.3 -2.95 1.76 
-47.3 -2.95 1.76 
-47.3 -2.95 1.76 
-47.3 -2.95 1.76 
-47.3 -2.95 1.76 
-47.3 -2.95 1.76 
-47.3 -2.95 1.76 
-47.3 -2.95 1.76 
-47.3 -2.95 1.76 
-47.3 -2.95 1.76 
-47.3 -2.95 1.76 
-47.3 -2.95 1.76 
-47.3 -2.95 1.76 
-47.3 -2.95 1.76 
-47.3 -2.95 1.76 
-47.3 -2.95 1.76 
-47.3 -2.95 1.76 
-47.3 -2.95 1.76 
-47.3 -2.95 1.76 
-47.3 -2.95 1.76 
-47.3 -2.95 1.76 
-47.3 -2.95 1.76 
-47.3 -2.95 1.76 
-47.3 -2.95 1.76 
-47.3 -2.95 1.76 
-47.3 -2.95 1.76 
-47.3 -2.95 1.76 
-47.3 -2.95 1.76 
-47.3 -2.95 1.76 
-47.3 -2.95 1.76 
-47.3 -2.95 1.76 
-47.3 -2.95 1.76 
-47.3 -2.95 1.76 
-47.3 -2.95 1.76 
-47.3 -2.95 1.76 
-47.3 -2.95 1.76 
-47.3 -2.95 1.76 
-47.3 -2.95 1.76 
-47.3 -2.95 1.76 
-47.3 -2.95 1.76 
-47.3 -2.95 1.76 
-47.3 -2.95 1.76 
-47.3 -2.95 1.76 
-47.3 -2.95 1.76 
-47.3 -2.95 1.76 
-47.3 -2.95 1.76 
-47.3 -2.95 1.76 
-47.3 -2.95 1.76 
-47.3 -2.95 1.76 
-47.3 -2.95 1.76 
-47.3 -2.95 1.76 
-47.3 -2.95 1.76 
-47.3 -2.95 1.76 
-47.3 -2.95 1.76 
-47.3 -2.95 1.76 
-47.3 -2.95 1.76 
-47.3 -2.95 1.76 
-47.3 -2.95 1.76 
-47.3 -2.95 1.76 
-47.3 -2.95 1.76 
-47.3 -2.95 1.76 
-47.3 -2.95 1.76 
-47.3 -2.95 1.76 
-47.3 -2.95 1.76 
-47.3 -2.95 1.76 
-47.3 -2.95 1.76 
-47.3 -2.95 1.76 
-47.3 -2.95 1.76 
-47.3 -2.95 1.76 
-47.3 -2.95 1.76 
-47.3 -2.95 1.76 
-47.3 -2.95 1.76 
-47.3 -2.95 1.76 
-47.3 -2.95 1.76 
-47.3 -2.95 1.76 
-47.3 -2.95 1.76 
-47.3 -2.95 1.76 
-47.3 -2.95 1.76 
-47.3 -2.95 1.76 
-47.3 -2.95 1.76 
-47.3 -2.95 1.76 
-47.3 -2.95 1.76 
-47.3 -2.95 1.76 
-47.3 -2.95 1.76 
-47.3 -2.95 1.76 
-47.3 -2.95 1.76 
-47.3 -2.95 1.76 
-47.3 -2.95 1.76 
-47.3 -2.95 1.76 
-47.3 -2.95 1.76 
-47.3 -2.95 1.76 
-47.3 -2.95 1.76 
-47.3 -2.95 1.76 
-47.3 -2.95 1.76 
-47.3 -2.95 1.76 
-47.3 -2.95 1.76 
-47.3 -2.95 1.76 
-47.3 -2.95 1.76 
-47.3 -2.95 1.76 
-47.3 -2.95 1.76 
-47.3 -2.95 1.76 
-47.3 -2.95 1.76 
-47.3 -2.95 1.76 
-47.3 -2.95 1.76 
-47.3 -2.95 1.76 
-47.3 -2.95 1.76 
-47.3 -2.95 1.76 
-47.3 -2.95 1.76 
-47.3 -2.95 1.76 
-47.3 -2.95 1.76 
-47.3 -2.95 1.76 
-47.3 -2.95 1.76 
-47.3 -2.95 1.76 
-47.3 -2.95 1.76 
-47.3 -2.95 1.76 
-47.3 -2.95 1.76 
-47.3 -2.95 1.76 
-47.3 -2.95 1.76 
-47.3 -2.95 1.76 
-47.3 -2.95 1.76 
-47.3 -2.95 1.76 
-47.3 -2.95 1.76 
-47.3 -2.95 1.76 
-47.3 -2.95 1.76 
-47.3 -2.95 1.76 
-47.3 -2.95 1.76 
-47.3 -2.95 1.76 
-47.3 -2.95 1.76 
-47.3 -2.95 1.76 
-47.3 -2.95 1.76 
-47.3 -2.95 1.76 
-47.3 -2.95 1.76 
-47.3 -2.95 1.76 
-47.3 -2.95 1.76 
-47.3 -2.95 1.76 
-47.3 -2.95 1.76 
-47.3 -2.95 1.76 
-47.3 -2.95 1.76 
-47.3 -2.95 1.76 
-47.3 -2.95 1.76 
-47.3 -2.95 1.76 
-47.3 -2.95 1.76 
-47.3 -2.95 1.76 
-47.3 -2.95 1.76 
-47.3 -2.95 1.76 
-47.3 -2.95 1.76 
-47.3 -2.95 1.76 
-47.3 -2.95 1.76 
-47.3 -2.95 1.76 
-47.3 -2.95 1.76 
-47.3 -2.95 1.76 
-47.3 -2.95 1.76 
-47.3 -2.95 1.76 
-47.3 -2.95 1.76 
-47.3 -2.95 1.76 
-47.3 -2.95 1.76 
-47.3 -2.95 1.76 
-47.3 -2.95 1.76 
-47.3 -2.95 1.76 
-47.3 -2.95 1.76 
-47.3 -2.95 1.76 
-47.3 -2.95 1.76 
-47.3 -2.95 1.76 
-47.3 -2.95 1.76 
-47.3 -2.95 1.76 
-47.3 -2.95 1.76 
-47.3 -2.95 1.76 
-47.3 -2.95 1.76 
-47.3 -2.95 1.76 
-47.3 -2.95 1.76 
-47.3 -2.95 1.76 
-47.3 -2.95 1.76 
-47.3 -2.95 1.76 
-47.3 -2.95 1.76 
-47.3 -2.95 1.76 
-47.3 -2.95 1.76 
-47.3 -2.95 1.76 
-47.3 -2.95 1.76 
-47.3 -2.95 1.76 
-47.3 -2.95 1.76 
-47.3 -2.95 1.76 
-47.3 -2.95 1.76 
-47.3 -2.95 1.76 
-47.3 -2.95 1.76 
-47.3 -2.95 1.76 
-47.3 -2.95 1.76 
-47.3 -2.95 1.76 
-47.3 -2.95 1.76 
-47.3 -2.95 1.76 
-47.3 -2.95 1.76 
-47.3 -2.95 1.76 
-47.3 -2.95 1.76 
-47.3 -2.95 1.76 
-47.3 -2.95 1.76 
-47.3 -2.95 1.76 
-47.3 -2.95 1.76 
-47.3 -2.95 1.76 
-47.3 -2.95 1.76 
-47.3 -2.95 1.76 
-47.3 -2.95 1.76 
-47.3 -2.95 1.76 
-47.3 -2.95 1.76 
-47.3 -2.95 1.76 
-47.3 -2.95 1.76 
-47.3 -2.95 1.76 
-47.3 -2.95 1.76 
-47.3 -2.95 1.76 
-47.3 -2.95 1.76 
-47.3 -2.95 1.76 
-47.3 -2.95 1.76 
-47.3 -2.95 1.76 
-47.3 -2.95 1.76 
-47.3 -2.95 1.76 
-47.3 -2.95 1.76 
-47.3 -2.95 1.76 
-47.3 -2.95 1.76 
-47.3 -2.95 1.76 
-47.3 -2.95 1.76 
-47.3 -2.95 1.76 
-47.3 -2.95 1.76 
-47.3 -2.95 1.76 
-47.3 -2.95 1.76 
-47.3 -2.95 1.76 
-47.3 -2.95 1.76 
-47.3 -2.95 1.76 
-47.3 -2.95 1.76 
-47.3 -2.95 1.76 
-47.3 -2.95 1.76 
-47.3 -2.95 1.76 
-47.3 -2.95 1.76 
-47.3 -2.95 1.76 
-47.3 -2.95 1.76 
-47.3 -2.95 1.76 
-47.3 -2.95 1.76 
-47.3 -2.95 1.76 
-47.3 -2.95 1.76 
-47.3 -2.95 1.76 
-47.3 -2.95 1.76 
-47.3 -2.95 1.76 
-47.3 -2.95 1.76 
-47.3 -2.95 1.76 
-47.3 -2.95 1.76 
-47.3 -2.95 1.76 
-47.3 -2.95 1.76 
-47.3 -2.95 1.76 
-47.3 -2.95 1.76 
-47.3 -2.95 1.76 
-47.3 -2.95 1.76 
-47.3 -2.95 1.76 
-47.3 -2.95 1.76 
-47.3 -2.95 1.76 
-47.3 -2.95 1.76 
-47.3 -2.95 1.76 
-47.3 -2.95 1.76 
-47.3 -2.95 1.76 
-47.3 -2.95 1.76 
-47.3 -2.95 1.76 
-47.3 -2.95 1.76 
-47.3 -2.95 1.76 
-47.3 -2.95 1.76 
-47.3 -2.95 1.76 
-47.3 -2.95 1.76 
-47.3 -2.95 1.76 
-47.3 -2.95 1.76 
-47.3 -2.95 1.76 
-47.3 -2.95 1.76 
-47.3 -2.95 1.76 
-47.3 -2.95 1.76 
-47.3 -2.95 1.76 
-47.3 -2.95 1.76 
-47.3 -2.95 1.76 
-47.3 -2.95 1.76 
-47.3 -2.95 1.76 
-47.3 -2.95 1.76 
-47.3 -2.95 1.76 
-47.3 -2.95 1.76 
-47.3 -2.95 1.76 
-47.3 -2.95 1.76 
-47.3 -2.95 1.76 
-47.3 -2.95 1.76 
-47.3 -2.95 1.76 
-47.3 -2.95 1.76 
-47.3 -2.95 1.76 
-47.3 -2.95 1.76 
-47.3 -2.95 1.76 
-47.3 -2.95 1.76 
-47.3 -2.95 1.76 
-47.3 -2.95 1.76 
-47.3 -2.95 1.76 
-47.3 -2.95 1.76 
-47.3 -2.95 1.76 
-47.3 -2.95 1.76 
-47.3 -2.95 1.76 
-47.3 -2.95 1.76 
-47.3 -2.95 1.76 
-47.3 -2.95 1.76 
-47.3 -2.95 1.76 
-47.3 -2.95 1.76 
-47.3 -2.95 1.76 
-47.3 -2.95 1.76 
-47.3 -2.95 1.76 
-47.3 -2.95 1.76 
-47.3 -2.95 1.76 
-47.3 -2.95 1.76 
-47.3 -2.95 1.76 
-47.3 -2.95 1.76 
-47.3 -2.95 1.76 
-47.3 -2.95 1.76 
-47.3 -2.95 1.76 
-47.3 -2.95 1.76 
-47.3 -2.95 1.76 
-47.3 -2.95 1.76 
-47.3 -2.95 1.76 
-47.3 -2.95 1.76 
-47.3 -2.95 1.76 
-47.3 -2.95 1.76 
-47.3 -2.95 1.76 
-47.3 -2.95 1.76 
-47.3 -2.95 1.76 
-47.3 -2.95 1.76 
-47.3 -2.95 1.76 
-47.3 -2.95 1.76 
-47.3 -2.95 1.76 
-47.3 -2.95 1.76 
-47.3 -2.95 1.76 
-47.3 -2.95 1.76 
-47.3 -2.95 1.76 
-47.3 -2.95 1.76 
-47.3 -2.95 1.76 
-47.3 -2.95 1.76 
-47.3 -2.95 1.76 
-47.3 -2.95 1.76 
-47.3 -2.95 1.76 
-47.3 -2.95 1.76 
-47.3 -2.95 1.76 
-47.3 -2.95 1.76 
-47.3 -2.95 1.76 
-47.3 -2.95 1.76 
-47.3 -2.95 1.76 
-47.3 -2.95 1.76 
-47.3 -2.95 1.76 
-47.3 -2.95 1.76 
-47.3 -2.95 1.76 
-47.3 -2.95 1.76 
-47.3 -2.95 1.76 
-47.3 -2.95 1.76 
-47.3 -2.95 1.76 
-47.3 -2.95 1.76 
-47.3 -2.95 1.76 
-47.3 -2.95 1.76 
-47.3 -2.95 1.76 
-47.3 -2.95 1.76 
-47.3 -2.95 1.76 
-47.3 -2.95 1.76 
-47.3 -2.95 1.76 
-47.3 -2.95 1.76 
-47.3 -2.95 1.76 
-47.3 -2.95 1.76 
-47.3 -2.95 1.76 
-47.3 -2.95 1.76 
-47.3 -2.95 1.76 
-47.3 -2.95 1.76 
-47.3 -2.95 1.76 
-47.3 -2.95 1.76 
-47.3 -2.95 1.76 
-47.3 -2.95 1.76 
-47.3 -2.95 1.76 
-47.3 -2.95 1.76 
-47.3 -2.95 1.76 
-47.3 -2.95 1.76 
-47.3 -2.95 1.76 
-47.3 -2.95 1.76 
-47.3 -2.95 1.76 
-47.3 -2.95 1.76 
-47.3 -2.95 1.76 
-47.3 -2.95 1.76 
-47.3 -2.95 1.76 
-47.3 -2.95 1.76 
-47.3 -2.95 1.76 
-47.3 -2.95 1.76 
-47.3 -2.95 1.76 
-47.3 -2.95 1.76 
-47.3 -2.95 1.76 
-47.3 -2.95 1.76 
-47.3 -2.95 1.76 
-47.3 -2.95 1.76 
-47.3 -2.95 1.76 
-47.3 -2.95 1.76 
-47.3 -2.95 1.76 
-47.3 -2.95 1.76 
-47.3 -2.95 1.76 
-47.3 -2.95 1.76 
-47.3 -2.95 1.76 
-47.3 -2.95 1.76 
-47.3 -2.95 1.76 
-47.3 -2.95 1.76 
-47.3 -2.95 1.76 
-47.3 -2.95 1.76 
-47.3 -2.95 1.76 
-47.3 -2.95 1.76 
-47.3 -2.95 1.76 
-47.3 -2.95 1.76 
-47.3 -2.95 1.76 
-47.3 -2.95 1.76 
-47.3 -2.95 1.76 
-47.3 -2.95 1.76 
-47.3 -2.95 1.76 
-47.3 -2.95 1.76 
-47.3 -2.95 1.76 
-47.3 -2.95 1.76 
-47.3 -2.95 1.76 
-47.3 -2.95 1.76 
-47.3 -2.95 1.76 
-47.3 -2.95 1.76 
-47.3 -2.95 1.76 
-47.3 -2.95 1.76 
-47.3 -2.95 1.76 
-47.3 -2.95 1.76 
-47.3 -2.95 1.76 
-47.3 -2.95 1.76 
-47.3 -2.95 1.76 
-47.3 -2.95 1.76 
-47.3 -2.95 1.76 
-47.3 -2.95 1.76 
-47.3 -2.95 1.76 
-47.3 -2.95 1.76 
-47.3 -2.95 1.76 
-47.3 -2.95 1.76 
-47.3 -2.95 1.76 
-47.3 -2.95 1.76 
-47.3 -2.95 1.76 
-47.3 -2.95 1.76 
-47.3 -2.95 1.76 
-47.3 -2.95 1.76 
-47.3 -2.95 1.76 
-47.3 -2.95 1.76 
-47.3 -2.95 1.76 
-47.3 -2.95 1.76 
-47.3 -2.95 1.76 
-47.3 -2.95 1.76 
-47.3 -2.95 1.76 
-47.3 -2.95 1.76 
-47.3 -2.95 1.76 
-47.3 -2.95 1.76 
-47.3 -2.95 1.76 
-47.3 -2.95 1.76 
-47.3 -2.95 1.76 
-47.3 -2.95 1.76 
-47.3 -2.95 1.76 
-47.3 -2.95 1.76 
-47.3 -2.95 1.76 
-47.3 -2.95 1.76 
-47.3 -2.95 1.76 
-47.3 -2.95 1.76 
-47.3 -2.95 1.76 
-47.3 -2.95 1.76 
-47.3 -2.95 1.76 
-47.3 -2.95 1.76 
-47.3 -2.95 1.76 
-47.3 -2.95 1.76 
-47.3 -2.95 1.76 
-47.3 -2.95 1.76 
-47.3 -2.95 1.76 
-47.3 -2.95 1.76 
-47.3 -2.95 1.76 
-47.3 -2.95 1.76 
-47.3 -2.95 1.76 
-47.3 -2.95 1.76 
-47.3 -2.95 1.76 
-47.3 -2.95 1.76 
-47.3 -2.95 1.76 
-47.3 -2.95 1.76 
-47.3 -2.95 1.76 
-47.3 -2.95 1.76 
-47.3 -2.95 1.76 
-47.3 -2.95 1.76 
-47.3 -2.95 1.76 
-47.3 -2.95 1.76 
-47.3 -2.95 1.76 
-47.3 -2.95 1.76 
-47.3 -2.95 1.76 
-47.3 -2.95 1.76 
-47.3 -2.95 1.76 
-47.3 -2.95 1.76 
-47.3 -2.95 1.76 
-47.3 -2.95 1.76 
-47.3 -2.95 1.76 
-47.3 -2.95 1.76 
-47.3 -2.95 1.76 
-47.3 -2.95 1.76 
-47.3 -2.95 1.76 
-47.3 -2.95 1.76 
-47.3 -2.95 1.76 
-47.3 -2.95 1.76 
-47.3 -2.95 1.76 
-47.3 -2.95 1.76 
-47.3 -2.95 1.76 
-47.3 -2.95 1.76 
-47.3 -2.95 1.76 
-47.3 -2.95 1.76 
-47.3 -2.95 1.76 
-47.3 -2.95 1.76 
-47.3 -2.95 1.76 
-47.3 -2.95 1.76 
-47.3 -2.95 1.76 
-47.3 -2.95 1.76 
-47.3 -2.95 1.76 
-47.3 -2.95 1.76 
-47.3 -2.95 1.76 
-47.3 -2.95 1.76 
-47.3 -2.95 1.76 
-47.3 -2.95 1.76 
-47.3 -2.95 1.76 
-47.3 -2.95 1.76 
-47.3 -2.95 1.76 
-47.3 -2.95 1.76 
-47.3 -2.95 1.76 
-47.3 -2.95 1.76 
-47.3 -2.95 1.76 
-47.3 -2.95 1.76 
-47.3 -2.95 1.76 
-47.3 -2.95 1.76 
-47.3 -2.95 1.76 
-47.3 -2.95 1.76 
-47.3 -2.95 1.76 
-47.3 -2.95 1.76 
-47.3 -2.95 1.76 
-47.3 -2.95 1.76 
-47.3 -2.95 1.76 
-47.3 -2.95 1.76 
-47.3 -2.95 1.76 
-47.3 -2.95 1.76 
-47.3 -2.95 1.76 
-47.3 -2.95 1.76 
-47.3 -2.95 1.76 
-47.3 -2.95 1.76 
-47.3 -2.95 1.76 
-47.3 -2.95 1.76 
-47.3 -2.95 1.76 
-47.3 -2.95 1.76 
-47.3 -2.95 1.76 
-47.3 -2.95 1.76 
-47.3 -2.95 1.76 
-47.3 -2.95 1.76 
-47.3 -2.95 1.76 
-47.3 -2.95 1.76 
-47.3 -2.95 1.76 
-47.3 -2.95 1.76 
-47.3 -2.95 1.76 
-47.3 -2.95 1.76 
-47.3 -2.95 1.76 
-47.3 -2.95 1.76 
-47.3 -2.95 1.76 
-47.3 -2.95 1.76 
-47.3 -2.95 1.76 
-47.3 -2.95 1.76 
-47.3 -2.95 1.76 
-47.3 -2.95 1.76 
-47.3 -2.95 1.76 
-47.3 -2.95 1.76 
-47.3 -2.95 1.76 
-47.3 -2.95 1.76 
-47.3 -2.95 1.76 
-47.3 -2.95 1.76 
-47.3 -2.95 1.76 
-47.3 -2.95 1.76 
-47.3 -2.95 1.76 
-47.3 -2.95 1.76 
-47.3 -2.95 1.76 
-47.3 -2.95 1.76 
-47.3 -2.95 1.76 
-47.3 -2.95 1.76 
-47.3 -2.95 1.76 
-47.3 -2.95 1.76 
-47.3 -2.95 1.76 
-47.3 -2.95 1.76 
-47.3 -2.95 1.76 
-47.3 -2.95 1.76 
-47.3 -2.95 1.76 
-47.3 -2.95 1.76 
-47.3 -2.95 1.76 
-47.3 -2.95 1.76 
-47.3 -2.95 1.76 
-47.3 -2.95 1.76 
-47.3 -2.95 1.76 
-47.3 -2.95 1.76 
-47.3 -2.95 1.76 
-47.3 -2.95 1.76 
-47.3 -2.95 1.76 
-47.3 -2.95 1.76 
-47.3 -2.95 1.76 
-47.3 -2.95 1.76 
-47.3 -2.95 1.76 
-47.3 -2.95 1.76 
-47.3 -2.95 1.76 
-47.3 -2.95 1.76 
-47.3 -2.95 1.76 
-47.3 -2.95 1.76 
-47.3 -2.95 1.76 
-47.3 -2.95 1.76 
-47.3 -2.95 1.76 
-47.3 -2.95 1.76 
-47.3 -2.95 1.76 
-47.3 -2.95 1.76 
-47.3 -2.95 1.76 
-47.3 -2.95 1.76 
-47.3 -2.95 1.76 
-47.3 -2.95 1.76 
-47.3 -2.95 1.76 
-47.3 -2.95 1.76 
-47.3 -2.95 1.76 
-47.3 -2.95 1.76 
-47.3 -2.95 1.76 
-47.3 -2.95 1.76 
-47.3 -2.95 1.76 
-47.3 -2.95 1.76 
-47.3 -2.95 1.76 
-47.3 -2.95 1.76 
-47.3 -2.95 1.76 
-47.3 -2.95 1.76 
-47.3 -2.95 1.76 
-47.3 -2.95 1.76 
-47.3 -2.95 1.76 
-47.3 -2.95 1.76 
-47.3 -2.95 1.76 
-47.3 -2.95 1.76 
-47.3 -2.95 1.76 
-47.3 -2.95 1.76 
-47.3 -2.95 1.76 
-47.3 -2.95 1.76 
-47.3 -2.95 1.76 
-47.3 -2.95 1.76 
-47.3 -2.95 1.76 
-47.3 -2.95 1.76 
-47.3 -2.95 1.76 
-47.3 -2.95 1.76 
-47.3 -2.95 1.76 
-47.3 -2.95 1.76 
-47.3 -2.95 1.76 
-47.3 -2.95 1.76 
-47.3 -2.95 1.76 
-47.3 -2.95 1.76 
-47.3 -2.95 1.76 
-47.3 -2.95 1.76 
-47.3 -2.95 1.76 
-47.3 -2.95 1.76 
-47.3 -2.95 1.76 
-47.3 -2.95 1.76 
-47.3 -2.95 1.76 
-47.3 -2.95 1.76 
-47.3 -2.95 1.76 
-47.3 -2.95 1.76 
-47.3 -2.95 1.76 
-47.3 -2.95 1.76 
-47.3 -2.95 1.76 
-47.3 -2.95 1.76 
-47.3 -2.95 1.76 
-47.3 -2.95 1.76 
-47.3 -2.95 1.76 
-47.3 -2.95 1.76 
-47.3 -2.95 1.76 
-47.3 -2.95 1.76 
-47.3 -2.95 1.76 
-47.3 -2.95 1.76 
-47.3 -2.95 1.76 
-47.3 -2.95 1.76 
-47.3 -2.95 1.76 
-47.3 -2.95 1.76 
-47.3 -2.95 1.76 
-47.3 -2.95 1.76 
-47.3 -2.95 1.76 
-47.3 -2.95 1.76 
-47.3 -2.95 1.76 
-47.3 -2.95 1.76 
-47.3 -2.95 1.76 
-47.3 -2.95 1.76 
-47.3 -2.95 1.76 
-47.3 -2.95 1.76 
-47.3 -2.95 1.76 
-47.3 -2.95 1.76 
-47.3 -2.95 1.76 
-47.3 -2.95 1.76 
-47.3 -2.95 1.76 
-47.3 -2.95 1.76 
-47.3 -2.95 1.76 
-47.3 -2.95 1.76 
-47.3 -2.95 1.76 
-47.3 -2.95 1.76 
-47.3 -2.95 1.76 
-47.3 -2.95 1.76 
-47.3 -2.95 1.76 
-47.3 -2.95 1.76 
-47.3 -2.95 1.76 
-47.3 -2.95 1.76 
-47.3 -2.95 1.76 
-47.3 -2.95 1.76 
-47.3 -2.95 1.76 
-47.3 -2.95 1.76 
-47.3 -2.95 1.76 
-47.3 -2.95 1.76 
-47.3 -2.95 1.76 
-47.3 -2.95 1.76 
-47.3 -2.95 1.76 
-47.3 -2.95 1.76 
-47.3 -2.95 1.76 
-47.3 -2.95 1.76 
-47.3 -2.95 1.76 
-47.3 -2.95 1.76 
-47.3 -2.95 1.76 
-47.3 -2.95 1.76 
-47.3 -2.95 1.76 
-47.3 -2.95 1.76 
-47.3 -2.95 1.76 
-47.3 -2.95 1.76 
-47.3 -2.95 1.76 
-47.3 -2.95 1.76 
-47.3 -2.95 1.76 
-47.3 -2.95 1.76 
-47.3 -2.95 1.76 
-47.3 -2.95 1.76 
-47.3 -2.95 1.76 
-47.3 -2.95 1.76 
-47.3 -2.95 1.76 
-47.3 -2.95 1.76 
-47.3 -2.95 1.76 
-47.3 -2.95 1.76 
-47.3 -2.95 1.76 
-47.3 -2.95 1.76 
-47.3 -2.95 1.76 
-47.3 -2.95 1.76 
-47.3 -2.95 1.76 
-47.3 -2.95 1.76 
-47.3 -2.95 1.76 
-47.3 -2.95 1.76 
-47.3 -2.95 1.76 
-47.3 -2.95 1.76 
-47.3 -2.95 1.76 
-47.3 -2.95 1.76 
-47.3 -2.95 1.76 
-47.3 -2.95 1.76 
-47.3 -2.95 1.76 
-47.3 -2.95 1.76 
-47.3 -2.95 1.76 
-47.3 -2.95 1.76 
-47.3 -2.95 1.76 
-47.3 -2.95 1.76 
-47.3 -2.95 1.76 
-47.3 -2.95 1.76 
-47.3 -2.95 1.76 
-47.3 -2.95 1.76 
-47.3 -2.95 1.76 
-47.3 -2.95 1.76 
-47.3 -2.95 1.76 
-47.3 -2.95 1.76 
-47.3 -2.95 1.76 
-47.3 -2.95 1.76 
-47.3 -2.95 1.76 
-47.3 -2.95 1.76 
-47.3 -2.95 1.76 
-47.3 -2.95 1.76 
-47.3 -2.95 1.76 
-47.3 -2.95 1.76 
-47.3 -2.95 1.76 
-47.3 -2.95 1.76 
-47.3 -2.95 1.76 
-47.3 -2.95 1.76 
-47.3 -2.95 1.76 
-47.3 -2.95 1.76 
-47.3 -2.95 1.76 
-47.3 -2.95 1.76 
-47.3 -2.95 1.76 
-47.3 -2.95 1.76 
-47.3 -2.95 1.76 
-47.3 -2.95 1.76 
-47.3 -2.95 1.76 
-47.3 -2.95 1.76 
-47.3 -2.95 1.76 
-47.3 -2.95 1.76 
-47.3 -2.95 1.76 
-47.3 -2.95 1.76 
-47.3 -2.95 1.76 
-47.3 -2.95 1.76 
-47.3 -2.95 1.76 
-47.3 -2.95 1.76 
-47.3 -2.95 1.76 
-47.3 -2.95 1.76 
-47.3 -2.95 1.76 
-47.3 -2.95 1.76 
-47.3 -2.95 1.76 
-47.3 -2.95 1.76 
-47.3 -2.95 1.76 
-47.3 -2.95 1.76 
-47.3 -2.95 1.76 
-47.3 -2.95 1.76 
-47.3 -2.95 1.76 
-47.3 -2.95 1.76 
-47.3 -2.95 1.76 
-47.3 -2.95 1.76 
-47.3 -2.95 1.76 
-47.3 -2.95 1.76 
-47.3 -2.95 1.76 
-47.3 -2.95 1.76 
-47.3 -2.95 1.76 
-47.3 -2.95 1.76 
-47.3 -2.95 1.76 
-47.3 -2.95 1.76 
-47.3 -2.95 1.76 
-47.3 -2.95 1.76 
-47.3 -2.95 1.76 
-47.3 -2.95 1.76 
-47.3 -2.95 1.76 
-47.3 -2.95 1.76 
-47.3 -2.95 1.76 
-47.3 -2.95 1.76 
-47.3 -2.95 1.76 
-47.3 -2.95 1.76 
-47.3 -2.95 1.76 
-47.3 -2.95 1.76 
-47.3 -2.95 1.76 
-47.3 -2.95 1.76 
-47.3 -2.95 1.76 
-47.3 -2.95 1.76 
-47.3 -2.95 1.76 
-47.3 -2.95 1.76 
-47.3 -2.95 1.76 
-47.3 -2.95 1.76 
-47.3 -2.95 1.76 
-47.3 -2.95 1.76 
-47.3 -2.95 1.76 
-47.3 -2.95 1.76 
-47.3 -2.95 1.76 
-47.3 -2.95 1.76 
-47.3 -2.95 1.76 
-47.3 -2.95 1.76 
-47.3 -2.95 1.76 
-47.3 -2.95 1.76 
-47.3 -2.95 1.76 
-47.3 -2.95 1.76 
-47.3 -2.95 1.76 
-47.3 -2.95 1.76 
-47.3 -2.95 1.76 
-47.3 -2.95 1.76 
-47.3 -2.95 1.76 
-47.3 -2.95 1.76 
-47.3 -2.95 1.76 
-47.3 -2.95 1.76 
-47.3 -2.95 1.76 
-47.3 -2.95 1.76 
-47.3 -2.95 1.76 
-47.3 -2.95 1.76 
-47.3 -2.95 1.76 
-47.3 -2.95 1.76 
-47.3 -2.95 1.76 
-47.3 -2.95 1.76 
-47.3 -2.95 1.76 
-47.3 -2.95 1.76 
-47.3 -2.95 1.76 
-47.3 -2.95 1.76 
-47.3 -2.95 1.76 
-47.3 -2.95 1.76 
-47.3 -2.95 1.76 
-47.3 -2.95 1.76 
-47.3 -2.95 1.76 
-47.3 -2.95 1.76 
-47.3 -2.95 1.76 
-47.3 -2.95 1.76 
-47.3 -2.95 1.76 
-47.3 -2.95 1.76 
-47.3 -2.95 1.76 
-47.3 -2.95 1.76 
-47.3 -2.95 1.76 
-47.3 -2.95 1.76 
-47.3 -2.95 1.76 
-47.3 -2.95 1.76 
-47.3 -2.95 1.76 
-47.3 -2.95 1.76 
-47.3 -2.95 1.76 
-47.3 -2.95 1.76 
-47.3 -2.95 1.76 
-47.3 -2.95 1.76 
-47.3 -2.95 1.76 
-47.3 -2.95 1.76 
-47.3 -2.95 1.76 
-47.3 -2.95 1.76 
-47.3 -2.95 1.76 
-47.3 -2.95 1.76 
-47.3 -2.95 1.76 
-47.3 -2.95 1.76 
-47.3 -2.95 1.76 
-47.3 -2.95 1.76 
-47.3 -2.95 1.76 
-47.3 -2.95 1.76 
-47.3 -2.95 1.76 
-47.3 -2.95 1.76 
-47.3 -2.95 1.76 
-47.3 -2.95 1.76 
-47.3 -2.95 1.76 
-47.3 -2.95 1.76 
-47.3 -2.95 1.76 
-47.3 -2.95 1.76 
-47.3 -2.95 1.76 
-47.3 -2.95 1.76 
-47.3 -2.95 1.76 
-47.3 -2.95 1.76 
-47.3 -2.95 1.76 
-47.3 -2.95 1.76 
-47.3 -2.95 1.76 
-47.3 -2.95 1.76 
-47.3 -2.95 1.76 
-47.3 -2.95 1.76 
-47.3 -2.95 1.76 
-47.3 -2.95 1.76 
-47.3 -2.95 1.76 
-47.3 -2.95 1.76 
-47.3 -2.95 1.76 
-47.3 -2.95 1.76 
-47.3 -2.95 1.76 
-47.3 -2.95 1.76 
-47.3 -2.95 1.76 
-47.3 -2.95 1.76 
-47.3 -2.95 1.76 
-47.3 -2.95 1.76 
-47.3 -2.95 1.76 
-47.3 -2.95 1.76 
-47.3 -2.95 1.76 
-47.3 -2.95 1.76 
-47.3 -2.95 1.76 
-47.3 -2.95 1.76 
-47.3 -2.95 1.76 
-47.3 -2.95 1.76 
-47.3 -2.95 1.76 
-47.3 -2.95 1.76 
-47.3 -2.95 1.76 
-47.3 -2.95 1.76 
-47.3 -2.95 1.76 
-47.3 -2.95 1.76 
-47.3 -2.95 1.76 
-47.3 -2.95 1.76 
-47.3 -2.95 1.76 
