74.4 0.0531 -0.275 
74.3 -0.0243 -0.292 
74.4 0.0112 -0.25 
74.4 0.0293 -0.257 
74.3 0.0544 -0.246 
74.4 0.0908 -0.204 
74.4 0.142 -0.167 
74.4 0.237 -0.138 
74.3 0.261 -0.104 
74.3 0.34 -0.0751 
74.3 0.398 -0.0434 
74.3 0.435 0.000394 
74.3 0.533 0.033 
74.4 0.35 0.0842 
74.4 0.344 0.137 
74.3 0.622 0.148 
74.3 0.706 0.144 
74.2 0.783 0.133 
74.2 0.694 0.138 
74.2 0.847 0.139 
74.2 0.857 0.125 
74.1 0.76 0.123 
74.1 0.745 0.124 
74.1 0.714 0.114 
74.1 0.717 0.119 
74.1 0.704 0.12 
74.1 0.689 0.121 
74.1 0.688 0.116 
74.1 0.673 0.115 
74.1 0.642 0.116 
74.1 0.675 0.116 
74.1 0.679 0.119 
74.1 0.642 0.124 
74.1 0.688 0.12 
74.1 0.711 0.116 
74.1 0.677 0.12 
74.1 0.676 0.122 
74.1 0.678 0.124 
74.1 0.67 0.126 
74.1 0.693 0.132 
74.1 0.751 0.126 
74.1 0.75 0.127 
74.2 0.746 0.138 
74.2 0.771 0.138 
74.2 0.794 0.149 
74.2 0.794 0.15 
74.2 0.829 0.141 
74.2 0.824 0.136 
74.2 0.786 0.128 
74.2 0.715 0.126 
74.2 0.71 0.119 
74.2 0.672 0.114 
74.2 0.655 0.115 
74.2 0.625 0.115 
74.2 0.623 0.114 
74.2 0.598 0.112 
74.2 0.604 0.11 
74.2 0.57 0.112 
74.2 0.567 0.109 
74.2 0.558 0.108 
74.2 0.554 0.105 
74.2 0.506 0.0954 
74.2 0.511 0.0927 
74.2 0.512 0.0897 
74.2 0.524 0.0866 
74.2 0.498 0.0494 
74.1 0.508 0.0747 
74.1 0.519 0.0742 
74.1 0.516 0.075 
74.1 0.479 0.0645 
74.1 0.497 0.0676 
74.1 0.515 0.069 
74.1 0.516 0.069 
74.1 0.512 0.0628 
74.2 0.505 0.0654 
74.2 0.506 0.0651 
74.2 0.506 0.0648 
74.2 0.519 0.0624 
74.2 0.497 0.0569 
74.1 0.488 0.0502 
74.1 0.513 0.0414 
74.1 0.512 0.0398 
74.1 0.514 0.0381 
74.1 0.515 0.0346 
74.1 0.513 0.04 
74.1 0.493 0.0458 
74.1 0.504 0.0456 
74.1 0.517 0.0482 
74.1 0.48 0.0535 
74.1 0.483 0.0532 
74.1 0.47 0.0584 
74.2 0.453 0.0568 
74.2 0.46 0.0592 
74.2 0.456 0.0607 
74.2 0.461 0.0604 
74.2 0.461 0.0646 
74.2 0.463 0.0714 
74.2 0.523 0.0689 
74.2 0.488 0.0775 
74.2 0.49 0.0792 
74.2 0.508 0.0797 
74.2 0.508 0.0819 
74.2 0.501 0.0848 
74.2 0.506 0.0857 
74.3 0.485 0.0907 
74.3 0.493 0.0913 
74.3 0.491 0.0937 
74.2 0.501 0.0885 
74.2 0.492 0.0831 
74.2 0.476 0.0777 
74.2 0.472 0.0709 
74.2 0.462 0.0667 
74.2 0.468 0.0604 
74.2 0.444 0.0564 
74.2 0.441 0.0523 
74.2 0.437 0.0485 
74.2 0.449 0.0447 
74.2 0.465 0.0415 
74.2 0.486 0.0397 
74.2 0.506 0.0388 
74.2 0.518 0.0404 
74.2 0.52 0.0419 
74.2 0.547 0.0433 
74.2 0.551 0.0428 
74.2 0.57 0.0437 
74.2 0.564 0.0417 
74.2 0.563 0.0386 
74.2 0.569 0.0374 
74.2 0.573 0.0361 
74.2 0.553 0.0347 
74.2 0.563 0.0331 
74.2 0.563 0.0316 
74.2 0.559 0.032 
74.2 0.567 0.0295 
74.2 0.563 0.0299 
74.2 0.565 0.0318 
74.2 0.562 0.0316 
74.2 0.562 0.0315 
74.2 0.565 0.0315 
74.2 0.556 0.0324 
74.2 0.578 0.0304 
74.2 0.58 0.0319 
74.2 0.579 0.0322 
74.2 0.577 0.0333 
74.2 0.575 0.0333 
74.2 0.578 0.0335 
74.2 0.575 0.0328 
74.2 0.574 0.0324 
74.2 0.575 0.0325 
74.2 0.572 0.031 
74.2 0.574 0.0306 
74.2 0.586 0.0276 
74.2 0.584 0.0263 
74.2 0.584 0.0267 
74.2 0.584 0.0255 
74.3 0.586 0.0259 
74.3 0.57 0.0257 
74.3 0.567 0.0254 
74.3 0.557 0.0265 
74.3 0.561 0.0259 
74.3 0.563 0.0257 
74.3 0.56 0.0245 
74.4 0.562 0.0225 
74.4 0.56 0.0219 
74.4 0.56 0.0191 
74.4 0.56 0.0188 
74.4 0.561 0.0158 
74.4 0.56 0.0165 
74.4 0.56 0.0143 
74.4 0.561 0.0148 
74.4 0.562 0.0156 
74.4 0.562 0.0162 
74.4 0.563 0.0167 
74.4 0.563 0.0166 
74.4 0.559 0.0178 
74.5 0.558 0.018 
74.5 0.559 0.0186 
74.5 0.55 0.0199 
74.5 0.558 0.0205 
74.5 0.559 0.021 
74.5 0.557 0.0211 
74.5 0.567 0.0208 
74.5 0.563 0.0212 
74.6 0.573 0.0186 
74.6 0.559 0.0191 
74.6 0.557 0.0193 
74.6 0.557 0.0186 
74.6 0.556 0.0175 
74.6 0.553 0.0158 
74.6 0.546 0.0148 
74.6 0.545 0.0123 
74.6 0.545 0.0137 
74.6 0.547 0.0117 
74.6 0.546 0.0117 
74.6 0.547 0.00668 
74.7 0.546 0.00112 
74.7 0.543 -0.00293 
74.7 0.54 -0.006 
74.7 0.553 -0.00569 
74.7 0.535 -0.0076 
74.7 0.515 -0.00573 
74.7 0.511 -0.0059 
74.7 0.501 -0.00636 
74.7 0.496 -0.00832 
74.7 0.493 -0.00818 
74.7 0.491 -0.00737 
74.7 0.486 -0.00546 
74.7 0.485 -0.0052 
74.8 0.457 -0.000771 
74.7 0.44 0.0077 
74.8 0.427 0.00567 
74.8 0.427 0.00618 
74.8 0.424 0.00672 
74.8 0.423 0.00712 
74.8 0.42 0.00685 
74.8 0.42 0.00757 
74.8 0.412 0.00781 
74.8 0.415 0.0082 
74.8 0.413 0.00832 
74.8 0.413 0.00907 
74.8 0.42 0.0104 
74.8 0.42 0.0111 
74.8 0.419 0.014 
74.8 0.421 0.0147 
74.8 0.425 0.0176 
74.8 0.423 0.0174 
74.8 0.425 0.0177 
74.8 0.432 0.0191 
74.8 0.431 0.0188 
74.8 0.434 0.0184 
74.8 0.429 0.019 
74.8 0.429 0.0189 
74.8 0.43 0.0204 
74.8 0.433 0.02 
74.8 0.432 0.0197 
74.8 0.434 0.0191 
74.8 0.434 0.0182 
74.8 0.432 0.0171 
74.8 0.434 0.0172 
74.8 0.426 0.017 
74.8 0.427 0.0169 
74.8 0.433 0.0159 
74.8 0.438 0.0157 
74.8 0.437 0.0151 
74.8 0.436 0.0135 
74.8 0.43 0.0141 
74.8 0.429 0.0158 
74.8 0.426 0.0163 
74.8 0.426 0.0158 
74.8 0.426 0.0133 
74.8 0.42 0.0128 
74.8 0.411 0.013 
74.8 0.406 0.0123 
74.8 0.393 0.0114 
74.8 0.388 0.0116 
74.8 0.382 0.0109 
74.8 0.369 0.0115 
74.8 0.353 0.0132 
74.8 0.334 0.0157 
74.8 0.323 0.0183 
74.8 0.306 0.0214 
74.8 0.288 0.0251 
74.8 0.277 0.0281 
74.7 0.27 0.0317 
74.7 0.266 0.0347 
74.7 0.258 0.0369 
74.7 0.261 0.0379 
74.7 0.258 0.0394 
74.7 0.258 0.0404 
74.7 0.255 0.0431 
74.7 0.257 0.0438 
74.7 0.256 0.0452 
74.7 0.255 0.0479 
74.7 0.251 0.0483 
74.7 0.248 0.0508 
74.7 0.248 0.0517 
74.7 0.244 0.0544 
74.7 0.243 0.0537 
74.7 0.241 0.0572 
74.7 0.241 0.0572 
74.7 0.239 0.0618 
74.7 0.234 0.0655 
74.7 0.231 0.07 
74.7 0.229 0.0738 
74.7 0.228 0.0776 
74.7 0.23 0.0815 
74.7 0.231 0.0866 
74.7 0.237 0.0926 
74.7 0.233 0.0956 
74.7 0.235 0.1 
74.7 0.233 0.106 
74.7 0.233 0.114 
74.7 0.235 0.122 
74.7 0.237 0.13 
74.7 0.239 0.137 
74.7 0.24 0.143 
74.6 0.239 0.149 
74.7 0.237 0.156 
74.7 0.236 0.16 
74.6 0.235 0.165 
74.6 0.234 0.167 
74.6 0.235 0.169 
74.6 0.236 0.169 
74.6 0.236 0.17 
74.6 0.237 0.17 
74.6 0.238 0.173 
74.6 0.237 0.171 
74.6 0.237 0.172 
74.6 0.237 0.173 
74.6 0.235 0.174 
74.6 0.234 0.175 
74.6 0.233 0.174 
74.6 0.231 0.176 
74.7 0.23 0.178 
74.7 0.229 0.181 
74.7 0.229 0.184 
74.7 0.228 0.186 
74.7 0.227 0.192 
74.7 0.227 0.191 
74.7 0.226 0.198 
74.7 0.225 0.199 
74.7 0.225 0.204 
74.7 0.225 0.204 
74.7 0.225 0.209 
74.7 0.224 0.211 
74.7 0.222 0.216 
74.7 0.219 0.22 
74.7 0.218 0.221 
74.8 0.214 0.224 
74.8 0.213 0.223 
74.8 0.231 0.226 
74.8 0.204 0.228 
74.8 0.201 0.232 
74.8 0.225 0.231 
74.8 0.198 0.232 
74.8 0.196 0.233 
74.8 0.194 0.232 
74.8 0.19 0.232 
74.9 0.188 0.232 
74.9 0.185 0.23 
74.9 0.185 0.228 
74.9 0.181 0.225 
74.9 0.18 0.225 
74.9 0.177 0.222 
74.9 0.178 0.222 
74.9 0.176 0.219 
74.9 0.175 0.22 
74.9 0.174 0.216 
74.9 0.174 0.217 
74.9 0.175 0.214 
74.9 0.177 0.214 
74.9 0.177 0.211 
74.9 0.177 0.21 
74.9 0.176 0.207 
75 0.177 0.207 
75 0.176 0.204 
75 0.175 0.202 
75 0.175 0.202 
75 0.174 0.201 
75 0.17 0.201 
75 0.168 0.202 
75 0.166 0.202 
75 0.164 0.203 
75 0.163 0.204 
75 0.162 0.204 
75 0.162 0.203 
75 0.163 0.203 
75 0.163 0.202 
75 0.164 0.2 
75 0.165 0.199 
75 0.166 0.199 
75 0.167 0.199 
75 0.166 0.199 
75 0.167 0.198 
75 0.165 0.198 
75 0.163 0.199 
75 0.161 0.199 
75 0.159 0.2 
75 0.157 0.201 
75 0.153 0.203 
75 0.151 0.204 
75 0.151 0.204 
75 0.15 0.206 
75 0.151 0.208 
75 0.153 0.208 
75 0.155 0.207 
75 0.157 0.208 
75 0.159 0.207 
75 0.158 0.207 
75 0.159 0.206 
75 0.158 0.206 
75 0.158 0.204 
75 0.158 0.203 
75 0.156 0.201 
75 0.155 0.2 
75 0.153 0.198 
75 0.153 0.198 
75 0.152 0.195 
75.1 0.151 0.193 
75.1 0.151 0.192 
75.1 0.15 0.191 
75.1 0.151 0.189 
75.1 0.152 0.187 
75.1 0.152 0.183 
75.1 0.151 0.181 
75.1 0.151 0.182 
75.1 0.15 0.182 
75.1 0.15 0.183 
75.1 0.149 0.185 
75.1 0.149 0.186 
75.1 0.149 0.188 
75.1 0.148 0.189 
75.1 0.148 0.192 
75.1 0.147 0.194 
75.1 0.145 0.197 
75.1 0.142 0.2 
75.1 0.14 0.201 
75.1 0.137 0.203 
75.1 0.137 0.203 
75.1 0.135 0.205 
75.1 0.134 0.205 
75.1 0.133 0.205 
75.1 0.132 0.207 
75.1 0.131 0.207 
75.1 0.131 0.206 
75.1 0.129 0.207 
75.1 0.128 0.207 
75.1 0.127 0.206 
75.1 0.126 0.206 
75.1 0.126 0.206 
75.1 0.123 0.206 
75.1 0.123 0.206 
75.1 0.123 0.206 
75.1 0.122 0.206 
75.1 0.12 0.205 
75.1 0.12 0.205 
75.1 0.119 0.206 
75.1 0.118 0.206 
75.1 0.117 0.207 
75.2 0.116 0.207 
75.2 0.116 0.207 
75.2 0.115 0.207 
75.2 0.113 0.207 
75.2 0.112 0.206 
75.2 0.111 0.206 
75.2 0.11 0.206 
75.2 0.119 0.2 
75.2 0.109 0.206 
75.2 0.108 0.206 
75.2 0.109 0.206 
75.2 0.107 0.207 
75.2 0.107 0.207 
75.2 0.108 0.208 
75.2 0.108 0.208 
75.2 0.108 0.209 
75.2 0.108 0.209 
75.2 0.109 0.208 
75.2 0.108 0.207 
75.2 0.106 0.206 
75.2 0.104 0.207 
75.2 0.103 0.207 
75.2 0.102 0.207 
75.2 0.101 0.207 
75.2 0.101 0.206 
75.2 0.102 0.205 
75.2 0.102 0.204 
75.2 0.101 0.204 
75.2 0.0992 0.205 
75.2 0.0973 0.204 
75.2 0.0954 0.204 
75.2 0.0939 0.204 
75.2 0.0915 0.204 
75.2 0.0895 0.203 
75.2 0.0887 0.204 
75.2 0.0857 0.204 
75.2 0.0831 0.204 
75.2 0.0815 0.204 
75.2 0.0796 0.204 
75.2 0.0767 0.207 
75.2 0.075 0.207 
75.2 0.0676 0.215 
75.2 0.0707 0.21 
75.2 0.065 0.214 
75.2 0.0685 0.212 
75.2 0.0749 0.201 
75.2 0.0736 0.202 
75.2 0.0723 0.202 
75.2 0.0707 0.203 
75.2 0.0679 0.205 
75.2 0.065 0.206 
75.2 0.0626 0.207 
75.2 0.0604 0.209 
75.2 0.0597 0.21 
75.2 0.0597 0.21 
75.2 0.0599 0.209 
75.2 0.0594 0.21 
75.2 0.0436 0.212 
75.2 0.0498 0.212 
75.2 0.0605 0.211 
75.2 0.0594 0.21 
75.2 0.0581 0.21 
75.2 0.058 0.21 
75.2 0.0582 0.209 
75.2 0.0584 0.209 
75.2 0.0592 0.209 
75.2 0.0594 0.209 
75.2 0.0606 0.208 
75.2 0.0595 0.208 
75.2 0.0585 0.208 
75.2 0.0581 0.208 
75.2 0.0572 0.208 
75.2 0.0566 0.207 
75.2 0.057 0.207 
75.2 0.0569 0.206 
75.2 0.0569 0.204 
75.2 0.0562 0.205 
75.2 0.0541 0.204 
75.2 0.054 0.198 
75.2 0.05 0.204 
75.2 0.0504 0.196 
75.2 0.0516 0.188 
75.2 0.0446 0.202 
75.2 0.0429 0.201 
75.2 0.0411 0.201 
75.2 0.0397 0.2 
75.2 0.0379 0.198 
75.2 0.0351 0.198 
75.2 0.0341 0.197 
75.2 0.0336 0.195 
75.2 0.0336 0.193 
75.2 0.0316 0.193 
75.2 0.0315 0.192 
75.2 0.0315 0.192 
75.2 0.0311 0.191 
75.2 0.0302 0.191 
75.2 0.0285 0.191 
75.2 0.0277 0.192 
75.2 0.0267 0.191 
75.2 0.026 0.191 
75.2 0.0246 0.191 
75.2 0.0231 0.192 
75.2 0.0223 0.193 
75.2 0.0221 0.194 
75.1 0.0216 0.193 
75.1 0.021 0.193 
75.1 0.0195 0.191 
75.1 0.0194 0.191 
75.2 0.00485 0.19 
75.1 0.0173 0.189 
75.1 0.0159 0.188 
75.1 0.016 0.188 
75.2 0.016 0.187 
75.1 0.0165 0.187 
75.1 0.0172 0.186 
75.1 0.017 0.185 
75.1 0.0173 0.185 
75.1 0.0181 0.186 
75.1 0.0179 0.186 
75.1 0.0182 0.185 
75.1 0.0174 0.185 
75.1 0.0185 0.184 
75.1 0.0178 0.184 
75.1 0.0171 0.184 
75.1 0.0172 0.184 
75.1 0.0162 0.184 
75.1 0.0153 0.185 
75.1 0.0142 0.185 
75.1 0.0124 0.184 
75.2 0.0117 0.183 
75.2 0.0116 0.183 
75.2 0.0106 0.183 
75.2 0.0101 0.184 
75.2 0.00852 0.184 
75.2 0.00832 0.184 
75.2 0.00721 0.184 
75.2 0.00678 0.185 
75.2 0.0059 0.186 
75.2 0.00492 0.186 
75.2 0.00303 0.187 
75.2 0.00287 0.187 
75.2 0.000567 0.186 
75.2 0.000114 0.187 
75.2 -0.00223 0.186 
75.2 -0.00211 0.186 
75.2 0.0121 0.173 
75.2 -0.0057 0.185 
75.2 -0.00561 0.185 
75.3 0.0115 0.171 
75.2 -0.00746 0.183 
75.2 -0.00704 0.183 
75.3 0.01 0.167 
75.2 -0.00927 0.182 
75.2 -0.00973 0.182 
75.3 -0.00872 0.174 
75.2 -0.0108 0.183 
75.2 -0.0109 0.183 
75.3 -0.0103 0.175 
75.2 -0.0119 0.183 
75.3 -0.0257 0.172 
75.2 -0.0135 0.183 
75.3 -0.0145 0.182 
75.3 -0.0143 0.181 
75.3 -0.0151 0.181 
75.3 -0.0157 0.181 
75.3 -0.0159 0.179 
75.3 -0.0164 0.178 
75.3 -0.0166 0.177 
75.3 -0.0168 0.176 
75.3 -0.0182 0.175 
75.3 -0.0185 0.174 
75.3 -0.0192 0.174 
75.3 -0.0195 0.174 
75.3 -0.0195 0.173 
75.3 -0.021 0.173 
75.3 -0.021 0.173 
75.3 -0.0211 0.172 
75.3 -0.0224 0.172 
75.3 -0.0224 0.172 
75.3 -0.023 0.172 
75.3 -0.0239 0.172 
75.3 -0.0242 0.173 
75.3 -0.025 0.173 
75.3 -0.0265 0.173 
75.3 -0.0264 0.173 
75.3 -0.0268 0.173 
75.3 -0.0282 0.173 
75.3 -0.0277 0.173 
75.3 -0.0279 0.174 
75.3 -0.0261 0.175 
75.3 -0.0259 0.175 
75.3 -0.0258 0.175 
75.3 -0.0257 0.175 
75.3 -0.0259 0.175 
75.3 -0.0264 0.174 
75.3 -0.0269 0.174 
75.3 -0.0279 0.174 
75.3 -0.0261 0.174 
75.3 -0.0243 0.175 
75.3 -0.0243 0.175 
75.3 -0.0245 0.175 
75.3 -0.0244 0.174 
75.3 -0.0245 0.174 
75.3 -0.0244 0.175 
75.3 -0.0242 0.174 
75.3 -0.0244 0.174 
75.3 -0.024 0.174 
75.3 -0.0239 0.173 
75.3 -0.0238 0.173 
75.3 -0.0237 0.173 
75.3 -0.0238 0.173 
75.3 -0.0237 0.172 
75.3 -0.0238 0.172 
75.3 -0.0237 0.172 
75.3 -0.0236 0.172 
75.3 -0.0233 0.172 
75.3 -0.0233 0.172 
75.4 -0.0226 0.172 
75.4 -0.0226 0.172 
75.4 -0.022 0.172 
75.4 -0.0223 0.172 
75.4 -0.0219 0.172 
75.4 -0.022 0.172 
75.4 -0.0219 0.172 
75.4 -0.0221 0.172 
75.4 -0.0222 0.172 
75.4 -0.0226 0.172 
75.4 -0.0222 0.171 
75.4 -0.0225 0.171 
75.4 -0.0225 0.171 
75.4 -0.0227 0.171 
75.4 -0.0225 0.171 
75.4 -0.0227 0.171 
75.4 -0.0226 0.171 
75.4 -0.0231 0.171 
75.4 -0.0231 0.172 
75.4 -0.0231 0.172 
75.4 -0.0231 0.172 
75.5 -0.0229 0.172 
75.5 -0.0226 0.173 
75.5 -0.0223 0.173 
75.5 -0.0222 0.173 
75.5 -0.0222 0.173 
75.5 -0.0223 0.173 
75.5 -0.0223 0.173 
75.5 -0.0222 0.173 
75.5 -0.0222 0.173 
75.5 -0.0223 0.173 
75.5 -0.0224 0.172 
75.5 -0.0225 0.172 
75.5 -0.0225 0.172 
75.5 -0.0226 0.172 
75.5 -0.0226 0.172 
75.5 -0.0226 0.172 
75.5 -0.0225 0.172 
75.5 -0.0225 0.172 
75.6 -0.0225 0.172 
75.6 -0.0224 0.172 
75.6 -0.0222 0.172 
75.6 -0.0221 0.172 
75.6 -0.0226 0.173 
75.6 -0.0217 0.172 
75.6 -0.0217 0.172 
75.6 -0.0216 0.172 
75.6 -0.0216 0.172 
75.6 -0.0217 0.172 
75.6 -0.0233 0.175 
75.6 -0.0212 0.172 
75.6 -0.0214 0.171 
75.6 -0.0215 0.171 
75.6 -0.0215 0.171 
75.6 -0.0195 0.169 
75.6 -0.021 0.171 
75.6 -0.021 0.146 
75.6 -0.0213 0.171 
75.6 -0.0211 0.171 
75.6 -0.0198 0.171 
75.6 -0.0196 0.171 
75.6 -0.0195 0.171 
75.6 -0.019 0.17 
75.6 -0.0189 0.17 
75.6 -0.0188 0.17 
75.6 -0.0177 0.169 
75.6 -0.0177 0.17 
75.6 -0.0177 0.17 
75.6 -0.0177 0.17 
75.6 -0.0166 0.168 
75.6 -0.0176 0.176 
75.6 -0.0166 0.17 
75.6 -0.0166 0.17 
75.6 -0.0155 0.169 
75.6 -0.0156 0.169 
75.6 -0.00946 0.205 
75.6 -0.0147 0.169 
75.6 -0.0162 0.169 
75.6 -0.016 0.169 
75.6 -0.016 0.17 
75.6 -0.0161 0.169 
75.6 -0.0139 0.165 
75.6 -0.0157 0.168 
75.6 -0.0154 0.168 
75.6 -0.0162 0.169 
75.6 -0.0163 0.169 
75.6 -0.0159 0.169 
75.6 -0.0161 0.169 
75.6 -0.0161 0.169 
75.6 -0.0161 0.169 
75.6 -0.016 0.169 
75.6 -0.0175 0.171 
75.6 -0.0166 0.17 
75.6 -0.0167 0.17 
75.6 -0.0168 0.17 
75.7 -0.0167 0.17 
75.7 -0.0167 0.17 
75.7 -0.0173 0.171 
75.7 -0.0186 0.17 
75.7 -0.0179 0.171 
75.7 -0.0179 0.172 
75.7 -0.0181 0.171 
75.7 -0.0182 0.171 
75.7 -0.0188 0.171 
75.7 -0.0188 0.171 
75.8 -0.0193 0.172 
75.8 -0.0191 0.172 
75.8 -0.0191 0.172 
75.8 -0.0199 0.174 
75.8 -0.0186 0.173 
75.8 -0.0188 0.173 
75.8 -0.0189 0.173 
75.8 -0.019 0.173 
75.8 -0.0178 0.171 
75.8 -0.0181 0.171 
75.8 -0.0183 0.171 
75.8 -0.0184 0.172 
75.8 -0.0183 0.171 
75.8 -0.0182 0.171 
75.8 -0.0183 0.171 
75.8 -0.0185 0.171 
75.8 -0.0187 0.171 
75.8 -0.0185 0.171 
75.9 -0.0183 0.172 
75.9 -0.0182 0.171 
75.9 -0.018 0.172 
75.9 -0.0183 0.172 
75.9 -0.0186 0.172 
75.9 -0.0185 0.172 
75.9 -0.0184 0.172 
75.9 -0.0185 0.172 
75.9 -0.0186 0.172 
75.9 -0.0184 0.172 
75.9 -0.0184 0.172 
75.9 -0.0183 0.172 
75.9 -0.0184 0.172 
75.9 -0.0184 0.172 
75.9 -0.0179 0.172 
75.9 -0.0179 0.172 
75.9 -0.0178 0.173 
75.9 -0.018 0.173 
75.9 -0.0181 0.173 
75.9 -0.0181 0.173 
75.9 -0.0178 0.173 
75.9 -0.0178 0.173 
75.9 -0.0168 0.173 
75.9 -0.0171 0.173 
75.9 -0.0146 0.17 
75.9 -0.0146 0.169 
75.9 -0.015 0.169 
75.9 -0.0158 0.17 
76 -0.0146 0.168 
76 -0.0146 0.168 
76 -0.0142 0.167 
76 -0.0141 0.167 
76 -0.0136 0.166 
76 -0.0137 0.166 
76 -0.0139 0.166 
76 -0.0143 0.167 
76 -0.0145 0.165 
76 -0.0149 0.165 
76 -0.0153 0.165 
76 -0.0156 0.165 
76 -0.0154 0.166 
76 -0.0155 0.168 
76 -0.0156 0.168 
76 -0.0149 0.167 
76 -0.0151 0.167 
76 -0.0151 0.167 
76 -0.0141 0.167 
76 -0.0138 0.167 
76 -0.0136 0.166 
76 -0.0137 0.166 
76 -0.0139 0.166 
76 -0.0135 0.166 
76 -0.0117 0.162 
76 -0.0129 0.164 
76 -0.0129 0.164 
76 -0.0125 0.165 
76 -0.0123 0.165 
76 -0.0125 0.165 
76 -0.0124 0.165 
76 -0.0128 0.166 
76 -0.0128 0.166 
76 -0.0126 0.166 
76 -0.0138 0.168 
76 -0.0143 0.168 
76 -0.0145 0.168 
76 -0.0144 0.169 
76 -0.0145 0.17 
76 -0.0162 0.173 
76 -0.0152 0.172 
76 -0.0151 0.172 
76 -0.0141 0.169 
76 -0.0147 0.17 
76 -0.0127 0.169 
76 -0.0122 0.169 
76.1 -0.0122 0.17 
76.1 -0.0121 0.17 
76.1 -0.0118 0.17 
76.1 -0.0102 0.169 
76.1 -0.0107 0.168 
76 -0.0106 0.168 
76 -0.00931 0.168 
76 -0.0105 0.168 
76 -0.0102 0.168 
76 -0.0103 0.17 
76 -0.0109 0.17 
76 -0.00978 0.17 
76 -0.01 0.17 
76 -0.00956 0.17 
76 -0.00929 0.169 
76 -0.00918 0.17 
76 -0.00879 0.17 
76.1 -0.00769 0.172 
76.1 -0.00765 0.171 
76.1 -0.0075 0.171 
76.1 -0.00841 0.172 
76.1 -0.00873 0.172 
76.1 -0.0088 0.172 
76.1 -0.00898 0.172 
76.1 -0.0092 0.172 
76.1 -0.009 0.173 
76.1 -0.00905 0.172 
76.1 -0.00965 0.173 
76.1 -0.00951 0.173 
76.1 -0.0103 0.174 
76.1 -0.0104 0.174 
76.1 -0.0109 0.175 
76.1 -0.0111 0.175 
76.1 -0.011 0.176 
76.1 -0.0114 0.176 
76.1 -0.0111 0.178 
76.1 -0.0114 0.179 
76.2 -0.00873 0.175 
76.2 -0.00782 0.176 
76.2 -0.00747 0.178 
76.2 -0.00701 0.179 
76.2 -0.00528 0.177 
76.2 -0.00427 0.18 
76.3 -0.00256 0.18 
76.3 -0.00258 0.182 
76.3 -0.00187 0.182 
76.3 -0.00257 0.182 
76.3 -0.00335 0.183 
76.3 -0.00262 0.183 
76.3 -0.00216 0.184 
76.3 -0.00271 0.185 
76.3 -0.00302 0.186 
76.3 -0.00365 0.187 
76.4 -0.00451 0.188 
76.4 -0.00557 0.188 
76.4 -0.00613 0.189 
76.4 -0.00682 0.19 
76.4 -0.00717 0.19 
76.4 -0.00721 0.192 
76.4 -0.00706 0.192 
76.4 -0.00667 0.193 
76.4 -0.00677 0.194 
76.4 -0.00668 0.196 
76.4 0.0186 0.195 
76.4 0.0137 0.195 
76.4 -0.00425 0.198 
76.4 -0.00388 0.199 
76.4 -0.00417 0.2 
76.4 -0.00409 0.2 
76.4 0.0262 0.199 
76.4 -0.00487 0.2 
76.4 -0.00537 0.203 
76.4 -0.00522 0.203 
76.4 -0.00501 0.204 
76.4 -0.00504 0.204 
76.4 -0.005 0.205 
76.4 -0.00475 0.205 
76.4 -0.00392 0.204 
76.4 -0.00327 0.204 
76.4 -0.00239 0.204 
76.4 -0.00149 0.203 
76.4 -0.000968 0.204 
76.4 9.08e-05 0.204 
76.4 0.00151 0.203 
76.4 0.0032 0.204 
76.4 0.00432 0.204 
76.4 0.00379 0.205 
76.4 0.00508 0.205 
76.4 0.00492 0.205 
76.5 0.00613 0.204 
76.4 0.00656 0.203 
76.4 0.00762 0.204 
76.5 0.00764 0.204 
76.5 0.00835 0.205 
76.5 0.00837 0.204 
76.5 0.0085 0.205 
76.5 0.00888 0.205 
76.5 0.00904 0.205 
76.5 0.00907 0.205 
76.5 0.00907 0.206 
76.5 0.00959 0.206 
76.5 0.01 0.206 
76.5 0.00996 0.205 
76.4 0.0112 0.204 
76.4 0.0118 0.204 
76.4 0.0132 0.203 
76.4 0.0133 0.203 
76.4 0.0138 0.204 
76.4 0.0136 0.204 
76.4 0.0138 0.204 
76.4 0.0141 0.204 
76.4 0.0145 0.204 
76.4 0.0147 0.204 
76.4 0.0148 0.204 
76.5 0.0441 0.209 
76.4 0.015 0.203 
76.4 0.0152 0.204 
76.4 0.0156 0.204 
76.4 0.0157 0.204 
76.4 0.0157 0.204 
76.4 0.0155 0.204 
76.4 0.0155 0.204 
76.4 0.0154 0.204 
76.4 0.0147 0.205 
76.4 0.0145 0.206 
76.4 0.0148 0.206 
76.4 0.0146 0.206 
76.4 0.0144 0.207 
76.4 0.0143 0.207 
76.4 0.0136 0.208 
76.4 0.0136 0.208 
76.4 0.013 0.209 
76.4 0.0128 0.208 
76.4 0.0125 0.211 
76.4 0.0128 0.211 
76.4 0.0125 0.211 
76.4 0.0122 0.211 
76.4 0.0122 0.213 
76.5 0.0125 0.213 
76.5 0.0121 0.216 
76.5 0.0125 0.217 
76.5 0.0135 0.219 
76.5 0.015 0.218 
76.5 0.0165 0.217 
76.5 0.0173 0.218 
76.5 0.018 0.218 
76.5 0.0187 0.218 
76.5 0.0187 0.218 
76.6 0.0183 0.218 
76.6 0.0188 0.218 
76.6 0.0189 0.218 
76.6 0.0194 0.218 
76.6 0.02 0.219 
76.6 0.0205 0.219 
76.6 0.0202 0.22 
76.6 0.02 0.221 
76.6 0.0204 0.221 
76.6 0.0206 0.222 
76.6 0.0206 0.222 
76.6 0.022 0.222 
76.6 0.0236 0.223 
76.6 0.0243 0.223 
76.7 0.0255 0.223 
76.7 0.026 0.224 
76.7 0.0255 0.225 
76.7 0.0272 0.224 
76.7 0.0269 0.224 
76.7 0.0264 0.225 
76.7 0.0255 0.225 
76.7 0.025 0.226 
76.7 0.0244 0.226 
76.7 0.0243 0.226 
76.8 0.0248 0.225 
76.8 0.0245 0.226 
76.8 0.0234 0.226 
76.8 0.0216 0.227 
76.8 0.0201 0.228 
76.8 0.0184 0.229 
76.8 0.0166 0.23 
76.8 0.015 0.231 
76.8 0.014 0.232 
76.8 0.0129 0.234 
76.8 0.0124 0.234 
76.8 0.012 0.235 
76.8 0.0116 0.235 
76.8 0.0107 0.235 
76.7 0.00996 0.235 
76.8 0.00959 0.233 
76.8 0.00942 0.232 
76.8 0.00958 0.23 
76.8 0.00972 0.228 
76.9 0.00945 0.226 
76.9 0.00978 0.224 
77 -0.0979 0.191 
76.9 -0.000395 0.215 
76.9 0.00643 0.222 
76.9 0.00595 0.221 
76.9 0.00535 0.221 
76.9 0.00555 0.221 
76.9 0.00568 0.22 
76.9 0.00608 0.22 
76.9 0.00651 0.219 
76.9 0.00622 0.218 
76.9 0.00598 0.217 
76.9 0.00557 0.218 
76.9 0.00522 0.217 
76.9 0.00559 0.217 
76.9 0.00503 0.216 
76.9 0.00496 0.216 
76.9 0.0043 0.216 
77 0.0034 0.215 
77 0.00345 0.214 
77 0.00287 0.214 
77 0.00219 0.212 
77 0.000586 0.213 
77 0.00048 0.213 
77 -0.000317 0.212 
77 -0.000226 0.212 
77 -0.00108 0.211 
77 -0.00104 0.211 
77 -0.00177 0.21 
77 -0.00204 0.21 
77 -0.00369 0.21 
77 -0.00406 0.21 
77 -0.00448 0.21 
77 -0.0064 0.21 
77 -0.00676 0.211 
77 -0.00745 0.211 
77 -0.00927 0.211 
77 -0.00961 0.211 
77 -0.0105 0.211 
77 -0.0112 0.212 
77 -0.0136 0.212 
77 -0.0139 0.213 
77 -0.0143 0.213 
77 -0.0167 0.213 
77 -0.0163 0.213 
77 -0.0167 0.214 
77 -0.0172 0.214 
77 -0.0195 0.215 
77 -0.0196 0.215 
77 -0.0201 0.215 
77 -0.0203 0.216 
77 -0.021 0.215 
77 -0.0207 0.215 
77 -0.0208 0.215 
77 -0.021 0.214 
77 -0.0211 0.214 
77 -0.0209 0.214 
77 -0.0209 0.214 
77 -0.0211 0.215 
77 -0.0211 0.215 
77 -0.0211 0.214 
77 -0.0207 0.214 
77 -0.0204 0.214 
77 -0.0197 0.212 
77 -0.0196 0.213 
77 -0.0191 0.212 
77 -0.0191 0.213 
77 -0.0194 0.212 
77 -0.0195 0.213 
76.9 -0.0195 0.212 
76.9 -0.0194 0.212 
76.9 -0.0195 0.211 
76.9 -0.0195 0.211 
76.9 -0.0201 0.211 
76.9 -0.0206 0.211 
76.9 -0.0204 0.211 
76.9 -0.0212 0.211 
76.9 -0.0211 0.212 
76.9 -0.0214 0.212 
77 -0.0223 0.213 
77 -0.0233 0.212 
77 -0.0235 0.213 
77 -0.0239 0.214 
77 -0.0244 0.214 
77 -0.0248 0.215 
77 -0.0255 0.216 
77 -0.0265 0.217 
77 -0.0278 0.217 
77 -0.0288 0.218 
77 -0.0299 0.218 
77 -0.0306 0.218 
77 -0.0311 0.217 
77 -0.0357 0.218 
77 -0.0369 0.219 
77 -0.0333 0.217 
77 -0.0454 0.197 
77 -0.0525 0.199 
77 -0.036 0.217 
77 -0.0641 0.201 
77 -0.037 0.216 
77.1 -0.0646 0.202 
77.1 -0.0512 0.209 
77.1 -0.0536 0.212 
77.1 -0.0545 0.212 
77.1 -0.0347 0.213 
77.1 -0.0335 0.212 
77.1 -0.0344 0.213 
77.1 -0.0341 0.213 
77.1 -0.0344 0.213 
77.1 -0.0344 0.213 
77.1 -0.0349 0.213 
77.1 -0.0354 0.213 
77.1 -0.0352 0.214 
77.1 -0.0348 0.213 
77.1 -0.0341 0.213 
77.1 -0.0334 0.213 
77.2 -0.0326 0.214 
77.2 -0.0319 0.213 
77.2 -0.031 0.213 
77.2 -0.0303 0.213 
77.2 -0.0294 0.213 
77.2 -0.0286 0.213 
77.2 -0.0288 0.213 
77.2 -0.0271 0.213 
77.2 -0.0277 0.213 
77.2 -0.0283 0.213 
77.2 -0.0285 0.213 
77.2 -0.029 0.213 
77.1 -0.0296 0.212 
77.1 -0.0298 0.212 
77.2 -0.0299 0.21 
77.2 -0.0309 0.212 
77.1 -0.0321 0.211 
77.1 -0.0317 0.211 
77.2 -0.0316 0.21 
77.2 -0.0318 0.21 
77.2 -0.0321 0.21 
77.2 -0.032 0.21 
77.2 -0.0328 0.21 
77.1 -0.0327 0.21 
77.2 -0.033 0.209 
77.2 -0.0329 0.209 
77.2 -0.0335 0.209 
77.2 -0.0336 0.209 
77.1 -0.0339 0.21 
77.1 -0.0338 0.21 
77.1 -0.0342 0.21 
77.1 -0.0342 0.21 
77.1 -0.0344 0.211 
77.2 -0.0346 0.211 
77.1 -0.0352 0.212 
77.1 -0.0351 0.212 
77.1 -0.0354 0.212 
77.1 -0.0355 0.212 
77.1 -0.0354 0.212 
77.1 -0.0353 0.211 
77.1 -0.0354 0.212 
77.1 -0.0355 0.211 
77.1 -0.0357 0.211 
77.2 -0.0356 0.211 
77.2 -0.0357 0.211 
77.2 -0.0356 0.21 
77.2 -0.0357 0.21 
77.2 -0.0356 0.21 
77.2 -0.0355 0.21 
77.2 -0.0353 0.209 
77.2 -0.0355 0.209 
77.2 -0.0357 0.209 
77.2 -0.0357 0.209 
77.2 -0.0357 0.209 
77.2 -0.0356 0.209 
77.2 -0.036 0.209 
77.2 -0.036 0.21 
77.2 -0.036 0.21 
77.2 -0.0361 0.21 
77.2 -0.0363 0.21 
77.2 -0.0362 0.21 
77.2 -0.0362 0.21 
77.2 -0.0365 0.21 
77.2 -0.0365 0.211 
77.2 -0.0366 0.211 
77.2 -0.0366 0.211 
77.2 -0.0366 0.21 
77.3 -0.0362 0.21 
77.3 -0.0362 0.21 
77.3 -0.0361 0.21 
77.3 -0.0363 0.21 
77.3 -0.0357 0.209 
77.3 -0.0358 0.209 
77.3 -0.0355 0.207 
77.3 -0.0362 0.208 
77.3 -0.0361 0.208 
77.3 -0.0361 0.208 
77.3 -0.0365 0.208 
77.3 -0.0362 0.208 
77.3 -0.0362 0.208 
77.3 -0.0361 0.208 
77.3 -0.036 0.208 
77.3 -0.0359 0.208 
77.3 -0.0361 0.207 
77.3 -0.0362 0.207 
77.3 -0.0363 0.207 
77.3 -0.0363 0.207 
77.3 -0.0365 0.208 
77.3 -0.0368 0.208 
77.3 -0.0371 0.208 
77.3 -0.0373 0.208 
77.3 -0.0374 0.208 
77.3 -0.0374 0.208 
77.3 -0.0379 0.208 
77.3 -0.0381 0.208 
77.3 -0.0383 0.208 
77.3 -0.0386 0.208 
77.3 -0.0385 0.208 
77.3 -0.0387 0.208 
77.3 -0.039 0.208 
77.3 -0.039 0.208 
77.3 -0.0393 0.208 
77.3 -0.0395 0.208 
77.4 -0.0399 0.208 
77.3 -0.0399 0.208 
77.3 -0.0398 0.208 
77.3 -0.04 0.209 
77.3 -0.0399 0.208 
77.3 -0.0401 0.209 
77.3 -0.0396 0.209 
77.3 -0.0397 0.209 
77.3 -0.0389 0.209 
77.3 -0.0387 0.209 
77.3 -0.039 0.209 
77.3 -0.0391 0.209 
77.3 -0.0392 0.209 
77.3 -0.0394 0.209 
77.3 -0.0401 0.21 
77.4 -0.04 0.21 
77.4 -0.0401 0.21 
77.3 -0.0402 0.21 
77.4 -0.0399 0.209 
77.4 -0.04 0.209 
77.4 -0.0398 0.209 
77.4 -0.0397 0.209 
77.4 -0.0395 0.208 
77.4 -0.0394 0.208 
77.4 -0.0391 0.207 
77.4 -0.0385 0.206 
77.4 -0.0383 0.207 
77.4 -0.0383 0.207 
77.4 -0.0379 0.206 
77.4 -0.0377 0.206 
77.4 -0.0375 0.206 
77.4 -0.0373 0.206 
77.4 -0.0368 0.205 
77.4 -0.0357 0.205 
77.4 -0.0357 0.205 
77.4 -0.0352 0.204 
77.4 -0.0353 0.204 
77.4 -0.0354 0.204 
77.4 -0.0355 0.204 
77.4 -0.0353 0.204 
77.4 -0.0352 0.204 
77.4 -0.0352 0.204 
77.4 -0.0353 0.204 
77.4 -0.0353 0.204 
77.4 -0.0353 0.204 
77.4 -0.0351 0.204 
77.4 -0.0351 0.204 
77.4 -0.0353 0.204 
77.5 -0.035 0.204 
77.5 -0.0351 0.204 
77.5 -0.0355 0.204 
77.5 -0.0355 0.203 
77.5 -0.0358 0.203 
77.5 -0.0359 0.203 
77.5 -0.0361 0.204 
77.5 -0.0362 0.203 
77.5 -0.0363 0.203 
77.5 -0.0365 0.203 
77.5 -0.0363 0.203 
77.5 -0.0362 0.203 
77.5 -0.0364 0.204 
77.5 -0.0364 0.204 
77.5 -0.0361 0.204 
77.5 -0.0361 0.204 
77.5 -0.0363 0.204 
77.5 -0.0364 0.204 
77.5 -0.0365 0.204 
77.5 -0.0366 0.204 
77.5 -0.036 0.204 
77.5 -0.0359 0.204 
77.5 -0.0359 0.204 
77.5 -0.0352 0.203 
77.5 -0.0353 0.204 
77.5 -0.0352 0.203 
77.5 -0.0341 0.204 
77.5 -0.0344 0.204 
77.5 -0.0344 0.204 
77.5 -0.0343 0.203 
77.5 -0.0343 0.203 
77.5 -0.0343 0.203 
77.5 -0.0344 0.203 
77.5 -0.0343 0.203 
77.5 -0.0342 0.203 
77.5 -0.0342 0.203 
77.5 -0.0335 0.204 
77.5 -0.0335 0.204 
77.5 -0.0326 0.203 
77.5 -0.0326 0.203 
77.5 -0.0326 0.203 
77.5 -0.0326 0.203 
77.5 -0.0319 0.202 
77.5 -0.0317 0.202 
77.5 -0.0318 0.202 
77.5 -0.0313 0.202 
77.5 -0.0313 0.202 
77.5 -0.0316 0.202 
77.5 -0.0316 0.202 
77.5 -0.0316 0.203 
77.5 -0.0316 0.203 
77.5 -0.0317 0.203 
77.5 -0.0318 0.203 
77.5 -0.0316 0.203 
77.5 -0.0315 0.203 
77.5 -0.0315 0.203 
77.5 -0.0315 0.203 
77.5 -0.0315 0.203 
77.5 -0.0315 0.203 
77.5 -0.0314 0.203 
77.5 -0.0314 0.203 
77.5 -0.0308 0.203 
77.5 -0.0307 0.203 
77.5 -0.0308 0.203 
77.5 -0.0306 0.204 
77.5 -0.0305 0.204 
77.5 -0.0303 0.203 
77.5 -0.0296 0.203 
77.5 -0.0297 0.203 
77.5 -0.029 0.203 
77.5 -0.0293 0.203 
77.5 -0.0293 0.203 
77.5 -0.0294 0.203 
77.5 -0.0288 0.203 
77.5 -0.0283 0.203 
77.5 -0.0284 0.203 
77.5 -0.0278 0.203 
77.5 -0.0279 0.203 
77.5 -0.028 0.203 
77.5 -0.0274 0.203 
77.5 -0.0269 0.203 
77.5 -0.027 0.203 
77.5 -0.0273 0.202 
77.5 -0.0272 0.202 
77.5 -0.0272 0.203 
77.6 -0.027 0.203 
77.6 -0.027 0.203 
77.5 -0.0272 0.203 
77.6 -0.0282 0.203 
77.6 -0.0264 0.203 
77.6 -0.026 0.203 
77.6 -0.0259 0.202 
77.6 -0.0251 0.203 
77.6 -0.0255 0.202 
77.6 -0.025 0.202 
77.6 -0.0246 0.202 
77.6 -0.0235 0.202 
77.6 -0.0233 0.202 
77.6 -0.0231 0.202 
77.6 -0.0231 0.202 
77.6 -0.0229 0.202 
77.6 -0.0225 0.202 
77.6 -0.0223 0.202 
77.6 -0.022 0.202 
77.6 -0.0219 0.203 
77.6 -0.0216 0.203 
77.6 -0.0216 0.203 
77.6 -0.0201 0.203 
77.6 -0.0141 0.202 
77.6 -0.0194 0.203 
77.6 -0.0196 0.203 
77.6 -0.0199 0.203 
77.6 -0.0198 0.203 
77.6 -0.02 0.203 
77.6 -0.02 0.204 
77.6 -0.0202 0.204 
77.6 -0.0202 0.204 
77.6 -0.0204 0.204 
77.6 -0.0204 0.204 
77.6 -0.0205 0.204 
77.6 -0.0207 0.204 
77.6 -0.0207 0.204 
77.6 -0.0209 0.204 
77.6 -0.0208 0.204 
77.6 -0.021 0.204 
77.6 -0.0213 0.204 
77.6 -0.021 0.204 
77.6 -0.021 0.204 
77.6 -0.0213 0.204 
77.6 -0.0214 0.204 
77.6 -0.0215 0.204 
77.6 -0.0215 0.204 
77.6 -0.0216 0.204 
77.6 -0.0216 0.204 
77.6 -0.0217 0.204 
77.6 -0.0217 0.204 
77.6 -0.0218 0.204 
77.6 -0.0219 0.204 
77.6 -0.0219 0.204 
77.6 -0.022 0.204 
77.6 -0.022 0.204 
77.6 -0.0221 0.204 
77.6 -0.0221 0.204 
77.6 -0.0222 0.204 
77.6 -0.0222 0.204 
77.6 -0.0222 0.204 
77.6 -0.0223 0.204 
77.6 -0.0224 0.205 
77.6 -0.0224 0.205 
77.6 -0.0225 0.205 
77.6 -0.0227 0.204 
77.6 -0.0226 0.205 
77.6 -0.0228 0.204 
77.6 -0.0229 0.204 
77.6 -0.0229 0.204 
