-15.2 -0.174 -1.26 
-16.8 -0.895 -1.7 
-17.3 -0.128 -1.23 
-16.5 -0.695 -0.808 
-15.7 -1.25 -1.29 
-15.9 -1.12 -1.63 
-16.4 -1.1 -1.66 
-16.6 -1.17 -1.63 
-17.5 -0.517 -2.26 
-18.3 0.0555 -2.66 
-18.8 0.427 -2.96 
-19.1 0.702 -3.17 
-19.7 0.765 -3.51 
-20.6 0.609 -3.86 
-21.2 0.195 -3.89 
-22 -0.26 -4.06 
-22.4 -0.45 -4.21 
-22.8 -0.574 -4.32 
-23.1 -0.349 -4.56 
-23.7 0.278 -5.08 
-26.3 -0.0234 -6.02 
-26.8 -0.372 -6.08 
-27.1 -0.375 -6.25 
-27.4 -0.488 -6.3 
-26.7 -0.293 -6.18 
-26.7 -0.273 -6.2 
-25.8 -0.0831 -5.93 
-26 -0.162 -5.96 
-25.6 -0.0718 -5.83 
-25.7 -0.104 -5.82 
-25.9 -0.31 -5.78 
-26.1 -0.376 -5.84 
-25.8 -0.429 -5.65 
-25.5 -0.406 -5.48 
-25.2 -0.395 -5.34 
-24.2 -0.242 -4.87 
-23 -0.0989 -4.29 
-21.4 0.0686 -3.58 
-20.6 0.129 -3.16 
-19.9 0.184 -2.83 
-19.2 0.223 -2.51 
-18.9 0.18 -2.36 
-18.5 0.117 -2.12 
-18.1 0.0453 -1.88 
-18.1 0.0132 -1.85 
-17.7 0.00641 -1.68 
-17.6 0.052 -1.66 
-17.4 0.0318 -1.54 
-17.3 0.0741 -1.51 
-17.1 0.124 -1.45 
-16.9 0.138 -1.36 
-16.8 0.151 -1.31 
-16.7 0.151 -1.26 
-16.6 0.146 -1.22 
-16.5 0.142 -1.17 
-16.2 0.128 -1.04 
-16.3 0.0867 -1.03 
-16.2 0.0714 -0.981 
-16.1 0.0667 -0.923 
-16 0.0802 -0.875 
-15.9 0.0649 -0.84 
-15.8 0.0853 -0.813 
-15.6 0.108 -0.742 
-15.6 0.134 -0.732 
-15.5 0.149 -0.733 
-15.4 0.17 -0.705 
-15.4 0.163 -0.705 
-15.2 0.172 -0.598 
-15 0.191 -0.527 
-14.8 0.185 -0.418 
-14.7 0.172 -0.373 
-14.6 0.179 -0.307 
-14.5 0.169 -0.276 
-14.5 0.173 -0.256 
-14.4 0.178 -0.242 
-14.4 0.183 -0.214 
-14.3 0.186 -0.176 
-14.3 0.186 -0.183 
-14.2 0.178 -0.15 
-14.2 0.174 -0.118 
-14.1 0.177 -0.0964 
-14 0.186 -0.0714 
-14 0.19 -0.0615 
-14 0.179 -0.0568 
-14 0.163 -0.0466 
-14 0.144 -0.0506 
-14.1 0.123 -0.0596 
-14.1 0.108 -0.0502 
-14.1 0.0831 -0.0474 
-14.1 0.0672 -0.0395 
-14.1 0.0654 -0.0537 
-14.2 0.0467 -0.0604 
-14.2 0.0349 -0.0732 
-14.2 0.0149 -0.0814 
-14.3 0.0135 -0.0865 
-14.3 -0.0116 -0.0907 
-14.3 -0.00944 -0.0833 
-14.3 -0.0109 -0.0838 
-14.3 -0.0343 -0.0875 
-14.3 -0.024 -0.0702 
-14.3 -0.0145 -0.0614 
-14.3 -0.0255 -0.0601 
-14.3 -0.0248 -0.0676 
-14.3 -0.0208 -0.0707 
-14.3 -0.0335 -0.0667 
-14.3 -0.0445 -0.0739 
-14.4 -0.0547 -0.0866 
-14.4 -0.0574 -0.0872 
-14.4 -0.0617 -0.0993 
-14.4 -0.0612 -0.102 
-14.4 -0.0618 -0.113 
-14.5 -0.0755 -0.117 
-14.5 -0.0799 -0.121 
-14.5 -0.0844 -0.122 
-14.5 -0.0814 -0.113 
-14.5 -0.093 -0.126 
-14.5 -0.0851 -0.122 
-14.5 -0.0877 -0.131 
-14.5 -0.0822 -0.116 
-14.4 -0.0703 -0.113 
-14.4 -0.0637 -0.111 
-14.4 -0.0577 -0.112 
-14.4 -0.0559 -0.129 
-14.4 -0.0595 -0.141 
-14.5 -0.0644 -0.159 
-14.5 -0.0663 -0.173 
-14.5 -0.059 -0.18 
-14.5 -0.05 -0.189 
-14.4 -0.0351 -0.188 
-14.5 -0.0287 -0.203 
-14.4 -0.000988 -0.189 
-14.3 0.0219 -0.176 
-14.2 0.0469 -0.159 
-14.2 0.0641 -0.156 
-14.2 0.0769 -0.164 
-14.2 0.0701 -0.183 
-14.3 0.0667 -0.202 
-14.3 0.0679 -0.214 
-14.3 0.0667 -0.23 
-14.3 0.0641 -0.226 
-14.4 0.0491 -0.239 
-14.4 0.0391 -0.245 
-14.4 0.0196 -0.252 
-14.4 0.025 -0.244 
-14.4 0.0338 -0.236 
-14.4 0.0444 -0.224 
-14.4 0.0438 -0.219 
-14.4 0.0467 -0.211 
-14.3 0.0537 -0.2 
-14.3 0.0582 -0.191 
-14.3 0.0689 -0.179 
-14.3 0.0797 -0.168 
-14.2 0.0873 -0.159 
-14.2 0.0872 -0.151 
-14.2 0.0943 -0.144 
-14.2 0.0977 -0.139 
-14.2 0.097 -0.136 
-14.2 0.102 -0.13 
-14.1 0.116 -0.119 
-14.1 0.116 -0.121 
-14.1 0.123 -0.121 
-14.1 0.14 -0.114 
-14.1 0.141 -0.114 
-14 0.155 -0.113 
-14 0.162 -0.109 
-14 0.165 -0.111 
-14 0.166 -0.113 
-14 0.161 -0.121 
-14 0.149 -0.127 
-14 0.141 -0.131 
-14 0.132 -0.134 
-14 0.128 -0.132 
-14 0.128 -0.133 
-14 0.129 -0.13 
-14 0.132 -0.13 
-14 0.131 -0.128 
-14 0.14 -0.119 
-14 0.136 -0.122 
-14 0.133 -0.122 
-14 0.134 -0.119 
-14 0.134 -0.109 
-14 0.13 -0.109 
-14 0.128 -0.109 
-14 0.125 -0.111 
-14.1 0.0496 -0.149 
-14.1 0.111 -0.113 
-14.1 0.109 -0.116 
-14.1 0.11 -0.12 
-14.1 0.102 -0.124 
-14.1 0.101 -0.128 
-14.1 0.0976 -0.139 
-14.1 0.0967 -0.142 
-14.1 0.0853 -0.145 
-14.1 0.088 -0.146 
-14.1 0.0801 -0.15 
-14.1 0.0815 -0.146 
-14.1 0.0766 -0.149 
-14.1 0.0647 -0.151 
-14.2 0.0519 -0.152 
-14.2 0.0426 -0.151 
-14.2 0.0389 -0.147 
-14.2 0.0369 -0.144 
-14.2 0.0386 -0.147 
-14.2 0.0416 -0.147 
-14.2 0.0444 -0.151 
-14.2 0.0451 -0.149 
-14.2 0.0513 -0.144 
-14.1 0.063 -0.139 
-14.1 0.0612 -0.141 
-14.1 0.0632 -0.143 
-14.1 0.0643 -0.139 
-14.1 0.0662 -0.139 
-14.1 0.0688 -0.14 
-14.1 0.0704 -0.139 
-14.1 0.0737 -0.141 
-14.1 0.0783 -0.144 
-14.1 0.0723 -0.159 
-14.1 0.0784 -0.16 
-14.1 0.0827 -0.158 
-14.1 0.0824 -0.162 
-14.1 0.0795 -0.167 
-14.1 0.0825 -0.166 
-14.1 0.0842 -0.166 
-14.1 0.0842 -0.171 
-14.1 0.0851 -0.172 
-14.1 0.0806 -0.18 
-14.1 0.0762 -0.184 
-14.1 0.0668 -0.187 
-14.1 0.0619 -0.186 
-14.2 0.0523 -0.186 
-14.2 0.0464 -0.19 
-14.2 0.0437 -0.198 
-14.2 0.0401 -0.205 
-14.2 0.0348 -0.211 
-14.3 0.0307 -0.214 
-14.3 0.0258 -0.22 
-14.3 0.0225 -0.227 
-14.3 0.0165 -0.24 
-14.4 0.0156 -0.248 
-14.4 0.0208 -0.251 
-14.4 0.0245 -0.254 
-14.4 0.0254 -0.262 
-14.4 0.0253 -0.261 
-14.4 0.0261 -0.264 
-14.4 0.0273 -0.263 
-14.4 0.0256 -0.262 
-14.5 0.0246 -0.264 
-14.5 0.0245 -0.264 
-14.5 0.0232 -0.265 
-14.5 0.0233 -0.264 
-14.5 0.0211 -0.265 
-14.5 0.0213 -0.264 
-14.5 0.0191 -0.265 
-14.5 0.0193 -0.265 
-14.5 0.0195 -0.265 
-14.5 0.0161 -0.267 
-14.5 0.0159 -0.266 
-14.5 0.0156 -0.266 
-14.5 0.0151 -0.266 
-14.5 0.00905 -0.27 
-14.5 0.0128 -0.269 
-14.5 0.0138 -0.269 
-14.5 0.014 -0.27 
-14.5 0.0161 -0.268 
-14.5 0.0171 -0.268 
-14.5 0.015 -0.267 
-14.5 0.0164 -0.266 
-14.5 0.0192 -0.265 
-14.5 0.0198 -0.265 
-14.5 0.0222 -0.263 
-14.5 0.0237 -0.261 
-14.5 0.0242 -0.259 
-14.5 0.0262 -0.259 
-14.5 0.0314 -0.253 
-14.5 0.0329 -0.254 
-14.5 0.037 -0.253 
-14.5 0.0406 -0.253 
-14.5 0.0434 -0.248 
-14.5 0.0464 -0.249 
-14.5 0.0478 -0.25 
-14.5 0.0459 -0.25 
-14.5 0.043 -0.25 
-14.5 0.0419 -0.25 
-14.5 0.0384 -0.251 
-14.5 0.0366 -0.252 
-14.5 0.032 -0.256 
-14.5 0.031 -0.256 
-14.5 0.0305 -0.257 
-14.5 0.0315 -0.257 
-14.5 0.0339 -0.256 
-14.5 0.0355 -0.256 
-14.5 0.043 -0.253 
-14.5 0.0434 -0.253 
-14.5 0.0455 -0.251 
-14.5 0.0496 -0.249 
-14.5 0.0517 -0.248 
-14.5 0.0568 -0.246 
-14.4 0.0644 -0.239 
-14.4 0.0665 -0.24 
-14.4 0.0667 -0.243 
-14.4 0.0711 -0.241 
-14.4 0.0723 -0.241 
-14.4 0.0727 -0.241 
-14.4 0.0769 -0.239 
-14.4 0.0787 -0.238 
-14.4 0.0823 -0.238 
-14.4 0.0819 -0.237 
-14.4 0.0777 -0.239 
-14.4 0.0728 -0.245 
-14.5 0.0735 -0.242 
-14.4 0.0774 -0.24 
-14.4 0.0766 -0.24 
-14.4 0.0778 -0.238 
-14.4 0.0789 -0.239 
-14.4 0.0719 -0.239 
-14.4 0.0673 -0.236 
-14.4 0.0632 -0.234 
-14.4 0.063 -0.238 
-14.4 0.0641 -0.232 
-14.4 0.0656 -0.23 
-14.4 0.0596 -0.246 
-14.4 0.0667 -0.226 
-14.4 0.0654 -0.224 
-14.4 0.067 -0.224 
-14.4 0.0701 -0.222 
-14.4 0.0749 -0.221 
-14.4 0.0746 -0.221 
-14.4 0.0808 -0.217 
-14.4 0.0861 -0.215 
-14.4 0.0917 -0.211 
-14.3 0.0933 -0.211 
-14.3 0.0954 -0.21 
-14.3 0.0949 -0.209 
-14.3 0.0947 -0.208 
-14.3 0.0945 -0.207 
-14.3 0.0954 -0.205 
-14.3 0.0945 -0.206 
-14.3 0.0958 -0.205 
-14.3 0.0967 -0.205 
-14.3 0.0994 -0.204 
-14.4 0.103 -0.203 
-14.4 0.105 -0.203 
-14.3 0.112 -0.2 
-14.3 0.113 -0.2 
-14.3 0.115 -0.2 
-14.3 0.122 -0.2 
-14.3 0.123 -0.2 
-14.3 0.127 -0.198 
-14.3 0.126 -0.197 
-14.3 0.126 -0.198 
-14.3 0.128 -0.197 
-14.3 0.128 -0.196 
-14.3 0.128 -0.196 
-14.3 0.129 -0.195 
-14.3 0.128 -0.196 
-14.3 0.129 -0.197 
-14.3 0.127 -0.198 
-14.3 0.126 -0.198 
-14.3 0.127 -0.198 
-14.3 0.125 -0.197 
-14.3 0.126 -0.196 
-14.3 0.125 -0.194 
-14.3 0.125 -0.194 
-14.3 0.125 -0.194 
-14.3 0.124 -0.195 
-14.3 0.126 -0.192 
-14.3 0.129 -0.191 
-14.3 0.128 -0.189 
-14.3 0.125 -0.191 
-14.3 0.122 -0.192 
-14.3 0.118 -0.189 
-14.3 0.113 -0.189 
-14.3 0.11 -0.186 
-14.3 0.109 -0.187 
-14.3 0.109 -0.185 
-14.3 0.11 -0.181 
-14.3 0.113 -0.175 
-14.2 0.116 -0.172 
-14.2 0.121 -0.168 
-14.3 0.126 -0.163 
-14.3 0.131 -0.159 
-14.3 0.136 -0.156 
-14.3 0.142 -0.155 
-14.3 0.147 -0.153 
-14.3 0.149 -0.152 
-14.3 0.15 -0.152 
-14.3 0.152 -0.151 
-14.3 0.155 -0.15 
-14.3 0.16 -0.15 
-14.3 0.163 -0.15 
-14.3 0.164 -0.149 
-14.3 0.168 -0.149 
-14.3 0.17 -0.148 
-14.3 0.174 -0.145 
-14.3 0.175 -0.145 
-14.3 0.18 -0.141 
-14.3 0.179 -0.142 
-14.3 0.186 -0.137 
-14.3 0.189 -0.137 
-14.2 0.198 -0.132 
-14.2 0.206 -0.127 
-14.2 0.215 -0.123 
-14.2 0.223 -0.12 
-14.2 0.231 -0.12 
-14.2 0.242 -0.119 
-14.2 0.252 -0.118 
-14.2 0.261 -0.116 
-14.2 0.268 -0.115 
-14.2 0.277 -0.115 
-14.2 0.288 -0.109 
-14.2 0.3 -0.107 
-14.2 0.315 -0.104 
-14.2 0.33 -0.101 
-14.2 0.343 -0.0991 
-14.2 0.354 -0.0971 
-14.2 0.36 -0.0952 
-14.2 0.368 -0.092 
-14.2 0.377 -0.0905 
-14.2 0.381 -0.0874 
-14.2 0.383 -0.0891 
-14.2 0.384 -0.0888 
-14.2 0.387 -0.0901 
-14.2 0.388 -0.089 
-14.2 0.385 -0.0918 
-14.2 0.387 -0.0903 
-14.2 0.386 -0.0886 
-14.2 0.386 -0.088 
-14.2 0.388 -0.0873 
-14.2 0.395 -0.0838 
-14.1 0.398 -0.0819 
-14.1 0.397 -0.0808 
-14.1 0.4 -0.0774 
-14.2 0.401 -0.0781 
-14.2 0.401 -0.0803 
-14.2 0.403 -0.0814 
-14.2 0.41 -0.0799 
-14.2 0.413 -0.0798 
-14.2 0.423 -0.0798 
-14.2 0.424 -0.0804 
-14.1 0.429 -0.0811 
-14.2 0.432 -0.0793 
-14.2 0.439 -0.0788 
-14.2 0.439 -0.0807 
-14.1 0.443 -0.0803 
-14.1 0.442 -0.0793 
-14.2 0.449 -0.076 
-14.1 0.453 -0.072 
-14.1 0.454 -0.071 
-14.1 0.458 -0.0663 
-14.1 0.461 -0.0627 
-14.1 0.465 -0.0598 
-14.9 0.424 -0.11 
-14.8 0.422 -0.128 
-14.8 0.421 -0.105 
-14.8 0.422 -0.102 
-14.8 0.421 -0.101 
-14.8 0.424 -0.0954 
-14.8 0.422 -0.096 
-14.8 0.419 -0.093 
-14.8 0.416 -0.092 
-14.8 0.413 -0.0894 
-14.8 0.412 -0.0894 
-14.8 0.406 -0.0866 
-14.8 0.407 -0.0875 
-14.8 0.403 -0.0871 
-14.8 0.403 -0.0887 
-14.8 0.396 -0.0886 
-14.8 0.397 -0.0892 
-14.8 0.391 -0.0907 
-14.8 0.391 -0.0929 
-14.8 0.385 -0.0943 
-14.8 0.385 -0.0931 
-14.8 0.381 -0.0936 
-14.8 0.38 -0.0938 
-14.8 0.375 -0.0952 
-14.8 0.372 -0.0951 
-14.8 0.372 -0.0953 
-14.8 0.371 -0.0942 
-14.8 0.37 -0.0919 
-14.8 0.371 -0.0895 
-14.8 0.372 -0.087 
-14.8 0.373 -0.0857 
-14.8 0.374 -0.0851 
-14.8 0.373 -0.0858 
-14.8 0.371 -0.089 
-14.8 0.37 -0.0915 
-14.8 0.367 -0.095 
-14.8 0.365 -0.0977 
-14.8 0.362 -0.102 
-14.8 0.359 -0.106 
-14.8 0.359 -0.106 
-14.8 0.358 -0.106 
-14.8 0.358 -0.106 
-14.8 0.359 -0.103 
-14.8 0.359 -0.1 
-14.8 0.359 -0.0985 
-14.8 0.358 -0.096 
-14.8 0.359 -0.0916 
-14.8 0.36 -0.0885 
-14.7 0.362 -0.0846 
-14.7 0.362 -0.0857 
-14.7 0.364 -0.0845 
-14.7 0.363 -0.0859 
-14.8 0.361 -0.0893 
-14.8 0.358 -0.0924 
-14.8 0.358 -0.0956 
-14.8 0.356 -0.0969 
-14.8 0.356 -0.0956 
-14.8 0.353 -0.0971 
-14.8 0.352 -0.0964 
-14.8 0.349 -0.0957 
-14.8 0.347 -0.0959 
-14.8 0.344 -0.0934 
-14.8 0.344 -0.0921 
-14.8 0.341 -0.0907 
-14.8 0.342 -0.0913 
-14.8 0.338 -0.0916 
-14.8 0.335 -0.0898 
-14.8 0.334 -0.0895 
-14.8 0.332 -0.0906 
-14.8 0.33 -0.0917 
-14.8 0.328 -0.0952 
-14.8 0.324 -0.0967 
-14.8 0.321 -0.0975 
-14.8 0.323 -0.0963 
-14.8 0.323 -0.0967 
-14.8 0.324 -0.0958 
-14.8 0.326 -0.0956 
-14.8 0.328 -0.095 
-14.8 0.331 -0.0941 
-14.8 0.332 -0.0934 
-14.8 0.335 -0.0915 
-14.7 0.338 -0.0904 
-14.7 0.342 -0.0882 
-14.7 0.345 -0.0862 
-14.7 0.347 -0.0839 
-14.7 0.35 -0.0813 
-14.7 0.35 -0.081 
-14.7 0.352 -0.0778 
-14.7 0.352 -0.0769 
-14.7 0.353 -0.076 
-14.7 0.356 -0.0732 
-14.7 0.356 -0.0734 
-14.7 0.355 -0.073 
-14.7 0.356 -0.0705 
-14.7 0.356 -0.0701 
-14.7 0.355 -0.0691 
-14.7 0.355 -0.068 
-14.7 0.355 -0.0672 
-14.7 0.355 -0.0648 
-14.7 0.355 -0.0646 
-14.7 0.355 -0.064 
-14.7 0.355 -0.0633 
-14.7 0.355 -0.0615 
-14.7 0.355 -0.0611 
-14.7 0.356 -0.0601 
-14.7 0.356 -0.0593 
-14.7 0.356 -0.0579 
-14.7 0.356 -0.0559 
-14.7 0.355 -0.0556 
-14.7 0.355 -0.0544 
-14.7 0.354 -0.053 
-14.7 0.354 -0.0509 
-14.6 0.354 -0.0505 
-14.6 0.354 -0.0503 
-14.6 0.353 -0.0493 
-14.6 0.353 -0.0487 
-14.6 0.352 -0.0478 
-14.6 0.353 -0.0479 
-14.6 0.352 -0.0478 
-14.6 0.352 -0.0477 
-14.6 0.352 -0.0476 
-14.6 0.353 -0.0481 
-14.6 0.352 -0.0474 
-14.6 0.353 -0.0475 
-14.6 0.351 -0.0481 
-14.6 0.349 -0.0483 
-14.7 0.348 -0.0475 
-14.7 0.348 -0.0458 
-14.7 0.348 -0.0447 
-14.7 0.347 -0.0434 
-14.7 0.347 -0.0421 
-14.7 0.347 -0.0411 
-14.7 0.346 -0.0392 
-14.7 0.345 -0.0376 
-14.7 0.345 -0.0346 
-14.7 0.345 -0.0316 
-14.7 0.346 -0.0297 
-14.7 0.345 -0.0289 
-14.7 0.345 -0.0279 
-14.7 0.344 -0.0272 
-14.7 0.343 -0.0262 
-14.7 0.343 -0.0258 
-14.6 0.343 -0.0237 
-14.7 0.342 -0.0221 
-14.6 0.342 -0.0214 
-14.6 0.342 -0.0202 
-14.7 0.333 -0.0195 
-14.7 0.34 -0.0158 
-14.7 0.328 -0.0198 
-14.7 0.322 -0.0198 
-14.7 0.332 -0.0162 
-14.7 0.337 -0.0149 
-14.7 0.337 -0.0151 
-14.7 0.336 -0.0156 
-14.7 0.335 -0.0154 
-14.7 0.335 -0.0147 
-14.7 0.335 -0.0136 
-14.7 0.335 -0.0115 
-14.7 0.336 -0.0102 
-14.7 0.337 -0.00924 
-14.7 0.338 -0.00926 
-14.7 0.338 -0.00896 
-14.7 0.338 -0.00887 
-14.7 0.338 -0.00874 
-14.7 0.344 0.00499 
-14.7 0.339 -0.00824 
-14.7 0.339 -0.0104 
-14.7 0.338 -0.00959 
-14.7 0.338 -0.00872 
-14.7 0.338 -0.009 
-14.7 0.337 -0.00983 
-14.7 0.337 -0.00979 
-14.7 0.336 -0.0107 
-14.7 0.336 -0.0113 
-14.8 0.335 -0.0134 
-14.7 0.334 -0.0121 
-14.7 0.334 -0.0117 
-14.7 0.334 -0.0116 
-14.7 0.334 -0.0111 
-14.7 0.333 -0.0114 
-14.7 0.332 -0.0114 
-14.7 0.331 -0.0115 
-14.7 0.328 -0.0126 
-14.7 0.329 -0.0117 
-14.7 0.327 -0.0107 
-14.7 0.327 -0.0102 
-14.7 0.326 -0.00786 
-14.7 0.327 -0.0071 
-14.7 0.324 -0.00591 
-14.7 0.322 -0.00408 
-14.7 0.32 -0.00273 
-14.7 0.319 -0.000658 
-14.7 0.316 -0.0007 
-14.7 0.316 0.00156 
-14.7 0.315 0.00333 
-14.7 0.314 0.0034 
-14.8 0.312 0.00351 
-14.8 0.311 0.00356 
-14.8 0.31 0.00448 
-14.8 0.309 0.00406 
-14.8 0.308 0.00442 
-14.8 0.307 0.00466 
-14.8 0.308 0.00579 
-14.8 0.308 0.00728 
-14.8 0.309 0.00777 
-14.8 0.309 0.00882 
-14.8 0.31 0.00955 
-14.8 0.31 0.0103 
-14.8 0.312 0.0114 
-14.8 0.313 0.0119 
-14.8 0.313 0.0117 
-14.8 0.313 0.0117 
-14.8 0.313 0.0126 
-14.8 0.312 0.013 
-14.8 0.311 0.0135 
-14.8 0.287 0.0589 
-14.8 0.312 0.0162 
-14.8 0.308 0.0161 
-14.8 0.308 0.0167 
-14.8 0.306 0.0158 
-14.8 0.304 0.0147 
-14.8 0.302 0.0132 
-14.8 0.302 0.0141 
-14.8 0.3 0.0129 
-14.8 0.302 0.0149 
-14.8 0.301 0.0144 
-14.8 0.302 0.0143 
-14.8 0.3 0.0139 
-14.8 0.3 0.0139 
-14.8 0.299 0.0136 
-14.8 0.298 0.0131 
-14.8 0.298 0.0133 
-14.8 0.299 0.0143 
-14.8 0.3 0.0156 
-14.8 0.3 0.0167 
-14.8 0.3 0.0184 
-14.8 0.299 0.0183 
-14.8 0.299 0.0186 
-14.8 0.298 0.0195 
-14.8 0.299 0.0202 
-14.8 0.299 0.0204 
-14.8 0.299 0.0214 
-14.8 0.299 0.0211 
-14.8 0.298 0.0216 
-14.8 0.3 0.0229 
-14.8 0.3 0.0244 
-14.8 0.3 0.0243 
-14.8 0.3 0.0263 
-14.8 0.3 0.0265 
-14.8 0.301 0.0286 
-14.8 0.301 0.029 
-14.8 0.3 0.0308 
-14.8 0.3 0.0314 
-14.8 0.3 0.0331 
-14.8 0.301 0.0332 
-14.7 0.299 0.0349 
-14.8 0.299 0.0345 
-14.7 0.299 0.0346 
-14.7 0.297 0.0354 
-14.7 0.298 0.036 
-14.7 0.298 0.0363 
-14.7 0.297 0.037 
-14.7 0.297 0.037 
-14.7 0.297 0.037 
-14.7 0.297 0.0378 
-14.7 0.297 0.0382 
-14.7 0.296 0.0395 
-14.7 0.297 0.0399 
-14.7 0.296 0.0416 
-14.7 0.296 0.0417 
-14.7 0.295 0.0415 
-14.7 0.295 0.0417 
-14.7 0.293 0.0416 
-14.7 0.291 0.0416 
-14.7 0.291 0.0428 
-14.7 0.289 0.0427 
-14.7 0.288 0.0454 
-14.7 0.286 0.0456 
-14.7 0.286 0.046 
-14.7 0.285 0.047 
-14.7 0.285 0.0472 
-14.7 0.285 0.0471 
-14.7 0.284 0.0472 
-14.7 0.284 0.0489 
-14.7 0.284 0.0488 
-14.7 0.283 0.0489 
-14.7 0.282 0.0537 
-14.7 0.282 0.0524 
-14.7 0.282 0.0487 
-14.7 0.282 0.0495 
-14.7 0.282 0.0496 
-14.7 0.282 0.0496 
-14.7 0.281 0.0496 
-14.7 0.283 0.0454 
-14.7 0.283 0.045 
-14.7 0.282 0.0481 
-14.7 0.283 0.0452 
-14.7 0.283 0.045 
-14.7 0.283 0.0437 
-14.7 0.283 0.0421 
-14.7 0.284 0.0416 
-14.7 0.284 0.0422 
-14.7 0.283 0.0423 
-14.7 0.283 0.0429 
-14.7 0.284 0.0384 
-14.7 0.284 0.0348 
-14.7 0.284 0.0348 
-14.7 0.284 0.0354 
-14.7 0.284 0.0355 
-14.7 0.284 0.0359 
-14.7 0.284 0.0357 
-14.7 0.284 0.0351 
-14.7 0.283 0.035 
-14.7 0.282 0.0346 
-14.7 0.282 0.0343 
-14.7 0.282 0.0341 
-14.7 0.282 0.034 
-14.7 0.281 0.0339 
-14.7 0.281 0.0341 
-14.6 0.281 0.0346 
-14.6 0.281 0.0344 
-14.6 0.281 0.0344 
-14.6 0.281 0.0341 
-14.6 0.281 0.0342 
-14.6 0.281 0.0338 
-14.6 0.281 0.0338 
-14.6 0.28 0.0336 
-14.6 0.28 0.0339 
-14.6 0.281 0.0339 
-14.6 0.281 0.0339 
-14.6 0.281 0.034 
-14.6 0.281 0.034 
-14.6 0.281 0.0339 
-14.6 0.28 0.0339 
-14.6 0.28 0.034 
-14.6 0.279 0.0336 
-14.6 0.279 0.0335 
-14.6 0.279 0.0336 
-14.6 0.279 0.0335 
-14.6 0.279 0.0334 
-14.6 0.279 0.0335 
-14.5 0.279 0.0337 
-14.5 0.28 0.0335 
-14.5 0.28 0.0333 
-14.5 0.28 0.0332 
-14.5 0.281 0.0331 
-14.5 0.281 0.0328 
-14.5 0.281 0.0324 
-14.5 0.281 0.0323 
-14.5 0.281 0.0321 
-14.5 0.281 0.0319 
-14.5 0.281 0.032 
-14.5 0.281 0.0315 
-14.5 0.281 0.0315 
-14.5 0.281 0.0312 
-14.5 0.281 0.0312 
-14.5 0.281 0.0311 
-14.5 0.281 0.0311 
-14.4 0.281 0.0312 
-14.4 0.281 0.0308 
-14.4 0.281 0.0308 
-14.4 0.281 0.0306 
-14.4 0.282 0.0305 
-14.4 0.282 0.0302 
-14.4 0.282 0.0303 
-14.4 0.282 0.0301 
-14.4 0.281 0.0301 
-14.4 0.283 0.0306 
-14.4 0.281 0.0294 
-14.4 0.28 0.0293 
-14.4 0.28 0.0293 
-14.4 0.28 0.0288 
-14.4 0.28 0.0287 
-14.4 0.283 0.0301 
-14.4 0.283 0.0301 
-14.4 0.283 0.0299 
-14.4 0.283 0.03 
-14.4 0.278 0.0273 
-14.4 0.277 0.0277 
-14.4 0.276 0.027 
-14.4 0.276 0.0269 
-14.4 0.275 0.0259 
-14.4 0.275 0.026 
-14.4 0.274 0.0254 
-14.4 0.274 0.0258 
-14.4 0.273 0.0253 
-14.4 0.273 0.0254 
-14.4 0.272 0.0247 
-14.4 0.272 0.0251 
-14.4 0.272 0.0246 
-14.4 0.271 0.0243 
-14.4 0.269 0.0232 
-14.4 0.27 0.0234 
-14.4 0.269 0.0234 
-14.4 0.269 0.0234 
-14.4 0.267 0.0219 
-14.4 0.268 0.0228 
-14.4 0.268 0.0226 
-14.4 0.268 0.0225 
-14.4 0.267 0.0216 
-14.4 0.267 0.0217 
-14.4 0.267 0.0217 
-14.4 0.266 0.0211 
-14.4 0.267 0.021 
-14.4 0.264 0.0194 
-14.4 0.267 0.021 
-14.4 0.266 0.0203 
-14.4 0.268 0.0211 
-14.4 0.267 0.0209 
-14.3 0.267 0.0207 
-14.3 0.267 0.0202 
-14.3 0.267 0.0205 
-14.3 0.267 0.0202 
-14.3 0.267 0.0203 
-14.3 0.267 0.02 
-14.3 0.268 0.0203 
-14.3 0.268 0.02 
-14.3 0.269 0.0201 
-14.3 0.269 0.0199 
-14.3 0.271 0.0199 
-14.3 0.271 0.0193 
-14.3 0.272 0.0198 
-14.3 0.273 0.0201 
-14.2 0.273 0.0199 
-14.2 0.273 0.0198 
-14.2 0.272 0.019 
-14.2 0.272 0.019 
-14.2 0.272 0.019 
-14.2 0.272 0.0189 
-14.2 0.27 0.0182 
-14.2 0.271 0.0186 
-14.2 0.271 0.0178 
-14.2 0.273 0.0187 
-14.1 0.269 0.0163 
-14.1 0.27 0.0167 
-14.2 0.266 0.0146 
-14.1 0.27 0.0169 
-14.1 0.269 0.0156 
-14.1 0.269 0.0161 
-14.1 0.269 0.0161 
-14.1 0.269 0.0154 
-14.1 0.269 0.0155 
-14.1 0.27 0.0156 
-14.1 0.269 0.0156 
-14.1 0.269 0.0157 
-14.1 0.269 0.0159 
-14 0.27 0.0155 
-14 0.27 0.0154 
-14 0.273 0.0158 
-14 0.273 0.0159 
-14 0.274 0.0166 
-14 0.274 0.0166 
-14 0.275 0.0169 
-14 0.275 0.017 
-14 0.276 0.0173 
-14 0.277 0.017 
-14 0.281 0.0187 
-14 0.276 0.0163 
-14 0.276 0.0163 
-14 0.276 0.0168 
-14 0.276 0.0161 
-14 0.276 0.0162 
-14 0.277 0.016 
-14 0.277 0.0167 
-14 0.277 0.0168 
-14 0.278 0.0168 
-14 0.277 0.0166 
-14 0.277 0.0165 
-14 0.277 0.0166 
-13.9 0.276 0.016 
-14 0.276 0.0161 
-13.9 0.273 0.0138 
-13.9 0.274 0.0148 
-13.9 0.274 0.0151 
-13.9 0.274 0.0151 
-13.9 0.272 0.0138 
-13.9 0.272 0.0139 
-13.9 0.27 0.0129 
-13.9 0.27 0.0131 
-13.9 0.269 0.0121 
-13.9 0.27 0.0127 
-13.9 0.27 0.0129 
-13.9 0.271 0.0132 
-13.9 0.27 0.0128 
-13.9 0.27 0.0132 
-13.9 0.269 0.0122 
-13.9 0.269 0.0125 
-13.9 0.27 0.0123 
-13.9 0.27 0.0123 
-13.9 0.271 0.0125 
-13.9 0.271 0.0124 
-13.9 0.271 0.012 
-13.9 0.271 0.0118 
-13.9 0.271 0.0108 
-13.9 0.271 0.0106 
-13.9 0.271 0.0106 
-13.9 0.271 0.0108 
-13.9 0.271 0.0108 
-13.9 0.27 0.0107 
-13.9 0.267 0.00871 
-13.9 0.269 0.00997 
-13.9 0.268 0.00992 
-13.8 0.268 0.00814 
-13.8 0.268 0.00829 
-13.9 0.268 0.00857 
-13.9 0.268 0.00862 
-13.8 0.268 0.00804 
-13.8 0.268 0.00808 
-13.8 0.267 0.00773 
-13.8 0.268 0.00776 
-13.8 0.268 0.00798 
-13.8 0.269 0.00779 
-13.8 0.269 0.00769 
-13.8 0.269 0.00692 
-13.8 0.27 0.00779 
-13.8 0.27 0.00763 
-13.8 0.27 0.00757 
-13.8 0.269 0.00647 
-13.8 0.269 0.00665 
-13.8 0.268 0.00472 
-13.8 0.268 0.00463 
-13.8 0.267 0.00428 
-13.8 0.267 0.00388 
-13.8 0.267 0.00363 
-13.8 0.268 0.00335 
-13.8 0.269 0.00479 
-13.8 0.269 0.00454 
-13.9 0.269 0.00291 
-13.9 0.268 0.00349 
-13.9 0.268 0.00308 
-13.9 0.268 0.00276 
-13.9 0.268 0.00328 
-13.9 0.267 0.0015 
-13.9 0.267 0.00174 
-13.9 0.266 0.000768 
-13.9 0.267 0.000807 
-13.9 0.267 0.000804 
-13.9 0.267 0.000701 
-13.9 0.268 -0.000392 
-13.9 0.267 -0.000587 
-13.9 0.267 -0.00235 
-13.9 0.267 -0.00195 
-13.8 0.267 -0.00324 
-13.8 0.267 -0.0027 
-13.8 0.269 -0.00374 
-13.8 0.267 -0.00413 
-13.8 0.267 -0.00477 
-13.8 0.269 -0.00379 
-13.8 0.267 -0.00457 
-13.8 0.267 -0.00509 
-13.8 0.267 -0.00495 
-13.8 0.27 -0.00392 
-13.8 0.269 -0.00546 
-13.8 0.269 -0.0065 
-13.8 0.268 -0.00694 
-13.8 0.269 -0.00706 
-13.8 0.27 -0.00834 
-13.7 0.27 -0.00963 
-13.7 0.27 -0.011 
-13.7 0.27 -0.0125 
-13.7 0.274 -0.0124 
-13.7 0.276 -0.0126 
-13.7 0.275 -0.0138 
-13.6 0.278 -0.0143 
-13.6 0.28 -0.0156 
-13.6 0.282 -0.0158 
-13.6 0.282 -0.0159 
-13.6 0.285 -0.0152 
-13.6 0.291 -0.0118 
-13.6 0.298 -0.012 
-13.6 0.303 -0.011 
-13.5 0.309 -0.00989 
-13.5 0.312 -0.00976 
-13.5 0.317 -0.00776 
-13.5 0.322 -0.00644 
-13.5 0.325 -0.00581 
-13.5 0.324 -0.00703 
-13.4 0.324 -0.00678 
-13.4 0.325 -0.00655 
-13.4 0.326 -0.00601 
-13.4 0.327 -0.00545 
-13.4 0.33 -0.00515 
-13.4 0.332 -0.0042 
-13.4 0.334 -0.00342 
-13.4 0.333 -0.0099 
-13.4 0.335 -0.00245 
-13.4 0.333 -0.0113 
-13.4 0.336 -0.00112 
-13.4 0.338 -0.000204 
-13.4 0.338 -0.000106 
-13.4 0.338 -8.27e-05 
-13.4 0.338 0.000483 
-13.4 0.339 0.00181 
-13.4 0.339 0.00178 
-13.4 0.34 0.00217 
-13.4 0.34 0.00235 
-13.4 0.341 0.00474 
-13.4 0.341 0.00374 
-13.4 0.341 0.00393 
-13.4 0.342 0.00365 
-13.4 0.343 0.00287 
-13.4 0.344 0.00238 
-13.4 0.345 0.00226 
-13.4 0.345 0.00118 
-13.4 0.345 0.00111 
-13.4 0.346 -0.000698 
-13.4 0.346 -0.00179 
-13.4 0.346 -0.00155 
-13.4 0.351 -0.000385 
-13.4 0.351 -0.000298 
-13.4 0.351 -0.00917 
-13.4 0.351 -0.000203 
-13.5 0.351 -0.00923 
-13.5 0.35 -0.00865 
-13.4 0.353 -0.00923 
-13.4 0.353 -0.0077 
-13.4 0.354 -0.00899 
-13.4 0.355 -0.000753 
-13.4 0.356 -0.000944 
-13.4 0.356 -0.000885 
-13.4 0.357 -0.000624 
-13.4 0.357 -0.00102 
-13.4 0.357 -0.000934 
-13.4 0.357 -0.000787 
-13.4 0.355 -0.0024 
-13.5 0.353 -0.0032 
-13.5 0.352 -0.00464 
-13.5 0.352 -0.00473 
-13.5 0.353 -0.00565 
-13.5 0.354 -0.00523 
-13.5 0.356 -0.0054 
-13.5 0.355 -0.00596 
-13.5 0.355 -0.00598 
-13.5 0.355 -0.00639 
-13.4 0.355 -0.00666 
-13.5 0.355 -0.00638 
-13.5 0.355 -0.00642 
-13.5 0.355 -0.00664 
-13.5 0.355 -0.00677 
-13.5 0.355 -0.00657 
-13.5 0.355 -0.00678 
-13.5 0.355 -0.00622 
-13.5 0.354 -0.00705 
-13.5 0.354 -0.00655 
-13.5 0.355 -0.00604 
-13.5 0.358 -0.00572 
-13.5 0.356 -0.0063 
-13.5 0.357 -0.00649 
-13.5 0.357 -0.00644 
-13.5 0.357 -0.00661 
-13.5 0.357 -0.00602 
-13.4 0.358 -0.00537 
-13.5 0.359 -0.00511 
-13.4 0.358 -0.00557 
-13.4 0.358 -0.00545 
-13.4 0.358 -0.00529 
-13.4 0.358 -0.00619 
-13.5 0.393 -0.0683 
-13.4 0.354 -0.00878 
-13.4 0.358 -0.00691 
-13.4 0.361 -0.00711 
-13.4 0.362 -0.00758 
-13.4 0.362 -0.00827 
-13.4 0.362 -0.00877 
-13.4 0.36 -0.0102 
-13.4 0.359 -0.0107 
-13.4 0.36 -0.0109 
-13.4 0.36 -0.0112 
-13.4 0.36 -0.0104 
-13.4 0.36 -0.0101 
-13.4 0.361 -0.00933 
-13.4 0.361 -0.00932 
-13.4 0.361 -0.00953 
-13.3 0.361 -0.0105 
-13.3 0.361 -0.0105 
-13.3 0.362 -0.0102 
-13.3 0.363 -0.0108 
-13.3 0.363 -0.0112 
-13.3 0.364 -0.0115 
-13.3 0.364 -0.0121 
-13.3 0.364 -0.0127 
-13.3 0.364 -0.0134 
-13.3 0.364 -0.0132 
-13.3 0.365 -0.0128 
-13.3 0.366 -0.0123 
-13.2 0.368 -0.0114 
-13.2 0.367 -0.0117 
-13.2 0.368 -0.0116 
-13.2 0.368 -0.00999 
-13.2 0.369 -0.00977 
-13.2 0.369 -0.00962 
-13.2 0.37 -0.00926 
-13.2 0.369 -0.0094 
-13.1 0.369 -0.00994 
-13.1 0.37 -0.00946 
-13.1 0.371 -0.0086 
-13.1 0.373 -0.00716 
-13.1 0.374 -0.00596 
-13.1 0.375 -0.0046 
-13.1 0.376 -0.00325 
-13.1 0.377 -0.00209 
-13.1 0.378 -0.00154 
-13.1 0.38 -0.000623 
-13.1 0.38 -0.000117 
-13.1 0.38 0.000228 
-13.1 0.38 0.000502 
-13.1 0.38 0.00139 
-13.1 0.38 0.0021 
-13.1 0.381 0.00278 
-13.1 0.381 0.00287 
-13.1 0.381 0.00309 
-12.7 0.342 -0.0659 
-13.1 0.375 0.00637 
-13.1 0.378 0.00391 
-13 0.359 -0.0365 
-13 0.374 0.00588 
-13 0.377 0.00492 
-13 0.376 0.00543 
-13 0.376 0.00764 
-13 0.376 0.00594 
-13 0.375 0.0057 
-13 0.374 0.00582 
-13 0.374 0.00601 
-13 0.373 0.00633 
-13 0.374 0.00686 
-13 0.374 0.00708 
-13 0.373 0.00765 
-13 0.373 0.00749 
-13 0.373 0.00818 
-13 0.372 0.00817 
-13 0.371 0.00863 
-13 0.37 0.00923 
-13 0.37 0.0098 
-12.9 0.369 0.0104 
-12.9 0.369 0.0111 
-12.9 0.369 0.0119 
-12.9 0.369 0.0118 
-12.9 0.368 0.0126 
-12.9 0.368 0.0128 
-12.9 0.367 0.013 
-12.9 0.367 0.013 
-12.9 0.366 0.0133 
-12.9 0.366 0.0136 
-12.9 0.365 0.0146 
-12.9 0.366 0.0149 
-12.9 0.366 0.0153 
-12.9 0.366 0.0165 
-12.9 0.367 0.0168 
-12.9 0.368 0.0172 
-12.9 0.368 0.0184 
-12.9 0.368 0.0185 
-12.9 0.369 0.0191 
-12.9 0.369 0.0197 
-12.9 0.371 0.0217 
-12.9 0.371 0.0221 
-12.9 0.372 0.0225 
-12.9 0.372 0.0241 
-12.9 0.373 0.0241 
-12.9 0.373 0.0246 
-12.9 0.374 0.025 
-12.9 0.375 0.027 
-12.9 0.376 0.0271 
-12.9 0.376 0.0274 
-12.9 0.377 0.028 
-12.9 0.377 0.0286 
-12.9 0.377 0.0289 
-12.9 0.377 0.0293 
-12.9 0.377 0.0299 
-12.9 0.377 0.0298 
-12.9 0.377 0.0298 
-13 0.378 0.0298 
-13 0.378 0.0294 
-13 0.378 0.0294 
-13 0.377 0.0297 
-13 0.378 0.0294 
-13 0.378 0.029 
-13 0.376 0.029 
-13 0.377 0.0291 
-13 0.376 0.0289 
-13 0.376 0.029 
-13 0.375 0.0291 
-13 0.376 0.0296 
-13 0.376 0.0291 
-13 0.376 0.0296 
-13 0.374 0.0299 
-13 0.375 0.0301 
-13 0.375 0.0303 
-13 0.375 0.0299 
-13 0.375 0.0297 
-13 0.376 0.0308 
-13 0.376 0.0309 
-13 0.376 0.0305 
-13 0.377 0.0313 
-13 0.378 0.0318 
-13 0.379 0.0318 
-13 0.38 0.032 
-13 0.38 0.0319 
-13 0.38 0.0321 
-13 0.381 0.0324 
-13 0.382 0.033 
-13 0.383 0.0341 
-13 0.384 0.0349 
-13 0.384 0.0356 
-13 0.384 0.0362 
-13 0.384 0.0366 
-13 0.385 0.0402 
-13 0.386 0.0419 
-13 0.386 0.0421 
-13 0.385 0.0376 
-13 0.384 0.0383 
-13 0.384 0.038 
-13 0.384 0.0385 
-13 0.384 0.039 
-13 0.384 0.0391 
-13 0.384 0.0393 
-13 0.384 0.0384 
-13 0.384 0.0372 
-12.8 0.363 0.0754 
-12.7 0.368 0.0787 
-13 0.386 0.0375 
-12.9 0.383 0.036 
-13 0.382 0.0371 
-12.9 0.382 0.0358 
-12.9 0.382 0.0355 
-12.9 0.382 0.0355 
-12.9 0.382 0.0349 
-12.9 0.382 0.0349 
-12.9 0.382 0.0345 
-12.9 0.382 0.0339 
-12.9 0.382 0.0334 
-12.9 0.381 0.0329 
-12.9 0.381 0.0325 
-12.9 0.381 0.0319 
-12.9 0.381 0.0315 
-12.9 0.381 0.0314 
-12.9 0.382 0.0314 
-12.9 0.381 0.031 
-12.9 0.381 0.031 
-12.9 0.381 0.031 
-12.9 0.381 0.0312 
-12.9 0.381 0.0314 
-12.9 0.381 0.0317 
-12.9 0.381 0.0316 
-12.9 0.38 0.0319 
-12.9 0.381 0.0322 
-12.9 0.38 0.0324 
-12.9 0.38 0.0322 
-12.9 0.38 0.0319 
-12.9 0.38 0.0322 
-12.9 0.379 0.0323 
-12.9 0.379 0.032 
-12.9 0.379 0.0321 
-12.9 0.379 0.0321 
-12.9 0.378 0.0324 
-12.9 0.378 0.0324 
-12.9 0.378 0.0327 
-12.9 0.378 0.0329 
-12.9 0.379 0.0328 
-12.9 0.379 0.0328 
-12.9 0.379 0.0331 
-12.9 0.379 0.0332 
-12.9 0.379 0.0334 
-12.9 0.38 0.0336 
-12.9 0.38 0.0336 
-12.9 0.38 0.0336 
-12.9 0.38 0.0338 
-12.9 0.38 0.0338 
-12.8 0.379 0.0336 
-12.8 0.379 0.0337 
-12.9 0.379 0.0332 
-12.9 0.379 0.0334 
-12.9 0.378 0.0334 
-12.9 0.378 0.0333 
-12.8 0.378 0.0334 
-12.9 0.377 0.0331 
-12.9 0.377 0.033 
-12.9 0.376 0.0325 
-12.9 0.376 0.0325 
-12.8 0.377 0.0323 
-12.8 0.376 0.0323 
-12.8 0.376 0.0322 
-12.8 0.376 0.0322 
-12.8 0.376 0.0318 
-12.8 0.376 0.0319 
-12.8 0.377 0.0322 
-12.8 0.377 0.0323 
-12.8 0.377 0.0323 
-12.8 0.377 0.0324 
-12.8 0.377 0.0326 
-12.8 0.377 0.0325 
-12.8 0.377 0.0325 
-12.8 0.377 0.0327 
-12.8 0.377 0.0328 
-12.8 0.377 0.0327 
-12.8 0.377 0.0323 
-12.8 0.377 0.0322 
-12.7 0.376 0.0316 
-12.7 0.376 0.0319 
-12.7 0.376 0.0319 
-12.7 0.376 0.0321 
-12.7 0.376 0.0315 
-12.7 0.375 0.0314 
-12.7 0.374 0.0313 
-12.7 0.374 0.0315 
-12.7 0.374 0.0304 
-12.7 0.374 0.0307 
-12.7 0.374 0.031 
-12.7 0.374 0.0308 
-12.7 0.374 0.0305 
-12.7 0.374 0.0305 
-12.7 0.374 0.0305 
-12.7 0.374 0.0305 
-12.7 0.374 0.0307 
-12.7 0.374 0.0309 
-12.7 0.374 0.0308 
-12.7 0.374 0.031 
-12.7 0.374 0.0311 
-12.7 0.374 0.0314 
-12.7 0.374 0.0316 
-12.7 0.374 0.0317 
-12.7 0.374 0.0319 
-12.7 0.374 0.032 
-12.7 0.374 0.0323 
-12.7 0.374 0.0324 
-12.7 0.374 0.0326 
-12.7 0.374 0.033 
-12.7 0.375 0.0329 
-12.7 0.375 0.0331 
-12.6 0.374 0.0331 
-12.6 0.374 0.0332 
-12.6 0.374 0.0334 
-12.6 0.374 0.0335 
-12.6 0.374 0.0337 
-12.6 0.374 0.0337 
-12.6 0.374 0.0337 
-12.6 0.374 0.0336 
-12.6 0.374 0.0336 
-12.6 0.375 0.0339 
-12.6 0.375 0.0338 
-12.6 0.375 0.0339 
-12.6 0.375 0.0336 
-12.6 0.375 0.0334 
-12.6 0.375 0.0339 
-12.7 0.375 0.034 
-12.7 0.375 0.0339 
-12.7 0.375 0.034 
-12.7 0.375 0.0345 
-12.7 0.375 0.0346 
-12.7 0.375 0.0345 
-12.7 0.375 0.0342 
-12.7 0.375 0.0342 
-12.7 0.375 0.0342 
-12.7 0.374 0.0342 
-12.6 0.374 0.034 
-12.6 0.373 0.0337 
-12.6 0.373 0.0339 
-12.6 0.373 0.0337 
-12.6 0.372 0.0332 
-12.6 0.372 0.0332 
-12.6 0.373 0.0331 
-12.6 0.373 0.0325 
-12.6 0.372 0.0326 
-12.6 0.372 0.0325 
-12.6 0.373 0.0323 
-12.6 0.372 0.0314 
-12.6 0.372 0.0316 
-12.6 0.372 0.0315 
-12.6 0.371 0.0307 
-12.6 0.371 0.0309 
-12.6 0.371 0.031 
-12.6 0.371 0.0309 
-12.6 0.371 0.0309 
-12.6 0.371 0.0309 
-12.6 0.371 0.0309 
-12.6 0.371 0.0309 
-12.6 0.371 0.0309 
-12.6 0.371 0.0308 
-12.6 0.371 0.0311 
-12.6 0.371 0.0311 
-12.6 0.371 0.0311 
-12.6 0.371 0.0311 
-12.6 0.371 0.0311 
-12.6 0.37 0.0311 
-12.6 0.37 0.0311 
-12.6 0.37 0.0312 
-12.6 0.37 0.0313 
-12.6 0.37 0.0314 
-12.6 0.37 0.0313 
-12.6 0.37 0.0313 
-12.6 0.37 0.0315 
-12.6 0.37 0.0316 
-12.6 0.37 0.0317 
-12.6 0.37 0.0318 
-12.6 0.37 0.0319 
-12.6 0.37 0.0319 
-12.6 0.37 0.032 
-12.6 0.37 0.032 
-12.6 0.37 0.0321 
-12.6 0.37 0.0321 
-12.6 0.371 0.0321 
-12.6 0.371 0.0319 
-12.6 0.37 0.032 
-12.5 0.37 0.032 
-12.5 0.37 0.0316 
-12.5 0.37 0.0317 
-12.5 0.37 0.0317 
-12.5 0.37 0.0313 
-12.5 0.371 0.0312 
-12.6 0.371 0.0311 
-12.5 0.37 0.0311 
-12.5 0.37 0.0312 
-12.5 0.37 0.0312 
-12.5 0.37 0.0312 
-12.5 0.37 0.0312 
-12.5 0.37 0.0312 
-12.5 0.37 0.0312 
-12.5 0.37 0.0308 
-12.5 0.37 0.0308 
-12.5 0.37 0.0301 
-12.5 0.37 0.0302 
-12.5 0.37 0.0302 
-12.5 0.37 0.0302 
-12.5 0.369 0.0296 
-12.6 0.369 0.029 
-12.6 0.369 0.0293 
-12.6 0.369 0.0287 
-12.6 0.369 0.0288 
-12.6 0.369 0.0289 
-12.6 0.369 0.0289 
-12.6 0.368 0.0288 
-12.6 0.369 0.0288 
-12.6 0.369 0.0288 
-12.6 0.369 0.0289 
-12.6 0.369 0.0289 
-12.6 0.368 0.0287 
-12.6 0.368 0.0288 
-12.6 0.368 0.0288 
-12.6 0.368 0.0283 
-12.6 0.368 0.0284 
-12.6 0.368 0.0284 
-12.6 0.368 0.0284 
-12.6 0.369 0.0282 
-12.6 0.369 0.0282 
-12.6 0.369 0.0276 
-12.6 0.369 0.0275 
-12.6 0.369 0.0275 
-12.6 0.369 0.0274 
-12.6 0.369 0.027 
-12.6 0.369 0.0272 
-12.6 0.369 0.0266 
-12.6 0.369 0.0266 
-12.6 0.369 0.0267 
-12.6 0.369 0.0268 
-12.6 0.369 0.0263 
-12.6 0.369 0.026 
-12.6 0.369 0.0261 
-12.6 0.369 0.0259 
-12.6 0.369 0.0261 
-12.6 0.368 0.0255 
-12.6 0.368 0.0258 
-12.5 0.368 0.0253 
-12.5 0.368 0.0253 
-12.5 0.368 0.0251 
-12.5 0.368 0.0253 
-12.5 0.368 0.0253 
-12.5 0.368 0.0249 
-12.5 0.368 0.025 
-12.5 0.368 0.0252 
-12.5 0.367 0.0252 
-12.5 0.367 0.0249 
-12.5 0.367 0.0244 
-12.5 0.367 0.0244 
-12.5 0.367 0.024 
-12.5 0.367 0.0241 
-12.6 0.366 0.0239 
-12.6 0.366 0.0235 
-12.6 0.366 0.0231 
-12.6 0.366 0.0227 
-12.6 0.366 0.0225 
-12.6 0.366 0.0221 
-12.6 0.366 0.0218 
-12.6 0.367 0.0212 
-12.5 0.367 0.0214 
-12.6 0.367 0.021 
-12.6 0.368 0.0209 
-12.6 0.368 0.0207 
-12.6 0.367 0.0219 
-12.6 0.368 0.0197 
-12.6 0.367 0.0196 
-12.6 0.367 0.0197 
-12.6 0.367 0.0198 
-12.6 0.367 0.02 
-12.6 0.368 0.02 
-12.6 0.368 0.0202 
-12.6 0.368 0.0202 
-12.6 0.367 0.0205 
-12.6 0.367 0.0207 
-12.6 0.367 0.0208 
-12.6 0.367 0.0207 
-12.6 0.367 0.021 
-12.6 0.367 0.0208 
-12.6 0.367 0.0211 
-12.6 0.367 0.021 
-12.6 0.366 0.0233 
-12.6 0.367 0.0215 
-12.6 0.367 0.0219 
-12.6 0.366 0.0237 
-12.6 0.367 0.0213 
-12.6 0.367 0.0221 
-12.6 0.367 0.0223 
-12.6 0.367 0.0227 
-12.6 0.367 0.0222 
-12.6 0.367 0.0228 
-12.6 0.367 0.0227 
-12.6 0.367 0.0231 
-12.5 0.367 0.023 
-12.8 0.344 0.0144 
-12.5 0.366 0.0257 
-12.5 0.367 0.0221 
-12.6 0.367 0.0223 
-12.6 0.367 0.022 
-12.6 0.368 0.0221 
-12.6 0.368 0.0217 
-12.6 0.367 0.0214 
-12.6 0.367 0.0226 
-12.6 0.367 0.0218 
-12.6 0.367 0.0218 
-12.6 0.367 0.0218 
-12.6 0.367 0.0218 
-12.6 0.367 0.0219 
-12.6 0.367 0.0219 
-12.6 0.367 0.022 
-12.6 0.367 0.022 
-12.6 0.367 0.022 
-12.6 0.367 0.022 
