74.7 -0.321 -0.0324 
74.7 -0.342 -0.0422 
74.7 -0.297 -0.0607 
74.5 -0.565 -0.133 
74.5 -0.58 -0.127 
74.5 -0.548 -0.088 
74.6 -0.429 -0.0857 
74.3 -0.682 -0.206 
74.5 -0.531 -0.189 
74.5 -0.53 -0.175 
74.4 -0.525 -0.221 
74.5 -0.55 -0.212 
74.5 -0.548 -0.199 
74 -0.602 -0.243 
73.9 -0.611 -0.251 
74 -0.632 -0.265 
73.4 -0.688 -0.316 
73.3 -0.689 -0.325 
73.8 -0.682 -0.257 
73.9 -0.706 -0.271 
73.9 -0.721 -0.287 
73.8 -0.73 -0.294 
73.8 -0.731 -0.307 
73.7 -0.738 -0.327 
73.7 -0.743 -0.292 
73.6 -0.743 -0.289 
73.7 -0.744 -0.289 
73.8 -0.745 -0.282 
73.8 -0.745 -0.282 
73.8 -0.745 -0.282 
73.8 -0.745 -0.282 
73.8 -0.745 -0.282 
73.8 -0.745 -0.282 
73.8 -0.745 -0.282 
73.8 -0.745 -0.282 
73.8 -0.745 -0.282 
73.8 -0.745 -0.282 
73.8 -0.745 -0.282 
73.8 -0.745 -0.282 
73.8 -0.745 -0.282 
73.8 -0.745 -0.282 
73.8 -0.745 -0.282 
73.8 -0.745 -0.282 
73.8 -0.745 -0.282 
73.8 -0.745 -0.282 
73.8 -0.745 -0.282 
73.8 -0.745 -0.282 
73.8 -0.745 -0.282 
73.8 -0.745 -0.282 
73.8 -0.745 -0.282 
73.8 -0.745 -0.282 
73.8 -0.745 -0.282 
73.8 -0.745 -0.282 
73.8 -0.745 -0.282 
73.8 -0.745 -0.282 
73.8 -0.745 -0.282 
73.8 -0.745 -0.282 
73.8 -0.745 -0.282 
73.8 -0.745 -0.282 
73.8 -0.745 -0.282 
73.8 -0.745 -0.282 
73.8 -0.745 -0.282 
73.8 -0.745 -0.282 
73.8 -0.745 -0.282 
73.8 -0.745 -0.282 
73.8 -0.745 -0.282 
73.8 -0.745 -0.282 
73.8 -0.745 -0.282 
73.8 -0.745 -0.282 
73.8 -0.745 -0.282 
73.8 -0.745 -0.282 
73.8 -0.745 -0.282 
73.8 -0.745 -0.282 
73.8 -0.745 -0.282 
73.8 -0.745 -0.282 
73.8 -0.745 -0.282 
73.8 -0.745 -0.282 
73.8 -0.745 -0.282 
73.8 -0.745 -0.282 
73.8 -0.745 -0.282 
73.8 -0.745 -0.282 
73.8 -0.745 -0.282 
73.8 -0.745 -0.282 
73.8 -0.745 -0.282 
73.8 -0.745 -0.282 
73.8 -0.745 -0.282 
73.8 -0.745 -0.282 
73.8 -0.745 -0.282 
73.8 -0.745 -0.282 
73.8 -0.745 -0.282 
73.8 -0.745 -0.282 
73.8 -0.745 -0.282 
73.8 -0.745 -0.282 
73.8 -0.745 -0.282 
73.8 -0.745 -0.282 
73.8 -0.745 -0.282 
73.8 -0.745 -0.282 
73.8 -0.745 -0.282 
73.8 -0.745 -0.282 
73.8 -0.745 -0.282 
73.8 -0.745 -0.282 
73.8 -0.745 -0.282 
73.8 -0.745 -0.282 
73.8 -0.745 -0.282 
73.8 -0.745 -0.282 
73.8 -0.745 -0.282 
73.8 -0.745 -0.282 
73.8 -0.745 -0.282 
73.8 -0.745 -0.282 
73.8 -0.745 -0.282 
73.8 -0.745 -0.282 
73.8 -0.745 -0.282 
73.8 -0.745 -0.282 
73.8 -0.745 -0.282 
73.8 -0.745 -0.282 
73.8 -0.745 -0.282 
73.8 -0.745 -0.282 
73.8 -0.745 -0.282 
73.8 -0.745 -0.282 
73.8 -0.745 -0.282 
73.8 -0.745 -0.282 
73.8 -0.745 -0.282 
73.8 -0.745 -0.282 
73.8 -0.745 -0.282 
73.8 -0.745 -0.282 
73.8 -0.745 -0.282 
73.8 -0.745 -0.282 
73.8 -0.745 -0.282 
73.8 -0.745 -0.282 
73.8 -0.745 -0.282 
73.8 -0.745 -0.282 
73.8 -0.745 -0.282 
73.8 -0.745 -0.282 
73.8 -0.745 -0.282 
73.8 -0.745 -0.282 
73.8 -0.745 -0.282 
73.8 -0.745 -0.282 
73.8 -0.745 -0.282 
73.8 -0.745 -0.282 
73.8 -0.745 -0.282 
73.8 -0.745 -0.282 
73.8 -0.745 -0.282 
73.8 -0.745 -0.282 
73.8 -0.745 -0.282 
73.8 -0.745 -0.282 
73.8 -0.745 -0.282 
73.8 -0.745 -0.282 
73.8 -0.745 -0.282 
73.8 -0.745 -0.282 
73.8 -0.745 -0.282 
73.8 -0.745 -0.282 
73.8 -0.745 -0.282 
73.8 -0.745 -0.282 
73.8 -0.745 -0.282 
73.8 -0.745 -0.282 
73.8 -0.745 -0.282 
73.8 -0.745 -0.282 
73.8 -0.745 -0.282 
73.8 -0.745 -0.282 
73.8 -0.745 -0.282 
73.8 -0.745 -0.282 
73.8 -0.745 -0.282 
73.8 -0.745 -0.282 
73.8 -0.745 -0.282 
73.8 -0.745 -0.282 
73.8 -0.745 -0.282 
73.8 -0.745 -0.282 
73.8 -0.745 -0.282 
73.8 -0.745 -0.282 
73.8 -0.745 -0.282 
73.8 -0.745 -0.282 
73.8 -0.745 -0.282 
73.8 -0.745 -0.282 
73.8 -0.745 -0.282 
73.8 -0.745 -0.282 
73.8 -0.745 -0.282 
73.8 -0.745 -0.282 
73.8 -0.745 -0.282 
73.8 -0.745 -0.282 
73.8 -0.745 -0.282 
73.8 -0.745 -0.282 
73.8 -0.745 -0.282 
73.8 -0.745 -0.282 
73.8 -0.745 -0.282 
73.8 -0.745 -0.282 
73.8 -0.745 -0.282 
73.8 -0.745 -0.282 
73.8 -0.745 -0.282 
73.8 -0.745 -0.282 
73.8 -0.745 -0.282 
73.8 -0.745 -0.282 
73.8 -0.745 -0.282 
73.8 -0.745 -0.282 
73.8 -0.745 -0.282 
73.8 -0.745 -0.282 
73.8 -0.745 -0.282 
73.8 -0.745 -0.282 
73.8 -0.745 -0.282 
73.8 -0.745 -0.282 
73.8 -0.745 -0.282 
73.8 -0.745 -0.282 
73.8 -0.745 -0.282 
73.8 -0.745 -0.282 
73.8 -0.745 -0.282 
73.8 -0.745 -0.282 
73.8 -0.745 -0.282 
73.8 -0.745 -0.282 
73.8 -0.745 -0.282 
73.8 -0.745 -0.282 
73.8 -0.745 -0.282 
73.8 -0.745 -0.282 
73.8 -0.745 -0.282 
73.8 -0.745 -0.282 
73.8 -0.745 -0.282 
73.8 -0.745 -0.282 
73.8 -0.745 -0.282 
73.8 -0.745 -0.282 
73.8 -0.745 -0.282 
73.8 -0.745 -0.282 
73.8 -0.745 -0.282 
73.8 -0.745 -0.282 
73.8 -0.745 -0.282 
73.8 -0.745 -0.282 
73.8 -0.745 -0.282 
73.8 -0.745 -0.282 
73.8 -0.745 -0.282 
73.8 -0.745 -0.282 
73.8 -0.745 -0.282 
73.8 -0.745 -0.282 
73.8 -0.745 -0.282 
73.8 -0.745 -0.282 
73.8 -0.745 -0.282 
73.8 -0.745 -0.282 
73.8 -0.745 -0.282 
73.8 -0.745 -0.282 
73.8 -0.745 -0.282 
73.8 -0.745 -0.282 
73.8 -0.745 -0.282 
73.8 -0.745 -0.282 
73.8 -0.745 -0.282 
73.8 -0.745 -0.282 
73.8 -0.745 -0.282 
73.8 -0.745 -0.282 
73.8 -0.745 -0.282 
73.8 -0.745 -0.282 
73.8 -0.745 -0.282 
73.8 -0.745 -0.282 
73.8 -0.745 -0.282 
73.8 -0.745 -0.282 
73.8 -0.745 -0.282 
73.8 -0.745 -0.282 
73.8 -0.745 -0.282 
73.8 -0.745 -0.282 
73.8 -0.745 -0.282 
73.8 -0.745 -0.282 
73.8 -0.745 -0.282 
73.8 -0.745 -0.282 
73.8 -0.745 -0.282 
73.8 -0.745 -0.282 
73.8 -0.745 -0.282 
73.8 -0.745 -0.282 
73.8 -0.745 -0.282 
73.8 -0.745 -0.282 
73.8 -0.745 -0.282 
73.8 -0.745 -0.282 
73.8 -0.745 -0.282 
73.8 -0.745 -0.282 
73.8 -0.745 -0.282 
73.8 -0.745 -0.282 
73.8 -0.745 -0.282 
73.8 -0.745 -0.282 
73.8 -0.745 -0.282 
73.8 -0.745 -0.282 
73.8 -0.745 -0.282 
73.8 -0.745 -0.282 
73.8 -0.745 -0.282 
73.8 -0.745 -0.282 
73.8 -0.745 -0.282 
73.8 -0.745 -0.282 
73.8 -0.745 -0.282 
73.8 -0.745 -0.282 
73.8 -0.745 -0.282 
73.8 -0.745 -0.282 
73.8 -0.745 -0.282 
73.8 -0.745 -0.282 
73.8 -0.745 -0.282 
73.8 -0.745 -0.282 
73.8 -0.745 -0.282 
73.8 -0.745 -0.282 
73.8 -0.745 -0.282 
73.8 -0.745 -0.282 
73.8 -0.745 -0.282 
73.8 -0.745 -0.282 
73.8 -0.745 -0.282 
73.8 -0.745 -0.282 
73.8 -0.745 -0.282 
73.8 -0.745 -0.282 
73.8 -0.745 -0.282 
73.8 -0.745 -0.282 
73.8 -0.745 -0.282 
73.8 -0.745 -0.282 
73.8 -0.745 -0.282 
73.8 -0.745 -0.282 
73.8 -0.745 -0.282 
73.8 -0.745 -0.282 
73.8 -0.745 -0.282 
73.8 -0.745 -0.282 
73.8 -0.745 -0.282 
73.8 -0.745 -0.282 
73.8 -0.745 -0.282 
73.8 -0.745 -0.282 
73.8 -0.745 -0.282 
73.8 -0.745 -0.282 
73.8 -0.745 -0.282 
73.8 -0.745 -0.282 
73.8 -0.745 -0.282 
73.8 -0.745 -0.282 
73.8 -0.745 -0.282 
73.8 -0.745 -0.282 
73.8 -0.745 -0.282 
73.8 -0.745 -0.282 
73.8 -0.745 -0.282 
73.8 -0.745 -0.282 
73.8 -0.745 -0.282 
73.8 -0.745 -0.282 
73.8 -0.745 -0.282 
73.8 -0.745 -0.282 
73.8 -0.745 -0.282 
73.8 -0.745 -0.282 
73.8 -0.745 -0.282 
73.8 -0.745 -0.282 
73.8 -0.745 -0.282 
73.8 -0.745 -0.282 
73.8 -0.745 -0.282 
73.8 -0.745 -0.282 
73.8 -0.745 -0.282 
73.8 -0.745 -0.282 
73.8 -0.745 -0.282 
73.8 -0.745 -0.282 
73.8 -0.745 -0.282 
73.8 -0.745 -0.282 
73.8 -0.745 -0.282 
73.8 -0.745 -0.282 
73.8 -0.745 -0.282 
73.8 -0.745 -0.282 
73.8 -0.745 -0.282 
73.8 -0.745 -0.282 
73.8 -0.745 -0.282 
73.8 -0.745 -0.282 
73.8 -0.745 -0.282 
73.8 -0.745 -0.282 
73.8 -0.745 -0.282 
73.8 -0.745 -0.282 
73.8 -0.745 -0.282 
73.8 -0.745 -0.282 
73.8 -0.745 -0.282 
73.8 -0.745 -0.282 
73.8 -0.745 -0.282 
73.8 -0.745 -0.282 
73.8 -0.745 -0.282 
73.8 -0.745 -0.282 
73.8 -0.745 -0.282 
73.8 -0.745 -0.282 
73.8 -0.745 -0.282 
73.8 -0.745 -0.282 
73.8 -0.745 -0.282 
73.8 -0.745 -0.282 
73.8 -0.745 -0.282 
73.8 -0.745 -0.282 
73.8 -0.745 -0.282 
73.8 -0.745 -0.282 
73.8 -0.745 -0.282 
73.8 -0.745 -0.282 
73.8 -0.745 -0.282 
73.8 -0.745 -0.282 
73.8 -0.745 -0.282 
73.8 -0.745 -0.282 
73.8 -0.745 -0.282 
73.8 -0.745 -0.282 
73.8 -0.745 -0.282 
73.8 -0.745 -0.282 
73.8 -0.745 -0.282 
73.8 -0.745 -0.282 
73.8 -0.745 -0.282 
73.8 -0.745 -0.282 
73.8 -0.745 -0.282 
73.8 -0.745 -0.282 
73.8 -0.745 -0.282 
73.8 -0.745 -0.282 
73.8 -0.745 -0.282 
73.8 -0.745 -0.282 
73.8 -0.745 -0.282 
73.8 -0.745 -0.282 
73.8 -0.745 -0.282 
73.8 -0.745 -0.282 
73.8 -0.745 -0.282 
73.8 -0.745 -0.282 
73.8 -0.745 -0.282 
73.8 -0.745 -0.282 
73.8 -0.745 -0.282 
73.8 -0.745 -0.282 
73.8 -0.745 -0.282 
73.8 -0.745 -0.282 
73.8 -0.745 -0.282 
73.8 -0.745 -0.282 
73.8 -0.745 -0.282 
73.8 -0.745 -0.282 
73.8 -0.745 -0.282 
73.8 -0.745 -0.282 
73.8 -0.745 -0.282 
73.8 -0.745 -0.282 
73.8 -0.745 -0.282 
73.8 -0.745 -0.282 
73.8 -0.745 -0.282 
73.8 -0.745 -0.282 
73.8 -0.745 -0.282 
73.8 -0.745 -0.282 
73.8 -0.745 -0.282 
73.8 -0.745 -0.282 
73.8 -0.745 -0.282 
73.8 -0.745 -0.282 
73.8 -0.745 -0.282 
73.8 -0.745 -0.282 
73.8 -0.745 -0.282 
73.8 -0.745 -0.282 
73.8 -0.745 -0.282 
73.8 -0.745 -0.282 
73.8 -0.745 -0.282 
73.8 -0.745 -0.282 
73.8 -0.745 -0.282 
73.8 -0.745 -0.282 
73.8 -0.745 -0.282 
73.8 -0.745 -0.282 
73.8 -0.745 -0.282 
73.8 -0.745 -0.282 
73.8 -0.745 -0.282 
73.8 -0.745 -0.282 
73.8 -0.745 -0.282 
73.8 -0.745 -0.282 
73.8 -0.745 -0.282 
73.8 -0.745 -0.282 
73.8 -0.745 -0.282 
73.8 -0.745 -0.282 
73.8 -0.745 -0.282 
73.8 -0.745 -0.282 
73.8 -0.745 -0.282 
73.8 -0.745 -0.282 
73.8 -0.745 -0.282 
73.8 -0.745 -0.282 
73.8 -0.745 -0.282 
73.8 -0.745 -0.282 
73.8 -0.745 -0.282 
73.8 -0.745 -0.282 
73.8 -0.745 -0.282 
73.8 -0.745 -0.282 
73.8 -0.745 -0.282 
73.8 -0.745 -0.282 
73.8 -0.745 -0.282 
73.8 -0.745 -0.282 
73.8 -0.745 -0.282 
73.8 -0.745 -0.282 
73.8 -0.745 -0.282 
73.8 -0.745 -0.282 
73.8 -0.745 -0.282 
73.8 -0.745 -0.282 
73.8 -0.745 -0.282 
73.8 -0.745 -0.282 
73.8 -0.745 -0.282 
73.8 -0.745 -0.282 
73.8 -0.745 -0.282 
73.8 -0.745 -0.282 
73.8 -0.745 -0.282 
73.8 -0.745 -0.282 
73.8 -0.745 -0.282 
73.8 -0.745 -0.282 
73.8 -0.745 -0.282 
73.8 -0.745 -0.282 
73.8 -0.745 -0.282 
73.8 -0.745 -0.282 
73.8 -0.745 -0.282 
73.8 -0.745 -0.282 
73.8 -0.745 -0.282 
73.8 -0.745 -0.282 
73.8 -0.745 -0.282 
73.8 -0.745 -0.282 
73.8 -0.745 -0.282 
73.8 -0.745 -0.282 
73.8 -0.745 -0.282 
73.8 -0.745 -0.282 
73.8 -0.745 -0.282 
73.8 -0.745 -0.282 
73.8 -0.745 -0.282 
73.8 -0.745 -0.282 
73.8 -0.745 -0.282 
73.8 -0.745 -0.282 
73.8 -0.745 -0.282 
73.8 -0.745 -0.282 
73.8 -0.745 -0.282 
73.8 -0.745 -0.282 
73.8 -0.745 -0.282 
73.8 -0.745 -0.282 
73.8 -0.745 -0.282 
73.8 -0.745 -0.282 
73.8 -0.745 -0.282 
73.8 -0.745 -0.282 
73.8 -0.745 -0.282 
73.8 -0.745 -0.282 
73.8 -0.745 -0.282 
73.8 -0.745 -0.282 
73.8 -0.745 -0.282 
73.8 -0.745 -0.282 
73.8 -0.745 -0.282 
73.8 -0.745 -0.282 
73.8 -0.745 -0.282 
73.8 -0.745 -0.282 
73.8 -0.745 -0.282 
73.8 -0.745 -0.282 
73.8 -0.745 -0.282 
73.8 -0.745 -0.282 
73.8 -0.745 -0.282 
73.8 -0.745 -0.282 
73.8 -0.745 -0.282 
73.8 -0.745 -0.282 
73.8 -0.745 -0.282 
73.8 -0.745 -0.282 
73.8 -0.745 -0.282 
73.8 -0.745 -0.282 
73.8 -0.745 -0.282 
73.8 -0.745 -0.282 
73.8 -0.745 -0.282 
73.8 -0.745 -0.282 
73.8 -0.745 -0.282 
73.8 -0.745 -0.282 
73.8 -0.745 -0.282 
73.8 -0.745 -0.282 
73.8 -0.745 -0.282 
73.8 -0.745 -0.282 
73.8 -0.745 -0.282 
73.8 -0.745 -0.282 
73.8 -0.745 -0.282 
73.8 -0.745 -0.282 
73.8 -0.745 -0.282 
73.8 -0.745 -0.282 
73.8 -0.745 -0.282 
73.8 -0.745 -0.282 
73.8 -0.745 -0.282 
73.8 -0.745 -0.282 
73.8 -0.745 -0.282 
73.8 -0.745 -0.282 
73.8 -0.745 -0.282 
73.8 -0.745 -0.282 
73.8 -0.745 -0.282 
73.8 -0.745 -0.282 
73.8 -0.745 -0.282 
73.8 -0.745 -0.282 
73.8 -0.745 -0.282 
73.8 -0.745 -0.282 
73.8 -0.745 -0.282 
73.8 -0.745 -0.282 
73.8 -0.745 -0.282 
73.8 -0.745 -0.282 
73.8 -0.745 -0.282 
73.8 -0.745 -0.282 
73.8 -0.745 -0.282 
73.8 -0.745 -0.282 
73.8 -0.745 -0.282 
73.8 -0.745 -0.282 
73.8 -0.745 -0.282 
73.8 -0.745 -0.282 
73.8 -0.745 -0.282 
73.8 -0.745 -0.282 
73.8 -0.745 -0.282 
73.8 -0.745 -0.282 
73.8 -0.745 -0.282 
73.8 -0.745 -0.282 
73.8 -0.745 -0.282 
73.8 -0.745 -0.282 
73.8 -0.745 -0.282 
73.8 -0.745 -0.282 
73.8 -0.745 -0.282 
73.8 -0.745 -0.282 
73.8 -0.745 -0.282 
73.8 -0.745 -0.282 
73.8 -0.745 -0.282 
73.8 -0.745 -0.282 
73.8 -0.745 -0.282 
73.8 -0.745 -0.282 
73.8 -0.745 -0.282 
73.8 -0.745 -0.282 
73.8 -0.745 -0.282 
73.8 -0.745 -0.282 
73.8 -0.745 -0.282 
73.8 -0.745 -0.282 
73.8 -0.745 -0.282 
73.8 -0.745 -0.282 
73.8 -0.745 -0.282 
73.8 -0.745 -0.282 
73.8 -0.745 -0.282 
73.8 -0.745 -0.282 
73.8 -0.745 -0.282 
73.8 -0.745 -0.282 
73.8 -0.745 -0.282 
73.8 -0.745 -0.282 
73.8 -0.745 -0.282 
73.8 -0.745 -0.282 
73.8 -0.745 -0.282 
73.8 -0.745 -0.282 
73.8 -0.745 -0.282 
73.8 -0.745 -0.282 
73.8 -0.745 -0.282 
73.8 -0.745 -0.282 
73.8 -0.745 -0.282 
73.8 -0.745 -0.282 
73.8 -0.745 -0.282 
73.8 -0.745 -0.282 
73.8 -0.745 -0.282 
73.8 -0.745 -0.282 
73.8 -0.745 -0.282 
73.8 -0.745 -0.282 
73.8 -0.745 -0.282 
73.8 -0.745 -0.282 
73.8 -0.745 -0.282 
73.8 -0.745 -0.282 
73.8 -0.745 -0.282 
73.8 -0.745 -0.282 
73.8 -0.745 -0.282 
73.8 -0.745 -0.282 
73.8 -0.745 -0.282 
73.8 -0.745 -0.282 
73.8 -0.745 -0.282 
73.8 -0.745 -0.282 
73.8 -0.745 -0.282 
73.8 -0.745 -0.282 
73.8 -0.745 -0.282 
73.8 -0.745 -0.282 
73.8 -0.745 -0.282 
73.8 -0.745 -0.282 
73.8 -0.745 -0.282 
73.8 -0.745 -0.282 
73.8 -0.745 -0.282 
73.8 -0.745 -0.282 
73.8 -0.745 -0.282 
73.8 -0.745 -0.282 
73.8 -0.745 -0.282 
73.8 -0.745 -0.282 
73.8 -0.745 -0.282 
73.8 -0.745 -0.282 
73.8 -0.745 -0.282 
73.8 -0.745 -0.282 
73.8 -0.745 -0.282 
73.8 -0.745 -0.282 
73.8 -0.745 -0.282 
73.8 -0.745 -0.282 
73.8 -0.745 -0.282 
73.8 -0.745 -0.282 
73.8 -0.745 -0.282 
73.8 -0.745 -0.282 
73.8 -0.745 -0.282 
73.8 -0.745 -0.282 
73.8 -0.745 -0.282 
73.8 -0.745 -0.282 
73.8 -0.745 -0.282 
73.8 -0.745 -0.282 
73.8 -0.745 -0.282 
73.8 -0.745 -0.282 
73.8 -0.745 -0.282 
73.8 -0.745 -0.282 
73.8 -0.745 -0.282 
73.8 -0.745 -0.282 
73.8 -0.745 -0.282 
73.8 -0.745 -0.282 
73.8 -0.745 -0.282 
73.8 -0.745 -0.282 
73.8 -0.745 -0.282 
73.8 -0.745 -0.282 
73.8 -0.745 -0.282 
73.8 -0.745 -0.282 
73.8 -0.745 -0.282 
73.8 -0.745 -0.282 
73.8 -0.745 -0.282 
73.8 -0.745 -0.282 
73.8 -0.745 -0.282 
73.8 -0.745 -0.282 
73.8 -0.745 -0.282 
73.8 -0.745 -0.282 
73.8 -0.745 -0.282 
73.8 -0.745 -0.282 
73.8 -0.745 -0.282 
73.8 -0.745 -0.282 
73.8 -0.745 -0.282 
73.8 -0.745 -0.282 
73.8 -0.745 -0.282 
73.8 -0.745 -0.282 
73.8 -0.745 -0.282 
73.8 -0.745 -0.282 
73.8 -0.745 -0.282 
73.8 -0.745 -0.282 
73.8 -0.745 -0.282 
73.8 -0.745 -0.282 
73.8 -0.745 -0.282 
73.8 -0.745 -0.282 
73.8 -0.745 -0.282 
73.8 -0.745 -0.282 
73.8 -0.745 -0.282 
73.8 -0.745 -0.282 
73.8 -0.745 -0.282 
73.8 -0.745 -0.282 
73.8 -0.745 -0.282 
73.8 -0.745 -0.282 
73.8 -0.745 -0.282 
73.8 -0.745 -0.282 
73.8 -0.745 -0.282 
73.8 -0.745 -0.282 
73.8 -0.745 -0.282 
73.8 -0.745 -0.282 
73.8 -0.745 -0.282 
73.8 -0.745 -0.282 
73.8 -0.745 -0.282 
73.8 -0.745 -0.282 
73.8 -0.745 -0.282 
73.8 -0.745 -0.282 
73.8 -0.745 -0.282 
73.8 -0.745 -0.282 
73.8 -0.745 -0.282 
73.8 -0.745 -0.282 
73.8 -0.745 -0.282 
73.8 -0.745 -0.282 
73.8 -0.745 -0.282 
73.8 -0.745 -0.282 
73.8 -0.745 -0.282 
73.8 -0.745 -0.282 
73.8 -0.745 -0.282 
73.8 -0.745 -0.282 
73.8 -0.745 -0.282 
73.8 -0.745 -0.282 
73.8 -0.745 -0.282 
73.8 -0.745 -0.282 
73.8 -0.745 -0.282 
73.8 -0.745 -0.282 
73.8 -0.745 -0.282 
73.8 -0.745 -0.282 
73.8 -0.745 -0.282 
73.8 -0.745 -0.282 
73.8 -0.745 -0.282 
73.8 -0.745 -0.282 
73.8 -0.745 -0.282 
73.8 -0.745 -0.282 
73.8 -0.745 -0.282 
73.8 -0.745 -0.282 
73.8 -0.745 -0.282 
73.8 -0.745 -0.282 
73.8 -0.745 -0.282 
73.8 -0.745 -0.282 
73.8 -0.745 -0.282 
73.8 -0.745 -0.282 
73.8 -0.745 -0.282 
73.8 -0.745 -0.282 
73.8 -0.745 -0.282 
73.8 -0.745 -0.282 
73.8 -0.745 -0.282 
73.8 -0.745 -0.282 
73.8 -0.745 -0.282 
73.8 -0.745 -0.282 
73.8 -0.745 -0.282 
73.8 -0.745 -0.282 
73.8 -0.745 -0.282 
73.8 -0.745 -0.282 
73.8 -0.745 -0.282 
73.8 -0.745 -0.282 
73.8 -0.745 -0.282 
73.8 -0.745 -0.282 
73.8 -0.745 -0.282 
73.8 -0.745 -0.282 
73.8 -0.745 -0.282 
73.8 -0.745 -0.282 
73.8 -0.745 -0.282 
73.8 -0.745 -0.282 
73.8 -0.745 -0.282 
73.8 -0.745 -0.282 
73.8 -0.745 -0.282 
73.8 -0.745 -0.282 
73.8 -0.745 -0.282 
73.8 -0.745 -0.282 
73.8 -0.745 -0.282 
73.8 -0.745 -0.282 
73.8 -0.745 -0.282 
73.8 -0.745 -0.282 
73.8 -0.745 -0.282 
73.8 -0.745 -0.282 
73.8 -0.745 -0.282 
73.8 -0.745 -0.282 
73.8 -0.745 -0.282 
73.8 -0.745 -0.282 
73.8 -0.745 -0.282 
73.8 -0.745 -0.282 
73.8 -0.745 -0.282 
73.8 -0.745 -0.282 
73.8 -0.745 -0.282 
73.8 -0.745 -0.282 
73.8 -0.745 -0.282 
73.8 -0.745 -0.282 
73.8 -0.745 -0.282 
73.8 -0.745 -0.282 
73.8 -0.745 -0.282 
73.8 -0.745 -0.282 
73.8 -0.745 -0.282 
73.8 -0.745 -0.282 
73.8 -0.745 -0.282 
73.8 -0.745 -0.282 
73.8 -0.745 -0.282 
73.8 -0.745 -0.282 
73.8 -0.745 -0.282 
73.8 -0.745 -0.282 
73.8 -0.745 -0.282 
73.8 -0.745 -0.282 
73.8 -0.745 -0.282 
73.8 -0.745 -0.282 
73.8 -0.745 -0.282 
73.8 -0.745 -0.282 
73.8 -0.745 -0.282 
73.8 -0.745 -0.282 
73.8 -0.745 -0.282 
73.8 -0.745 -0.282 
73.8 -0.745 -0.282 
73.8 -0.745 -0.282 
73.8 -0.745 -0.282 
73.8 -0.745 -0.282 
73.8 -0.745 -0.282 
73.8 -0.745 -0.282 
73.8 -0.745 -0.282 
73.8 -0.745 -0.282 
73.8 -0.745 -0.282 
73.8 -0.745 -0.282 
73.8 -0.745 -0.282 
73.8 -0.745 -0.282 
73.8 -0.745 -0.282 
73.8 -0.745 -0.282 
73.8 -0.745 -0.282 
73.8 -0.745 -0.282 
73.8 -0.745 -0.282 
73.8 -0.745 -0.282 
73.8 -0.745 -0.282 
73.8 -0.745 -0.282 
73.8 -0.745 -0.282 
73.8 -0.745 -0.282 
73.8 -0.745 -0.282 
73.8 -0.745 -0.282 
73.8 -0.745 -0.282 
73.8 -0.745 -0.282 
73.8 -0.745 -0.282 
73.8 -0.745 -0.282 
73.8 -0.745 -0.282 
73.8 -0.745 -0.282 
73.8 -0.745 -0.282 
73.8 -0.745 -0.282 
73.8 -0.745 -0.282 
73.8 -0.745 -0.282 
73.8 -0.745 -0.282 
73.8 -0.745 -0.282 
73.8 -0.745 -0.282 
73.8 -0.745 -0.282 
73.8 -0.745 -0.282 
73.8 -0.745 -0.282 
73.8 -0.745 -0.282 
73.8 -0.745 -0.282 
73.8 -0.745 -0.282 
73.8 -0.745 -0.282 
73.8 -0.745 -0.282 
73.8 -0.745 -0.282 
73.8 -0.745 -0.282 
73.8 -0.745 -0.282 
73.8 -0.745 -0.282 
73.8 -0.745 -0.282 
73.8 -0.745 -0.282 
73.8 -0.745 -0.282 
73.8 -0.745 -0.282 
73.8 -0.745 -0.282 
73.8 -0.745 -0.282 
73.8 -0.745 -0.282 
73.8 -0.745 -0.282 
73.8 -0.745 -0.282 
73.8 -0.745 -0.282 
73.8 -0.745 -0.282 
73.8 -0.745 -0.282 
73.8 -0.745 -0.282 
73.8 -0.745 -0.282 
73.8 -0.745 -0.282 
73.8 -0.745 -0.282 
73.8 -0.745 -0.282 
73.8 -0.745 -0.282 
73.8 -0.745 -0.282 
73.8 -0.745 -0.282 
73.8 -0.745 -0.282 
73.8 -0.745 -0.282 
73.8 -0.745 -0.282 
73.8 -0.745 -0.282 
73.8 -0.745 -0.282 
73.8 -0.745 -0.282 
73.8 -0.745 -0.282 
73.8 -0.745 -0.282 
73.8 -0.745 -0.282 
73.8 -0.745 -0.282 
73.8 -0.745 -0.282 
73.8 -0.745 -0.282 
73.8 -0.745 -0.282 
73.8 -0.745 -0.282 
73.8 -0.745 -0.282 
73.8 -0.745 -0.282 
73.8 -0.745 -0.282 
73.8 -0.745 -0.282 
73.8 -0.745 -0.282 
73.8 -0.745 -0.282 
73.8 -0.745 -0.282 
73.8 -0.745 -0.282 
73.8 -0.745 -0.282 
73.8 -0.745 -0.282 
73.8 -0.745 -0.282 
73.8 -0.745 -0.282 
73.8 -0.745 -0.282 
73.8 -0.745 -0.282 
73.8 -0.745 -0.282 
73.8 -0.745 -0.282 
73.8 -0.745 -0.282 
73.8 -0.745 -0.282 
73.8 -0.745 -0.282 
73.8 -0.745 -0.282 
73.8 -0.745 -0.282 
73.8 -0.745 -0.282 
73.8 -0.745 -0.282 
73.8 -0.745 -0.282 
73.8 -0.745 -0.282 
73.8 -0.745 -0.282 
73.8 -0.745 -0.282 
73.8 -0.745 -0.282 
73.8 -0.745 -0.282 
73.8 -0.745 -0.282 
73.8 -0.745 -0.282 
73.8 -0.745 -0.282 
73.8 -0.745 -0.282 
73.8 -0.745 -0.282 
73.8 -0.745 -0.282 
73.8 -0.745 -0.282 
73.8 -0.745 -0.282 
73.8 -0.745 -0.282 
73.8 -0.745 -0.282 
73.8 -0.745 -0.282 
73.8 -0.745 -0.282 
73.8 -0.745 -0.282 
73.8 -0.745 -0.282 
73.8 -0.745 -0.282 
73.8 -0.745 -0.282 
73.8 -0.745 -0.282 
73.8 -0.745 -0.282 
73.8 -0.745 -0.282 
73.8 -0.745 -0.282 
73.8 -0.745 -0.282 
73.8 -0.745 -0.282 
73.8 -0.745 -0.282 
73.8 -0.745 -0.282 
73.8 -0.745 -0.282 
73.8 -0.745 -0.282 
73.8 -0.745 -0.282 
73.8 -0.745 -0.282 
73.8 -0.745 -0.282 
73.8 -0.745 -0.282 
73.8 -0.745 -0.282 
73.8 -0.745 -0.282 
73.8 -0.745 -0.282 
73.8 -0.745 -0.282 
73.8 -0.745 -0.282 
73.8 -0.745 -0.282 
73.8 -0.745 -0.282 
73.8 -0.745 -0.282 
73.8 -0.745 -0.282 
73.8 -0.745 -0.282 
73.8 -0.745 -0.282 
73.8 -0.745 -0.282 
73.8 -0.745 -0.282 
73.8 -0.745 -0.282 
73.8 -0.745 -0.282 
73.8 -0.745 -0.282 
73.8 -0.745 -0.282 
73.8 -0.745 -0.282 
73.8 -0.745 -0.282 
73.8 -0.745 -0.282 
73.8 -0.745 -0.282 
73.8 -0.745 -0.282 
73.8 -0.745 -0.282 
73.8 -0.745 -0.282 
73.8 -0.745 -0.282 
73.8 -0.745 -0.282 
73.8 -0.745 -0.282 
73.8 -0.745 -0.282 
73.8 -0.745 -0.282 
73.8 -0.745 -0.282 
73.8 -0.745 -0.282 
73.8 -0.745 -0.282 
73.8 -0.745 -0.282 
73.8 -0.745 -0.282 
73.8 -0.745 -0.282 
73.8 -0.745 -0.282 
73.8 -0.745 -0.282 
73.8 -0.745 -0.282 
73.8 -0.745 -0.282 
73.8 -0.745 -0.282 
73.8 -0.745 -0.282 
73.8 -0.745 -0.282 
73.8 -0.745 -0.282 
73.8 -0.745 -0.282 
73.8 -0.745 -0.282 
73.8 -0.745 -0.282 
73.8 -0.745 -0.282 
73.8 -0.745 -0.282 
73.8 -0.745 -0.282 
73.8 -0.745 -0.282 
73.8 -0.745 -0.282 
73.8 -0.745 -0.282 
73.8 -0.745 -0.282 
73.8 -0.745 -0.282 
73.8 -0.745 -0.282 
73.8 -0.745 -0.282 
73.8 -0.745 -0.282 
73.8 -0.745 -0.282 
73.8 -0.745 -0.282 
73.8 -0.745 -0.282 
73.8 -0.745 -0.282 
73.8 -0.745 -0.282 
73.8 -0.745 -0.282 
73.8 -0.745 -0.282 
73.8 -0.745 -0.282 
73.8 -0.745 -0.282 
73.8 -0.745 -0.282 
73.8 -0.745 -0.282 
73.8 -0.745 -0.282 
73.8 -0.745 -0.282 
73.8 -0.745 -0.282 
73.8 -0.745 -0.282 
73.8 -0.745 -0.282 
73.8 -0.745 -0.282 
73.8 -0.745 -0.282 
73.8 -0.745 -0.282 
73.8 -0.745 -0.282 
73.8 -0.745 -0.282 
73.8 -0.745 -0.282 
73.8 -0.745 -0.282 
73.8 -0.745 -0.282 
73.8 -0.745 -0.282 
73.8 -0.745 -0.282 
73.8 -0.745 -0.282 
73.8 -0.745 -0.282 
73.8 -0.745 -0.282 
73.8 -0.745 -0.282 
73.8 -0.745 -0.282 
73.8 -0.745 -0.282 
73.8 -0.745 -0.282 
73.8 -0.745 -0.282 
73.8 -0.745 -0.282 
73.8 -0.745 -0.282 
73.8 -0.745 -0.282 
73.8 -0.745 -0.282 
73.8 -0.745 -0.282 
73.8 -0.745 -0.282 
73.8 -0.745 -0.282 
73.8 -0.745 -0.282 
73.8 -0.745 -0.282 
73.8 -0.745 -0.282 
73.8 -0.745 -0.282 
73.8 -0.745 -0.282 
73.8 -0.745 -0.282 
73.8 -0.745 -0.282 
73.8 -0.745 -0.282 
73.8 -0.745 -0.282 
73.8 -0.745 -0.282 
73.8 -0.745 -0.282 
73.8 -0.745 -0.282 
73.8 -0.745 -0.282 
73.8 -0.745 -0.282 
73.8 -0.745 -0.282 
73.8 -0.745 -0.282 
73.8 -0.745 -0.282 
73.8 -0.745 -0.282 
73.8 -0.745 -0.282 
73.8 -0.745 -0.282 
73.8 -0.745 -0.282 
73.8 -0.745 -0.282 
73.8 -0.745 -0.282 
73.8 -0.745 -0.282 
73.8 -0.745 -0.282 
73.8 -0.745 -0.282 
73.8 -0.745 -0.282 
73.8 -0.745 -0.282 
73.8 -0.745 -0.282 
73.8 -0.745 -0.282 
73.8 -0.745 -0.282 
73.8 -0.745 -0.282 
73.8 -0.745 -0.282 
73.8 -0.745 -0.282 
73.8 -0.745 -0.282 
73.8 -0.745 -0.282 
73.8 -0.745 -0.282 
73.8 -0.745 -0.282 
73.8 -0.745 -0.282 
73.8 -0.745 -0.282 
73.8 -0.745 -0.282 
73.8 -0.745 -0.282 
73.8 -0.745 -0.282 
73.8 -0.745 -0.282 
73.8 -0.745 -0.282 
73.8 -0.745 -0.282 
73.8 -0.745 -0.282 
73.8 -0.745 -0.282 
73.8 -0.745 -0.282 
73.8 -0.745 -0.282 
73.8 -0.745 -0.282 
73.8 -0.745 -0.282 
73.8 -0.745 -0.282 
73.8 -0.745 -0.282 
73.8 -0.745 -0.282 
73.8 -0.745 -0.282 
73.8 -0.745 -0.282 
73.8 -0.745 -0.282 
73.8 -0.745 -0.282 
73.8 -0.745 -0.282 
73.8 -0.745 -0.282 
73.8 -0.745 -0.282 
73.8 -0.745 -0.282 
73.8 -0.745 -0.282 
73.8 -0.745 -0.282 
73.8 -0.745 -0.282 
73.8 -0.745 -0.282 
73.8 -0.745 -0.282 
73.8 -0.745 -0.282 
73.8 -0.745 -0.282 
73.8 -0.745 -0.282 
73.8 -0.745 -0.282 
73.8 -0.745 -0.282 
73.8 -0.745 -0.282 
73.8 -0.745 -0.282 
73.8 -0.745 -0.282 
73.8 -0.745 -0.282 
73.8 -0.745 -0.282 
73.8 -0.745 -0.282 
73.8 -0.745 -0.282 
73.8 -0.745 -0.282 
73.8 -0.745 -0.282 
73.8 -0.745 -0.282 
73.8 -0.745 -0.282 
73.8 -0.745 -0.282 
73.8 -0.745 -0.282 
73.8 -0.745 -0.282 
73.8 -0.745 -0.282 
73.8 -0.745 -0.282 
73.8 -0.745 -0.282 
73.8 -0.745 -0.282 
73.8 -0.745 -0.282 
73.8 -0.745 -0.282 
73.8 -0.745 -0.282 
73.8 -0.745 -0.282 
73.8 -0.745 -0.282 
73.8 -0.745 -0.282 
73.8 -0.745 -0.282 
73.8 -0.745 -0.282 
73.8 -0.745 -0.282 
73.8 -0.745 -0.282 
73.8 -0.745 -0.282 
73.8 -0.745 -0.282 
73.8 -0.745 -0.282 
73.8 -0.745 -0.282 
73.8 -0.745 -0.282 
73.8 -0.745 -0.282 
73.8 -0.745 -0.282 
73.8 -0.745 -0.282 
73.8 -0.745 -0.282 
73.8 -0.745 -0.282 
73.8 -0.745 -0.282 
73.8 -0.745 -0.282 
73.8 -0.745 -0.282 
73.8 -0.745 -0.282 
73.8 -0.745 -0.282 
73.8 -0.745 -0.282 
73.8 -0.745 -0.282 
73.8 -0.745 -0.282 
73.8 -0.745 -0.282 
73.8 -0.745 -0.282 
73.8 -0.745 -0.282 
73.8 -0.745 -0.282 
73.8 -0.745 -0.282 
73.8 -0.745 -0.282 
73.8 -0.745 -0.282 
73.8 -0.745 -0.282 
73.8 -0.745 -0.282 
73.8 -0.745 -0.282 
73.8 -0.745 -0.282 
73.8 -0.745 -0.282 
73.8 -0.745 -0.282 
73.8 -0.745 -0.282 
73.8 -0.745 -0.282 
73.8 -0.745 -0.282 
73.8 -0.745 -0.282 
73.8 -0.745 -0.282 
73.8 -0.745 -0.282 
73.8 -0.745 -0.282 
73.8 -0.745 -0.282 
73.8 -0.745 -0.282 
73.8 -0.745 -0.282 
73.8 -0.745 -0.282 
73.8 -0.745 -0.282 
73.8 -0.745 -0.282 
73.8 -0.745 -0.282 
73.8 -0.745 -0.282 
73.8 -0.745 -0.282 
73.8 -0.745 -0.282 
73.8 -0.745 -0.282 
73.8 -0.745 -0.282 
73.8 -0.745 -0.282 
73.8 -0.745 -0.282 
73.8 -0.745 -0.282 
73.8 -0.745 -0.282 
73.8 -0.745 -0.282 
73.8 -0.745 -0.282 
73.8 -0.745 -0.282 
73.8 -0.745 -0.282 
73.8 -0.745 -0.282 
73.8 -0.745 -0.282 
73.8 -0.745 -0.282 
73.8 -0.745 -0.282 
73.8 -0.745 -0.282 
73.8 -0.745 -0.282 
73.8 -0.745 -0.282 
73.8 -0.745 -0.282 
73.8 -0.745 -0.282 
73.8 -0.745 -0.282 
73.8 -0.745 -0.282 
73.8 -0.745 -0.282 
73.8 -0.745 -0.282 
73.8 -0.745 -0.282 
73.8 -0.745 -0.282 
73.8 -0.745 -0.282 
73.8 -0.745 -0.282 
73.8 -0.745 -0.282 
73.8 -0.745 -0.282 
73.8 -0.745 -0.282 
73.8 -0.745 -0.282 
73.8 -0.745 -0.282 
73.8 -0.745 -0.282 
73.8 -0.745 -0.282 
73.8 -0.745 -0.282 
73.8 -0.745 -0.282 
73.8 -0.745 -0.282 
73.8 -0.745 -0.282 
73.8 -0.745 -0.282 
73.8 -0.745 -0.282 
73.8 -0.745 -0.282 
73.8 -0.745 -0.282 
73.8 -0.745 -0.282 
73.8 -0.745 -0.282 
73.8 -0.745 -0.282 
73.8 -0.745 -0.282 
73.8 -0.745 -0.282 
73.8 -0.745 -0.282 
73.8 -0.745 -0.282 
73.8 -0.745 -0.282 
73.8 -0.745 -0.282 
73.8 -0.745 -0.282 
73.8 -0.745 -0.282 
73.8 -0.745 -0.282 
73.8 -0.745 -0.282 
73.8 -0.745 -0.282 
73.8 -0.745 -0.282 
73.8 -0.745 -0.282 
73.8 -0.745 -0.282 
73.8 -0.745 -0.282 
73.8 -0.745 -0.282 
73.8 -0.745 -0.282 
73.8 -0.745 -0.282 
73.8 -0.745 -0.282 
73.8 -0.745 -0.282 
73.8 -0.745 -0.282 
73.8 -0.745 -0.282 
73.8 -0.745 -0.282 
73.8 -0.745 -0.282 
73.8 -0.745 -0.282 
73.8 -0.745 -0.282 
73.8 -0.745 -0.282 
73.8 -0.745 -0.282 
73.8 -0.745 -0.282 
73.8 -0.745 -0.282 
73.8 -0.745 -0.282 
73.8 -0.745 -0.282 
73.8 -0.745 -0.282 
73.8 -0.745 -0.282 
73.8 -0.745 -0.282 
73.8 -0.745 -0.282 
73.8 -0.745 -0.282 
73.8 -0.745 -0.282 
73.8 -0.745 -0.282 
73.8 -0.745 -0.282 
73.8 -0.745 -0.282 
73.8 -0.745 -0.282 
73.8 -0.745 -0.282 
73.8 -0.745 -0.282 
73.8 -0.745 -0.282 
73.8 -0.745 -0.282 
73.8 -0.745 -0.282 
73.8 -0.745 -0.282 
73.8 -0.745 -0.282 
73.8 -0.745 -0.282 
73.8 -0.745 -0.282 
73.8 -0.745 -0.282 
73.8 -0.745 -0.282 
73.8 -0.745 -0.282 
73.8 -0.745 -0.282 
73.8 -0.745 -0.282 
73.8 -0.745 -0.282 
73.8 -0.745 -0.282 
73.8 -0.745 -0.282 
73.8 -0.745 -0.282 
73.8 -0.745 -0.282 
73.8 -0.745 -0.282 
73.8 -0.745 -0.282 
73.8 -0.745 -0.282 
73.8 -0.745 -0.282 
73.8 -0.745 -0.282 
73.8 -0.745 -0.282 
73.8 -0.745 -0.282 
73.8 -0.745 -0.282 
73.8 -0.745 -0.282 
73.8 -0.745 -0.282 
73.8 -0.745 -0.282 
73.8 -0.745 -0.282 
73.8 -0.745 -0.282 
73.8 -0.745 -0.282 
73.8 -0.745 -0.282 
73.8 -0.745 -0.282 
73.8 -0.745 -0.282 
73.8 -0.745 -0.282 
73.8 -0.745 -0.282 
73.8 -0.745 -0.282 
73.8 -0.745 -0.282 
73.8 -0.745 -0.282 
73.8 -0.745 -0.282 
73.8 -0.745 -0.282 
73.8 -0.745 -0.282 
73.8 -0.745 -0.282 
73.8 -0.745 -0.282 
73.8 -0.745 -0.282 
73.8 -0.745 -0.282 
73.8 -0.745 -0.282 
73.8 -0.745 -0.282 
73.8 -0.745 -0.282 
73.8 -0.745 -0.282 
73.8 -0.745 -0.282 
73.8 -0.745 -0.282 
73.8 -0.745 -0.282 
73.8 -0.745 -0.282 
73.8 -0.745 -0.282 
73.8 -0.745 -0.282 
73.8 -0.745 -0.282 
73.8 -0.745 -0.282 
73.8 -0.745 -0.282 
73.8 -0.745 -0.282 
73.8 -0.745 -0.282 
73.8 -0.745 -0.282 
73.8 -0.745 -0.282 
73.8 -0.745 -0.282 
73.8 -0.745 -0.282 
73.8 -0.745 -0.282 
73.8 -0.745 -0.282 
73.8 -0.745 -0.282 
73.8 -0.745 -0.282 
73.8 -0.745 -0.282 
73.8 -0.745 -0.282 
73.8 -0.745 -0.282 
73.8 -0.745 -0.282 
73.8 -0.745 -0.282 
73.8 -0.745 -0.282 
73.8 -0.745 -0.282 
73.8 -0.745 -0.282 
73.8 -0.745 -0.282 
73.8 -0.745 -0.282 
73.8 -0.745 -0.282 
73.8 -0.745 -0.282 
73.8 -0.745 -0.282 
73.8 -0.745 -0.282 
73.8 -0.745 -0.282 
73.8 -0.745 -0.282 
73.8 -0.745 -0.282 
73.8 -0.745 -0.282 
73.8 -0.745 -0.282 
73.8 -0.745 -0.282 
73.8 -0.745 -0.282 
73.8 -0.745 -0.282 
73.8 -0.745 -0.282 
73.8 -0.745 -0.282 
73.8 -0.745 -0.282 
73.8 -0.745 -0.282 
73.8 -0.745 -0.282 
73.8 -0.745 -0.282 
73.8 -0.745 -0.282 
73.8 -0.745 -0.282 
73.8 -0.745 -0.282 
73.8 -0.745 -0.282 
73.8 -0.745 -0.282 
73.8 -0.745 -0.282 
73.8 -0.745 -0.282 
73.8 -0.745 -0.282 
73.8 -0.745 -0.282 
