-15.5 -0.417 0.0302 
-15.5 -0.432 0.0211 
-15.5 -0.411 -0.00374 
-15.5 -0.412 0.00579 
-15.5 -0.418 0.0192 
-15.5 -0.454 0.053 
-15.5 -0.419 0.0474 
-15.5 -0.405 0.0301 
-15.5 -0.409 0.0345 
-15.4 -0.413 0.0525 
-15.4 -0.421 0.0638 
-15.5 -0.415 0.0534 
-15.5 -0.415 0.0529 
-15.5 -0.414 0.0537 
-15.5 -0.417 0.0456 
-15.5 -0.413 0.0236 
-15.5 -0.407 0.0204 
-15.5 -0.397 0.0174 
-15.5 -0.386 0.0104 
-15.5 -0.365 0.00185 
-15.5 -0.354 -0.00861 
-15.5 -0.351 -0.000917 
-15.5 -0.347 -0.00577 
-15.5 -0.325 -0.0136 
-15.5 -0.318 -0.0174 
-15.5 -0.304 -0.0122 
-15.5 -0.299 -0.0154 
-15.5 -0.291 0.000887 
-15.5 -0.287 -0.00162 
-15.5 -0.276 0.00403 
-15.5 -0.276 0.00104 
-15.5 -0.269 0.00608 
-15.5 -0.269 -1.26e-05 
-15.5 -0.264 0.00487 
-15.5 -0.256 0.00585 
-15.5 -0.239 -0.00279 
-15.5 -0.245 0.0197 
-15.4 -0.232 0.0272 
-15.4 -0.217 0.0291 
-15.4 -0.193 0.0247 
-15.4 -0.168 0.0215 
-15.4 -0.156 0.0262 
-15.4 -0.146 0.0137 
-15.4 -0.147 0.0066 
-15.5 -0.146 -0.00477 
-15.5 -0.146 -0.017 
-15.5 -0.154 -0.0201 
-15.5 -0.139 -0.0319 
-15.5 -0.142 -0.0407 
-15.5 -0.13 -0.0472 
-15.5 -0.119 -0.0547 
-15.5 -0.117 -0.0647 
-15.5 -0.117 -0.0679 
-15.5 -0.115 -0.0692 
-15.5 -0.108 -0.0746 
-15.5 -0.1 -0.0795 
-15.5 -0.109 -0.0744 
-15.6 -0.116 -0.0818 
-15.6 -0.111 -0.0918 
-15.6 -0.115 -0.091 
-15.6 -0.104 -0.0901 
-15.5 -0.0934 -0.0899 
-15.5 -0.0793 -0.0956 
-15.5 -0.0671 -0.0952 
-15.5 -0.0516 -0.106 
-15.5 -0.0343 -0.116 
-15.5 -0.0111 -0.126 
-15.5 -0.00566 -0.137 
-15.4 0.0167 -0.128 
-15.4 0.0418 -0.13 
-15.4 0.0523 -0.12 
-15.4 0.0604 -0.128 
-15.3 0.0781 -0.113 
-15.3 0.0842 -0.117 
-15.3 0.0844 -0.116 
-15.3 0.0898 -0.115 
-15.2 0.0894 -0.109 
-15.2 0.0826 -0.0994 
-15.2 0.0866 -0.105 
-15.2 0.0769 -0.0901 
-15.2 0.0679 -0.0832 
-15.2 0.0663 -0.077 
-15.2 0.0642 -0.0751 
-15.2 0.0675 -0.0794 
-15.1 0.0668 -0.0789 
-15.2 0.0577 -0.0825 
-15.2 0.0475 -0.0947 
-15.2 0.0359 -0.106 
-15.2 0.0294 -0.111 
-15.2 0.0182 -0.114 
-15.2 0.0116 -0.116 
-15.2 0.013 -0.123 
-15.3 0.003 -0.129 
-15.3 -0.00338 -0.134 
-15.3 -0.0151 -0.137 
-15.3 -0.0167 -0.138 
-15.3 -0.037 -0.139 
-15.3 -0.0365 -0.136 
-15.3 -0.0386 -0.138 
-15.4 -0.0594 -0.138 
-15.4 -0.0564 -0.135 
-15.4 -0.0539 -0.135 
-15.4 -0.0671 -0.137 
-15.4 -0.064 -0.141 
-15.4 -0.0593 -0.147 
-15.4 -0.0671 -0.147 
-15.4 -0.0686 -0.154 
-15.4 -0.0751 -0.16 
-15.4 -0.0718 -0.161 
-15.4 -0.0726 -0.164 
-15.4 -0.0732 -0.165 
-15.4 -0.0737 -0.172 
-15.4 -0.075 -0.171 
-15.4 -0.0792 -0.172 
-15.4 -0.0829 -0.174 
-15.4 -0.0838 -0.169 
-15.4 -0.086 -0.172 
-15.4 -0.0821 -0.172 
-15.4 -0.0822 -0.175 
-15.4 -0.0847 -0.169 
-15.4 -0.0773 -0.166 
-15.3 -0.0743 -0.165 
-15.3 -0.0689 -0.165 
-15.3 -0.0633 -0.166 
-15.3 -0.0569 -0.17 
-15.3 -0.0478 -0.178 
-15.3 -0.0406 -0.186 
-15.3 -0.0325 -0.194 
-15.2 -0.0232 -0.2 
-15.2 -0.0149 -0.203 
-15.2 -0.00826 -0.213 
-15.2 0.00169 -0.211 
-15.2 0.0109 -0.209 
-15.2 0.0207 -0.201 
-15.2 0.0307 -0.198 
-15.2 0.0392 -0.203 
-15.2 0.0429 -0.212 
-15.2 0.0435 -0.223 
-15.2 0.0447 -0.23 
-15.2 0.044 -0.241 
-15.2 0.04 -0.24 
-15.2 0.0326 -0.247 
-15.3 0.0286 -0.248 
-15.3 0.0181 -0.249 
-15.3 0.0196 -0.246 
-15.3 0.0209 -0.243 
-15.3 0.0222 -0.235 
-15.3 0.0147 -0.231 
-15.3 0.0138 -0.229 
-15.3 0.0137 -0.223 
-15.3 0.0129 -0.217 
-15.3 0.0147 -0.21 
-15.3 0.0177 -0.2 
-15.3 0.0141 -0.193 
-15.3 0.0128 -0.189 
-15.3 0.0136 -0.186 
-15.3 0.0145 -0.184 
-15.3 0.0153 -0.181 
-15.3 0.0153 -0.177 
-15.3 0.0154 -0.173 
-15.3 0.0175 -0.175 
-15.3 0.022 -0.174 
-15.3 0.0291 -0.173 
-15.3 0.0289 -0.173 
-15.3 0.0366 -0.172 
-15.2 0.0416 -0.172 
-15.2 0.0428 -0.173 
-15.2 0.0422 -0.176 
-15.2 0.0414 -0.181 
-15.2 0.0386 -0.184 
-15.2 0.0361 -0.188 
-15.2 0.0341 -0.189 
-15.2 0.0335 -0.191 
-15.2 0.0352 -0.189 
-15.2 0.0352 -0.188 
-15.2 0.0359 -0.185 
-15.2 0.034 -0.183 
-15.2 0.037 -0.177 
-15.2 0.0348 -0.178 
-15.2 0.0339 -0.175 
-15.2 0.0322 -0.172 
-15.2 0.0268 -0.164 
-15.3 0.0245 -0.164 
-15.3 0.0219 -0.163 
-15.3 0.00826 -0.166 
-15.3 0.0145 -0.164 
-15.3 0.0152 -0.165 
-15.3 0.0139 -0.166 
-15.3 0.0101 -0.164 
-15.3 0.0133 -0.163 
-15.3 0.0141 -0.169 
-15.3 0.0146 -0.175 
-15.3 0.0122 -0.178 
-15.3 0.013 -0.178 
-15.3 0.0122 -0.184 
-15.3 0.0133 -0.182 
-15.3 0.0122 -0.181 
-15.3 0.0107 -0.183 
-15.3 0.00885 -0.179 
-15.3 0.00498 -0.177 
-15.3 0.00276 -0.175 
-15.3 0.00181 -0.172 
-15.3 0.000868 -0.17 
-15.3 0.00166 -0.167 
-15.3 0.00331 -0.169 
-15.3 0.00584 -0.168 
-15.3 0.00667 -0.167 
-15.3 0.0102 -0.165 
-15.3 0.0174 -0.159 
-15.2 0.0178 -0.159 
-15.2 0.0207 -0.158 
-15.2 0.0202 -0.156 
-15.2 0.0206 -0.158 
-15.2 0.0236 -0.159 
-15.2 0.0245 -0.161 
-15.2 0.0285 -0.16 
-15.2 0.0361 -0.16 
-15.2 0.0359 -0.166 
-15.2 0.0439 -0.164 
-15.2 0.044 -0.164 
-15.2 0.0449 -0.165 
-15.2 0.0444 -0.168 
-15.2 0.048 -0.167 
-15.2 0.0493 -0.167 
-15.1 0.0541 -0.163 
-15.1 0.055 -0.165 
-15.1 0.0569 -0.166 
-15.1 0.0532 -0.167 
-15.1 0.0499 -0.166 
-15.2 0.046 -0.166 
-15.2 0.0422 -0.166 
-15.2 0.0376 -0.166 
-15.2 0.0334 -0.169 
-15.2 0.0287 -0.17 
-15.2 0.0244 -0.17 
-15.2 0.0136 -0.101 
-15.2 0.0125 -0.13 
-15.2 0.0186 -0.176 
-15.2 0.0161 -0.18 
-15.2 0.0142 -0.183 
-15.2 0.0153 -0.185 
-15.2 0.0157 -0.187 
-15.2 0.0161 -0.192 
-15.2 0.0162 -0.192 
-15.2 0.0159 -0.194 
-15.2 0.0148 -0.194 
-15.3 0.0128 -0.193 
-15.3 0.0107 -0.194 
-15.3 0.0107 -0.195 
-15.3 0.00781 -0.195 
-15.3 0.00735 -0.194 
-15.3 0.00548 -0.194 
-15.3 0.00564 -0.193 
-15.3 0.00353 -0.195 
-15.3 0.00386 -0.195 
-15.3 0.00441 -0.195 
-15.3 0.0029 -0.196 
-15.3 0.00281 -0.196 
-15.3 0.00317 -0.196 
-15.3 0.00397 -0.195 
-15.3 0.000766 -0.199 
-15.3 0.00216 -0.2 
-15.3 0.0024 -0.2 
-15.3 0.00224 -0.201 
-15.3 0.00277 -0.2 
-15.3 0.00294 -0.201 
-15.3 0.00235 -0.201 
-15.3 0.00223 -0.201 
-15.3 0.00218 -0.202 
-15.3 0.00138 -0.202 
-15.3 0.00122 -0.202 
-15.3 -0.00062 -0.202 
-15.3 -0.00183 -0.202 
-15.3 -0.00141 -0.202 
-15.3 -0.00193 -0.202 
-15.3 -0.0016 -0.203 
-15.3 -0.00149 -0.2 
-15.3 -0.00271 -0.199 
-15.2 -0.00298 -0.196 
-15.2 -0.00403 -0.196 
-15.2 -0.00463 -0.195 
-15.2 -0.00581 -0.193 
-15.2 -0.00777 -0.192 
-15.2 -0.0077 -0.192 
-15.2 -0.00917 -0.19 
-15.2 -0.00945 -0.191 
-15.2 -0.0112 -0.19 
-15.2 -0.0106 -0.19 
-15.2 -0.0125 -0.189 
-15.2 -0.0117 -0.189 
-15.2 -0.0109 -0.19 
-15.2 -0.0101 -0.19 
-15.2 -0.00949 -0.189 
-15.2 -0.00983 -0.189 
-15.2 -0.00863 -0.188 
-15.2 -0.00872 -0.187 
-15.2 -0.00847 -0.187 
-15.1 -0.00786 -0.184 
-15.1 -0.00806 -0.185 
-15.1 -0.0076 -0.186 
-15.1 -0.00713 -0.185 
-15.1 -0.0072 -0.187 
-15.1 -0.00642 -0.186 
-15.1 -0.00838 -0.187 
-15.1 -0.00776 -0.184 
-15.1 -0.00777 -0.182 
-15.1 -0.00781 -0.181 
-15.1 -0.00858 -0.18 
-15.1 -0.0103 -0.178 
-15.1 -0.0125 -0.182 
-15.1 -0.0142 -0.182 
-15.1 -0.0122 -0.176 
-15.1 -0.014 -0.179 
-15.1 -0.0135 -0.176 
-15.1 -0.0202 -0.176 
-15.1 -0.0205 -0.176 
-15.1 -0.026 -0.174 
-15.1 -0.0313 -0.174 
-15.1 -0.0311 -0.177 
-15.1 -0.0336 -0.173 
-15.1 -0.034 -0.174 
-15.1 -0.0394 -0.186 
-15 -0.0377 -0.172 
-15 -0.0399 -0.169 
-15 -0.0413 -0.168 
-15 -0.0412 -0.167 
-15 -0.0402 -0.167 
-15 -0.0398 -0.167 
-15 -0.0376 -0.166 
-15 -0.0355 -0.166 
-15 -0.0355 -0.165 
-15 -0.0358 -0.165 
-15 -0.0352 -0.165 
-15 -0.0347 -0.164 
-15 -0.0343 -0.164 
-15 -0.0339 -0.164 
-15 -0.0327 -0.164 
-15 -0.0327 -0.164 
-15 -0.0319 -0.164 
-15 -0.0321 -0.164 
-15 -0.0318 -0.164 
-15 -0.0313 -0.164 
-15 -0.0296 -0.164 
-15 -0.0289 -0.164 
-15 -0.0262 -0.165 
-15 -0.0259 -0.165 
-15 -0.025 -0.165 
-15 -0.0224 -0.166 
-15 -0.022 -0.166 
-15 -0.0215 -0.166 
-15 -0.021 -0.166 
-15 -0.0201 -0.165 
-15 -0.019 -0.166 
-15 -0.0187 -0.166 
-15 -0.019 -0.166 
-15 -0.0189 -0.166 
-15 -0.0195 -0.166 
-15 -0.0202 -0.167 
-15 -0.0199 -0.167 
-15 -0.0204 -0.167 
-15 -0.0205 -0.167 
-15 -0.0211 -0.168 
-15 -0.021 -0.168 
-15 -0.0212 -0.169 
-15 -0.0226 -0.168 
-15 -0.0218 -0.167 
-15 -0.0206 -0.168 
-15 -0.0199 -0.167 
-15 -0.0201 -0.168 
-15 -0.0217 -0.168 
-15 -0.0228 -0.167 
-15 -0.0235 -0.167 
-15 -0.0247 -0.166 
-15 -0.0258 -0.164 
-14.9 -0.0263 -0.163 
-14.9 -0.0266 -0.162 
-14.9 -0.026 -0.16 
-14.9 -0.0248 -0.157 
-14.9 -0.0218 -0.153 
-14.9 -0.019 -0.15 
-14.9 -0.0157 -0.147 
-15 -0.0122 -0.145 
-15 -0.00864 -0.144 
-15 -0.00456 -0.144 
-15 0.000714 -0.143 
-15 0.00393 -0.142 
-15 0.00462 -0.142 
-15 0.00752 -0.142 
-15 0.00845 -0.142 
-15 0.0125 -0.142 
-15 0.0136 -0.142 
-15 0.0149 -0.142 
-15 0.0185 -0.142 
-15 0.0192 -0.141 
-15 0.0241 -0.138 
-15 0.0244 -0.138 
-15 0.0288 -0.136 
-15 0.0283 -0.136 
-15 0.0343 -0.134 
-15 0.035 -0.134 
-15 0.0424 -0.134 
-15 0.0483 -0.133 
-15 0.0542 -0.134 
-15 0.0597 -0.134 
-15 0.0651 -0.136 
-15 0.0705 -0.138 
-15 0.0757 -0.139 
-15 0.0819 -0.145 
-15 0.0865 -0.141 
-15 0.0924 -0.144 
-15 0.0997 -0.143 
-15 0.107 -0.144 
-15 0.116 -0.145 
-15 0.126 -0.146 
-15 0.134 -0.148 
-15 0.141 -0.148 
-15 0.147 -0.15 
-15 0.155 -0.149 
-15.1 0.163 -0.154 
-15.1 0.167 -0.152 
-15.1 0.171 -0.153 
-15.1 0.174 -0.157 
-15.1 0.176 -0.16 
-15.1 0.179 -0.161 
-15.1 0.181 -0.163 
-15.1 0.185 -0.165 
-15.1 0.185 -0.166 
-15.1 0.188 -0.168 
-15.1 0.19 -0.17 
-15.1 0.194 -0.171 
-15.1 0.197 -0.173 
-15.1 0.198 -0.174 
-15 0.201 -0.175 
-15 0.205 -0.176 
-15 0.209 -0.176 
-15 0.214 -0.176 
-15 0.216 -0.176 
-15 0.226 -0.194 
-15 0.224 -0.176 
-14.9 0.232 -0.175 
-14.9 0.233 -0.174 
-14.9 0.242 -0.173 
-14.9 0.242 -0.173 
-14.9 0.249 -0.172 
-14.9 0.252 -0.171 
-14.9 0.266 -0.167 
-14.9 0.276 -0.18 
-14.9 0.271 -0.163 
-14.8 0.276 -0.179 
-14.8 0.276 -0.159 
-14.8 0.282 -0.153 
-14.8 0.287 -0.151 
-14.8 0.289 -0.149 
-14.8 0.292 -0.147 
-14.8 0.293 -0.146 
-14.8 0.294 -0.144 
-14.8 0.292 -0.143 
-14.8 0.293 -0.139 
-14.8 0.292 -0.139 
-14.7 0.291 -0.137 
-14.7 0.29 -0.136 
-14.7 0.287 -0.134 
-14.7 0.287 -0.133 
-14.7 0.284 -0.131 
-14.7 0.284 -0.131 
-14.7 0.281 -0.129 
-14.7 0.282 -0.129 
-14.7 0.279 -0.128 
-14.7 0.279 -0.128 
-14.7 0.277 -0.128 
-14.7 0.277 -0.13 
-14.7 0.273 -0.13 
-14.7 0.273 -0.129 
-14.7 0.272 -0.128 
-14.7 0.271 -0.128 
-14.7 0.27 -0.126 
-14.7 0.269 -0.125 
-14.7 0.269 -0.125 
-14.7 0.27 -0.123 
-14.7 0.27 -0.12 
-14.6 0.271 -0.117 
-14.6 0.272 -0.116 
-14.7 0.273 -0.114 
-14.7 0.274 -0.113 
-14.7 0.274 -0.112 
-14.7 0.274 -0.113 
-14.7 0.274 -0.115 
-14.7 0.272 -0.117 
-14.7 0.27 -0.119 
-14.7 0.269 -0.121 
-14.7 0.269 -0.121 
-14.7 0.269 -0.122 
-14.7 0.268 -0.122 
-14.7 0.268 -0.122 
-14.7 0.269 -0.119 
-14.7 0.27 -0.116 
-14.7 0.27 -0.114 
-14.7 0.271 -0.112 
-14.7 0.272 -0.108 
-14.6 0.273 -0.105 
-14.6 0.274 -0.102 
-14.6 0.274 -0.103 
-14.6 0.275 -0.101 
-14.6 0.276 -0.101 
-14.6 0.276 -0.102 
-14.7 0.276 -0.104 
-14.7 0.276 -0.106 
-14.7 0.275 -0.108 
-14.7 0.276 -0.107 
-14.7 0.275 -0.107 
-14.7 0.275 -0.106 
-14.7 0.273 -0.106 
-14.7 0.273 -0.106 
-14.7 0.271 -0.104 
-14.7 0.271 -0.103 
-14.6 0.27 -0.1 
-14.6 0.27 -0.1 
-14.6 0.269 -0.0985 
-14.6 0.268 -0.0965 
-14.6 0.267 -0.0952 
-14.6 0.265 -0.0952 
-14.6 0.264 -0.0957 
-14.6 0.262 -0.0973 
-14.6 0.258 -0.0985 
-14.6 0.257 -0.0985 
-14.6 0.257 -0.0977 
-14.6 0.257 -0.0971 
-14.6 0.258 -0.0966 
-14.6 0.26 -0.0958 
-14.6 0.261 -0.0951 
-14.6 0.264 -0.0933 
-14.6 0.265 -0.0931 
-14.6 0.268 -0.0911 
-14.6 0.271 -0.0897 
-14.6 0.274 -0.0875 
-14.6 0.276 -0.0854 
-14.6 0.278 -0.0834 
-14.6 0.28 -0.0816 
-14.6 0.28 -0.0816 
-14.6 0.282 -0.0799 
-14.6 0.283 -0.0791 
-14.6 0.283 -0.0783 
-14.6 0.285 -0.0763 
-14.6 0.285 -0.0765 
-14.6 0.285 -0.076 
-14.6 0.286 -0.0743 
-14.6 0.286 -0.074 
-14.6 0.285 -0.073 
-14.6 0.285 -0.072 
-14.6 0.285 -0.0711 
-14.6 0.285 -0.0685 
-14.6 0.285 -0.0683 
-14.6 0.285 -0.0677 
-14.6 0.285 -0.067 
-14.6 0.285 -0.0652 
-14.6 0.285 -0.0648 
-14.5 0.285 -0.0639 
-14.5 0.285 -0.0631 
-14.5 0.286 -0.0618 
-14.5 0.286 -0.0597 
-14.5 0.286 -0.0595 
-14.5 0.286 -0.0584 
-14.5 0.285 -0.0573 
-14.5 0.285 -0.0553 
-14.5 0.285 -0.055 
-14.5 0.285 -0.0545 
-14.5 0.285 -0.0537 
-14.5 0.286 -0.0524 
-14.5 0.286 -0.052 
-14.5 0.287 -0.0512 
-14.5 0.287 -0.0512 
-14.5 0.287 -0.0506 
-14.5 0.288 -0.0508 
-14.5 0.288 -0.051 
-14.5 0.288 -0.0501 
-14.5 0.289 -0.0504 
-14.5 0.289 -0.0511 
-14.5 0.288 -0.0507 
-14.5 0.288 -0.0503 
-14.5 0.288 -0.0501 
-14.5 0.288 -0.0497 
-14.5 0.288 -0.0495 
-14.5 0.288 -0.05 
-14.5 0.288 -0.051 
-14.5 0.287 -0.0511 
-14.5 0.286 -0.0513 
-14.5 0.287 -0.0494 
-14.5 0.287 -0.048 
-14.5 0.287 -0.0466 
-14.5 0.287 -0.0454 
-14.5 0.286 -0.0446 
-14.5 0.286 -0.0431 
-14.5 0.285 -0.0422 
-14.5 0.285 -0.0417 
-14.5 0.285 -0.0397 
-14.5 0.284 -0.0381 
-14.5 0.283 -0.0372 
-14.5 0.282 -0.0358 
-14.5 0.282 -0.0341 
-14.6 0.276 -0.0325 
-14.5 0.277 -0.0322 
-14.6 0.262 -0.0346 
-14.5 0.28 -0.0309 
-14.5 0.279 -0.0307 
-14.5 0.279 -0.031 
-14.5 0.279 -0.0299 
-14.5 0.279 -0.029 
-14.5 0.279 -0.0286 
-14.5 0.279 -0.0271 
-14.5 0.279 -0.0253 
-14.6 0.279 -0.0237 
-14.6 0.279 -0.0232 
-14.6 0.279 -0.0236 
-14.6 0.279 -0.0228 
-14.6 0.278 -0.0235 
-14.6 0.279 -0.0229 
-14.7 0.268 0.002 
-14.6 0.28 -0.0225 
-14.6 0.28 -0.0231 
-14.6 0.28 -0.0225 
-14.6 0.28 -0.0217 
-14.6 0.279 -0.0218 
-14.6 0.279 -0.022 
-14.6 0.279 -0.0221 
-14.6 0.279 -0.0225 
-14.6 0.279 -0.0222 
-14.6 0.278 -0.0232 
-14.6 0.278 -0.0221 
-14.6 0.278 -0.0212 
-14.6 0.278 -0.0207 
-14.6 0.278 -0.0201 
-14.6 0.277 -0.0193 
-14.6 0.277 -0.0197 
-14.6 0.276 -0.0196 
-14.6 0.274 -0.0195 
-14.6 0.274 -0.0189 
-14.6 0.274 -0.0173 
-14.6 0.274 -0.0168 
-14.6 0.274 -0.015 
-14.6 0.275 -0.0134 
-14.6 0.274 -0.0112 
-14.6 0.273 -0.00918 
-14.6 0.272 -0.00744 
-14.6 0.271 -0.00556 
-14.6 0.269 -0.00457 
-14.6 0.268 -0.00249 
-14.6 0.267 -0.000162 
-14.6 0.267 0.000671 
-14.6 0.263 -0.000354 
-14.6 0.26 -0.00109 
-14.6 0.259 5.12e-06 
-14.7 0.257 -0.000535 
-14.7 0.256 -0.00037 
-14.7 0.254 -0.000418 
-14.7 0.256 0.000865 
-14.7 0.255 0.00236 
-14.7 0.257 0.00422 
-14.7 0.254 0.00373 
-14.7 0.254 0.00521 
-14.7 0.254 0.00629 
-14.7 0.255 0.0076 
-14.7 0.255 0.00812 
-14.7 0.256 0.0084 
-14.7 0.255 0.00862 
-14.7 0.254 0.00955 
-14.7 0.253 0.0102 
-14.7 0.253 0.0106 
-14.7 0.252 0.0128 
-14.7 0.252 0.0129 
-14.7 0.251 0.0134 
-14.7 0.251 0.0135 
-14.7 0.248 0.0124 
-14.8 0.251 0.0463 
-14.7 0.246 0.0109 
-14.7 0.245 0.0115 
-14.7 0.245 0.0116 
-14.7 0.246 0.0124 
-14.7 0.245 0.0114 
-14.7 0.245 0.0119 
-14.7 0.244 0.0117 
-14.7 0.244 0.0118 
-14.7 0.242 0.0121 
-14.7 0.242 0.012 
-14.7 0.241 0.0118 
-14.7 0.242 0.0123 
-14.7 0.242 0.0132 
-14.7 0.241 0.0147 
-14.7 0.242 0.0158 
-14.7 0.242 0.0163 
-14.7 0.241 0.0164 
-14.7 0.24 0.0171 
-14.7 0.241 0.0175 
-14.7 0.241 0.0182 
-14.7 0.241 0.0187 
-14.7 0.24 0.0187 
-14.7 0.241 0.0194 
-14.7 0.241 0.0205 
-14.7 0.242 0.0216 
-14.7 0.242 0.0231 
-14.7 0.242 0.0231 
-14.7 0.241 0.0251 
-14.7 0.242 0.0256 
-14.7 0.241 0.0271 
-14.7 0.241 0.0272 
-14.7 0.24 0.0291 
-14.7 0.24 0.0297 
-14.7 0.24 0.0312 
-14.7 0.239 0.0306 
-14.7 0.238 0.0309 
-14.7 0.236 0.0312 
-14.7 0.236 0.0316 
-14.7 0.236 0.0326 
-14.7 0.236 0.0327 
-14.7 0.236 0.0328 
-14.7 0.235 0.0331 
-14.7 0.235 0.0331 
-14.7 0.235 0.0333 
-14.7 0.234 0.0341 
-14.7 0.234 0.0343 
-14.7 0.234 0.0356 
-14.7 0.234 0.0356 
-14.7 0.233 0.0367 
-14.7 0.233 0.0368 
-14.7 0.231 0.0372 
-14.7 0.231 0.037 
-14.7 0.228 0.0375 
-14.6 0.228 0.0374 
-14.6 0.226 0.038 
-14.6 0.226 0.0405 
-14.6 0.225 0.0389 
-14.6 0.224 0.0399 
-14.6 0.224 0.0402 
-14.6 0.224 0.0402 
-14.6 0.223 0.0406 
-14.6 0.223 0.0407 
-14.6 0.223 0.0409 
-14.6 0.222 0.0445 
-14.6 0.224 0.0445 
-14.6 0.222 0.0446 
-14.6 0.222 0.0427 
-14.6 0.222 0.0428 
-14.6 0.222 0.0432 
-14.6 0.221 0.0442 
-14.6 0.221 0.0442 
-14.6 0.221 0.0446 
-14.6 0.221 0.0456 
-14.6 0.221 0.0454 
-14.6 0.221 0.0456 
-14.6 0.223 0.0442 
-14.6 0.222 0.0438 
-14.6 0.222 0.0434 
-14.6 0.222 0.0429 
-14.6 0.222 0.0432 
-14.6 0.222 0.0434 
-14.6 0.222 0.0438 
-14.6 0.222 0.0443 
-14.6 0.223 0.0423 
-14.6 0.224 0.04 
-14.6 0.224 0.0398 
-14.6 0.224 0.0399 
-14.6 0.224 0.04 
-14.6 0.224 0.0404 
-14.6 0.224 0.0403 
-14.6 0.224 0.0407 
-14.6 0.224 0.0404 
-14.6 0.224 0.0404 
-14.6 0.224 0.0401 
-14.6 0.224 0.0399 
-14.6 0.223 0.0397 
-14.6 0.223 0.0394 
-14.6 0.223 0.0396 
-14.6 0.222 0.0393 
-14.6 0.222 0.0391 
-14.6 0.222 0.0391 
-14.6 0.222 0.039 
-14.6 0.222 0.0391 
-14.6 0.222 0.0389 
-14.6 0.222 0.0389 
-14.6 0.222 0.0389 
-14.6 0.222 0.0391 
-14.5 0.221 0.0394 
-14.5 0.222 0.0394 
-14.5 0.222 0.0399 
-14.5 0.222 0.0398 
-14.5 0.221 0.0399 
-14.5 0.221 0.0406 
-14.5 0.222 0.0407 
-14.5 0.222 0.0413 
-14.5 0.222 0.0412 
-14.5 0.222 0.0418 
-14.5 0.222 0.0417 
-14.5 0.222 0.042 
-14.5 0.222 0.0419 
-14.5 0.222 0.0421 
-14.5 0.222 0.0421 
-14.5 0.222 0.0421 
-14.5 0.223 0.0421 
-14.5 0.223 0.0419 
-14.5 0.223 0.0413 
-14.5 0.223 0.0407 
-14.5 0.223 0.0403 
-14.5 0.224 0.04 
-14.4 0.224 0.0397 
-14.4 0.224 0.0397 
-14.4 0.224 0.0393 
-14.4 0.224 0.0392 
-14.4 0.224 0.0391 
-14.4 0.223 0.0389 
-14.4 0.223 0.0389 
-14.4 0.223 0.0386 
-14.4 0.223 0.0386 
-14.4 0.223 0.0386 
-14.4 0.223 0.0386 
-14.4 0.223 0.0382 
-14.4 0.223 0.0383 
-14.4 0.223 0.0381 
-14.4 0.223 0.0381 
-14.4 0.223 0.0379 
-14.4 0.223 0.0379 
-14.4 0.224 0.0384 
-14.4 0.223 0.0378 
-14.3 0.223 0.0379 
-14.3 0.223 0.0378 
-14.3 0.223 0.0378 
-14.3 0.223 0.0378 
-14.3 0.225 0.0387 
-14.3 0.223 0.0375 
-14.3 0.223 0.0374 
-14.3 0.223 0.0374 
-14.3 0.223 0.0372 
-14.3 0.223 0.0372 
-14.3 0.216 0.0384 
-14.3 0.223 0.0369 
-14.3 0.222 0.0363 
-14.3 0.222 0.0358 
-14.3 0.222 0.0359 
-14.3 0.222 0.0357 
-14.3 0.222 0.0357 
-14.3 0.222 0.0356 
-14.3 0.222 0.0357 
-14.3 0.222 0.0356 
-14.3 0.221 0.0349 
-14.3 0.221 0.0351 
-14.3 0.221 0.0351 
-14.3 0.221 0.035 
-14.3 0.221 0.0344 
-14.3 0.22 0.0343 
-14.3 0.221 0.0343 
-14.3 0.221 0.0343 
-14.4 0.22 0.0335 
-14.4 0.22 0.0335 
-14.4 0.208 0.0336 
-14.3 0.22 0.0342 
-14.3 0.221 0.0338 
-14.3 0.221 0.0337 
-14.3 0.221 0.0335 
-14.3 0.221 0.0337 
-14.3 0.218 0.0324 
-14.3 0.22 0.0336 
-14.3 0.22 0.0334 
-14.3 0.22 0.0339 
-14.3 0.22 0.0339 
-14.3 0.22 0.0337 
-14.3 0.22 0.0337 
-14.3 0.22 0.0338 
-14.3 0.221 0.0338 
-14.3 0.221 0.0338 
-14.3 0.222 0.0346 
-14.3 0.221 0.0341 
-14.3 0.221 0.0343 
-14.3 0.221 0.0344 
-14.3 0.222 0.0341 
-14.3 0.222 0.0338 
-14.3 0.222 0.0343 
-14.3 0.222 0.0339 
-14.3 0.223 0.0343 
-14.3 0.224 0.0344 
-14.2 0.224 0.0346 
-14.2 0.224 0.0344 
-14.2 0.224 0.0345 
-14.2 0.224 0.0346 
-14.2 0.225 0.0348 
-14.2 0.225 0.0347 
-14.2 0.225 0.0346 
-14.2 0.225 0.0346 
-14.2 0.226 0.0344 
-14.2 0.226 0.0344 
-14.2 0.224 0.0339 
-14.2 0.224 0.0339 
-14.1 0.224 0.0338 
-14.1 0.224 0.0339 
-14.1 0.224 0.034 
-14.1 0.224 0.0342 
-14.1 0.224 0.0342 
-14.1 0.224 0.0342 
-14.1 0.224 0.0343 
-14.1 0.224 0.0343 
-14.1 0.224 0.0345 
-14.1 0.224 0.0343 
-14.1 0.224 0.034 
-14.1 0.224 0.0335 
-14.1 0.224 0.0336 
-14.1 0.224 0.0338 
-14.1 0.224 0.0339 
-14.1 0.224 0.0341 
-14.1 0.224 0.0341 
-14.1 0.225 0.034 
-14.1 0.225 0.0339 
-14.1 0.225 0.0341 
-14.1 0.225 0.0339 
-14.1 0.225 0.0339 
-14.1 0.225 0.0335 
-14.1 0.225 0.0336 
-14.1 0.225 0.0336 
-14 0.227 0.0339 
-14 0.226 0.0337 
-14 0.226 0.034 
-14 0.226 0.0342 
-14 0.226 0.034 
-14 0.226 0.0339 
-14 0.226 0.034 
-14 0.226 0.0337 
-14 0.226 0.0337 
-14 0.224 0.0323 
-14 0.224 0.0325 
-14 0.224 0.0327 
-14 0.224 0.0328 
-14 0.224 0.0326 
-14 0.224 0.0326 
-14 0.223 0.0322 
-14 0.223 0.0323 
-14 0.222 0.0319 
-14 0.223 0.0322 
-14 0.223 0.0323 
-14 0.223 0.0325 
-14 0.223 0.0325 
-14 0.223 0.0327 
-14 0.223 0.0329 
-14 0.223 0.033 
-14 0.223 0.0327 
-14 0.224 0.0326 
-14 0.224 0.0326 
-14 0.224 0.0325 
-13.9 0.224 0.0326 
-13.9 0.224 0.0325 
-13.9 0.224 0.0318 
-13.9 0.224 0.0318 
-13.9 0.224 0.0319 
-13.9 0.224 0.0319 
-13.9 0.224 0.0319 
-13.9 0.224 0.0318 
-13.9 0.222 0.0309 
-13.9 0.223 0.0315 
-13.9 0.223 0.0316 
-13.9 0.223 0.0305 
-13.9 0.223 0.0305 
-13.9 0.223 0.0307 
-13.9 0.223 0.0307 
-13.9 0.224 0.0305 
-13.9 0.224 0.0306 
-13.9 0.223 0.0305 
-13.9 0.224 0.0305 
-13.9 0.224 0.0306 
-13.9 0.224 0.0306 
-13.9 0.224 0.0306 
-13.9 0.226 0.0307 
-13.9 0.227 0.0312 
-13.9 0.227 0.0311 
-13.9 0.227 0.0309 
-13.9 0.225 0.0303 
-13.9 0.225 0.0305 
-13.9 0.226 0.0296 
-13.9 0.226 0.0295 
-13.9 0.225 0.0292 
-13.9 0.225 0.0291 
-13.9 0.225 0.029 
-13.9 0.225 0.0278 
-13.9 0.225 0.0283 
-13.9 0.226 0.0286 
-13.9 0.225 0.0267 
-13.9 0.225 0.028 
-13.9 0.225 0.0276 
-13.9 0.225 0.027 
-13.9 0.225 0.0273 
-13.9 0.225 0.0258 
-13.9 0.225 0.026 
-13.9 0.225 0.0254 
-13.9 0.224 0.0251 
-13.9 0.225 0.0251 
-13.9 0.225 0.025 
-13.9 0.225 0.0243 
-13.9 0.226 0.0249 
-13.9 0.225 0.0234 
-13.9 0.225 0.0237 
-13.9 0.226 0.0229 
-13.9 0.226 0.0233 
-13.9 0.227 0.0226 
-13.9 0.226 0.0229 
-13.9 0.226 0.0224 
-13.9 0.226 0.0226 
-13.9 0.226 0.0227 
-13.9 0.226 0.0227 
-13.9 0.226 0.0227 
-13.9 0.228 0.0235 
-13.9 0.226 0.0219 
-13.8 0.226 0.0215 
-13.8 0.226 0.0212 
-13.8 0.227 0.021 
-13.8 0.228 0.02 
-13.8 0.229 0.0193 
-13.8 0.23 0.0184 
-13.8 0.23 0.0171 
-13.8 0.233 0.0167 
-13.7 0.233 0.016 
-13.7 0.234 0.0148 
-13.7 0.236 0.0145 
-13.7 0.236 0.0126 
-13.7 0.238 0.012 
-13.7 0.238 0.0115 
-13.6 0.239 0.0114 
-13.6 0.24 0.0117 
-13.6 0.241 0.0101 
-13.6 0.242 0.00908 
-13.6 0.243 0.00848 
-13.6 0.245 0.008 
-13.6 0.246 0.00821 
-13.6 0.246 0.00853 
-13.5 0.248 0.00868 
-13.5 0.249 0.00877 
-13.5 0.25 0.00905 
-13.5 0.251 0.00933 
-13.5 0.253 0.00952 
-13.5 0.254 0.00975 
-13.5 0.255 0.00858 
-13.5 0.257 0.00867 
-13.5 0.258 0.00872 
-13.5 0.259 0.0089 
-13.5 0.26 0.00888 
-13.5 0.261 0.00974 
-13.5 0.261 0.0098 
-13.5 0.263 0.0105 
-13.5 0.263 0.0104 
-13.5 0.265 0.0114 
-13.5 0.265 0.0116 
-13.5 0.267 0.0127 
-13.5 0.267 0.0127 
-13.5 0.267 0.0119 
-13.5 0.267 0.0119 
-13.5 0.267 0.0121 
-13.5 0.267 0.012 
-13.5 0.265 0.0112 
-13.5 0.266 0.0103 
-13.5 0.265 0.00908 
-13.5 0.265 0.00797 
-13.5 0.27 0.00237 
-13.5 0.265 0.00556 
-13.5 0.265 0.00283 
-13.5 0.265 0.00264 
-13.5 0.272 -0.0015 
-13.5 0.267 0.000357 
-13.5 0.266 0.000835 
-13.5 0.266 0.00106 
-13.5 0.266 0.000638 
-13.5 0.266 0.00108 
-13.5 0.267 0.000615 
-13.5 0.267 0.000616 
-13.5 0.268 0.000723 
-13.5 0.268 0.000728 
-13.5 0.269 0.000747 
-13.5 0.268 0.000256 
-13.5 0.269 0.000244 
-13.5 0.268 0.000148 
-13.5 0.269 4.67e-05 
-13.5 0.269 -0.00034 
-13.5 0.268 -0.000799 
-13.5 0.268 -0.000872 
-13.5 0.268 -0.00182 
-13.5 0.267 -0.00232 
-13.5 0.267 -0.00357 
-13.5 0.267 -0.00367 
-13.5 0.268 -0.00437 
-13.5 0.269 -0.00414 
-13.5 0.269 -0.00461 
-13.5 0.268 -0.00493 
-13.5 0.268 -0.00555 
-13.5 0.267 -0.00587 
-13.5 0.266 -0.00641 
-13.5 0.266 -0.00627 
-13.5 0.266 -0.00673 
-13.6 0.266 -0.00706 
-13.6 0.265 -0.00753 
-13.6 0.265 -0.00748 
-13.6 0.266 -0.00762 
-13.6 0.266 -0.00729 
-13.6 0.266 -0.00717 
-13.6 0.266 -0.00688 
-13.6 0.267 -0.00651 
-13.6 0.268 -0.00721 
-13.5 0.269 -0.00674 
-13.5 0.269 -0.00658 
-13.5 0.27 -0.00652 
-13.5 0.27 -0.00636 
-13.5 0.271 -0.00576 
-13.5 0.271 -0.00553 
-13.5 0.273 -0.00487 
-13.5 0.272 -0.00468 
-13.5 0.274 -0.00461 
-13.6 0.276 -0.00438 
-13.6 0.278 -0.00389 
-13.6 0.281 -0.00336 
-13.6 0.284 -0.00255 
-13.6 0.288 -0.00244 
-13.6 0.29 -0.00241 
-13.5 0.291 -0.00299 
-13.5 0.292 -0.00433 
-13.5 0.294 -0.00501 
-13.5 0.295 -0.00565 
-13.5 0.294 -0.00704 
-13.5 0.293 -0.00814 
-13.5 0.293 -0.00845 
-13.5 0.293 -0.00835 
-13.5 0.293 -0.00805 
-13.5 0.293 -0.00786 
-13.5 0.293 -0.00803 
-13.5 0.293 -0.00845 
-13.5 0.294 -0.00939 
-13.5 0.294 -0.00978 
-13.4 0.295 -0.00922 
-13.4 0.296 -0.00932 
-13.4 0.296 -0.00986 
-13.4 0.297 -0.0103 
-13.4 0.297 -0.011 
-13.4 0.297 -0.0121 
-13.4 0.298 -0.0133 
-13.4 0.298 -0.0134 
-13.4 0.299 -0.0137 
-13.4 0.299 -0.0137 
-13.4 0.3 -0.0133 
-13.3 0.3 -0.0139 
-13.3 0.301 -0.0137 
-13.3 0.301 -0.0134 
-13.3 0.302 -0.0134 
-13.3 0.302 -0.0125 
-13.3 0.302 -0.0125 
-13.3 0.303 -0.012 
-13.3 0.302 -0.0124 
-13.3 0.303 -0.012 
-13.3 0.304 -0.0109 
-13.3 0.305 -0.0093 
-13.2 0.305 -0.00785 
-13.2 0.306 -0.0063 
-13.2 0.307 -0.00464 
-13.2 0.308 -0.00328 
-13.2 0.309 -0.0024 
-13.2 0.31 -0.00129 
-13.2 0.31 -0.000792 
-13.2 0.31 -0.00038 
-13.2 0.31 -0.000138 
-13.2 0.31 0.000624 
-13.2 0.31 0.00122 
-13.2 0.309 0.0017 
-13.2 0.308 0.00184 
-13.2 0.308 0.00181 
-13 0.286 0.00248 
-13.2 0.307 0.00328 
-13.2 0.307 0.00254 
-13.2 0.303 -0.0142 
-13.2 0.306 0.00116 
-13.2 0.304 0.00473 
-13.1 0.303 0.0055 
-13.1 0.301 0.00597 
-13.1 0.301 0.00601 
-13.1 0.3 0.00584 
-13.1 0.3 0.00565 
-13.1 0.299 0.00548 
-13.1 0.298 0.00576 
-13.1 0.297 0.00641 
-13.1 0.298 0.00675 
-13.1 0.297 0.00721 
-13.1 0.297 0.0069 
-13.1 0.296 0.00763 
-13.1 0.296 0.00509 
-13.1 0.294 0.00809 
-13.1 0.294 0.00914 
-13.1 0.293 0.00924 
-13.1 0.292 0.00997 
-13 0.291 0.0107 
-13 0.29 0.0118 
-13 0.29 0.0119 
-13 0.289 0.0124 
-13 0.289 0.0126 
-13 0.288 0.0133 
-13 0.288 0.0133 
-13 0.287 0.014 
-13 0.287 0.014 
-13 0.286 0.0151 
-13 0.286 0.0154 
-13 0.286 0.0157 
-13 0.285 0.017 
-13 0.286 0.0173 
-13 0.287 0.0178 
-13 0.287 0.0191 
-13 0.287 0.0194 
-13 0.287 0.0202 
-13 0.287 0.0209 
-13 0.288 0.0229 
-13 0.288 0.0232 
-13 0.288 0.0237 
-13 0.289 0.0257 
-13 0.289 0.0256 
-13 0.289 0.0261 
-13 0.29 0.0265 
-13 0.291 0.0289 
-13 0.291 0.0291 
-13 0.291 0.0297 
-13 0.291 0.0299 
-13 0.292 0.0309 
-13 0.292 0.0308 
-13 0.292 0.0309 
-13 0.291 0.0313 
-13 0.291 0.0311 
-13 0.291 0.0309 
-13 0.292 0.0308 
-13 0.292 0.0306 
-13 0.292 0.0306 
-13.1 0.291 0.0302 
-13.1 0.291 0.0304 
-13.1 0.291 0.0301 
-13.1 0.29 0.0294 
-13.1 0.29 0.0294 
-13.1 0.29 0.0289 
-13.1 0.29 0.0288 
-13.1 0.289 0.0289 
-13.1 0.29 0.0291 
-13.1 0.289 0.029 
-13.1 0.289 0.0291 
-13.1 0.289 0.0292 
-13.1 0.289 0.0292 
-13.1 0.289 0.0296 
-13.1 0.289 0.0298 
-13.1 0.289 0.0295 
-13.1 0.289 0.0301 
-13.1 0.289 0.03 
-13.1 0.29 0.0301 
-13.1 0.29 0.0309 
-13.1 0.29 0.0317 
-13.1 0.291 0.0319 
-13.1 0.292 0.0322 
-13.1 0.292 0.0328 
-13 0.293 0.0334 
-13 0.293 0.0341 
-13 0.294 0.035 
-13 0.294 0.036 
-13 0.295 0.0369 
-13 0.295 0.0378 
-13 0.295 0.0385 
-13 0.295 0.0388 
-13.1 0.295 0.0413 
-13.1 0.296 0.0422 
-13 0.296 0.043 
-13 0.296 0.0435 
-13.1 0.296 0.0435 
-13.1 0.296 0.044 
-13.1 0.296 0.0467 
-13.1 0.295 0.0466 
-13.1 0.295 0.0469 
-13.1 0.294 0.0469 
-13.1 0.294 0.0465 
-13.1 0.294 0.046 
-13 0.294 0.0453 
-13 0.293 0.0449 
-13 0.293 0.0448 
-13 0.293 0.0443 
-13 0.292 0.044 
-13 0.292 0.0437 
-13 0.292 0.0435 
-13 0.292 0.0434 
-13 0.292 0.0432 
-13 0.292 0.0429 
-13 0.292 0.0425 
-13 0.292 0.0422 
-13 0.292 0.0419 
-13 0.292 0.0416 
-13 0.291 0.0412 
-13 0.291 0.0409 
-13 0.291 0.0405 
-13 0.291 0.0404 
-13 0.291 0.0405 
-13 0.291 0.0404 
-13 0.291 0.0407 
-13 0.291 0.0406 
-13 0.291 0.0407 
-13 0.291 0.0408 
-13 0.291 0.0409 
-13 0.291 0.0409 
-13 0.29 0.0408 
-13 0.29 0.041 
-13 0.29 0.0411 
-13 0.29 0.0409 
-13 0.289 0.0407 
-13 0.289 0.0406 
-13 0.289 0.0404 
-13 0.289 0.0404 
-13 0.288 0.0405 
-13 0.288 0.0405 
-13 0.288 0.0405 
-13 0.288 0.0405 
-12.9 0.287 0.0408 
-12.9 0.288 0.0409 
-12.9 0.288 0.0411 
-12.9 0.288 0.0411 
-12.9 0.288 0.0414 
-12.9 0.288 0.0415 
-12.9 0.288 0.0418 
-12.9 0.289 0.0419 
-12.9 0.289 0.0424 
-12.9 0.289 0.0424 
-12.9 0.289 0.0428 
-12.9 0.289 0.0428 
-12.9 0.289 0.0428 
-12.9 0.289 0.0428 
-12.9 0.289 0.0428 
-12.9 0.289 0.0429 
-12.9 0.288 0.043 
-12.9 0.288 0.043 
-12.9 0.288 0.043 
-12.9 0.288 0.043 
-12.9 0.288 0.0431 
-12.9 0.288 0.043 
-12.9 0.288 0.043 
-12.9 0.287 0.0428 
-12.9 0.287 0.0429 
-12.9 0.287 0.0429 
-12.9 0.287 0.0429 
-12.9 0.287 0.0429 
-12.9 0.287 0.0429 
-12.9 0.287 0.0431 
-12.9 0.287 0.0431 
-12.9 0.287 0.0432 
-12.9 0.287 0.0433 
-12.9 0.287 0.0435 
-12.9 0.287 0.0434 
-12.8 0.287 0.0435 
-12.8 0.287 0.0439 
-12.8 0.287 0.0439 
-12.8 0.287 0.0439 
-12.8 0.287 0.0438 
-12.8 0.287 0.0438 
-12.8 0.287 0.0434 
-12.8 0.287 0.0435 
-12.8 0.287 0.0434 
-12.8 0.287 0.0435 
-12.8 0.286 0.043 
-12.8 0.285 0.0431 
-12.8 0.286 0.0407 
-12.8 0.285 0.0429 
-12.8 0.285 0.0429 
-12.8 0.285 0.0431 
-12.8 0.285 0.0433 
-12.8 0.285 0.0431 
-12.8 0.285 0.043 
-12.8 0.285 0.043 
-12.8 0.285 0.0428 
-12.8 0.285 0.0428 
-12.8 0.285 0.0428 
-12.8 0.285 0.0429 
-12.8 0.285 0.043 
-12.8 0.285 0.0432 
-12.8 0.285 0.0434 
-12.8 0.285 0.0436 
-12.8 0.285 0.0439 
-12.8 0.285 0.0441 
-12.7 0.285 0.0445 
-12.7 0.285 0.0445 
-12.7 0.285 0.0449 
-12.7 0.285 0.0451 
-12.7 0.285 0.0453 
-12.7 0.285 0.0459 
-12.7 0.285 0.0459 
-12.7 0.285 0.0461 
-12.7 0.285 0.0462 
-12.7 0.285 0.0464 
-12.7 0.285 0.0466 
-12.7 0.284 0.0467 
-12.7 0.284 0.0471 
-12.7 0.284 0.0471 
-12.7 0.285 0.0471 
-12.7 0.285 0.0472 
-12.7 0.285 0.0473 
-12.7 0.285 0.0474 
-12.7 0.285 0.0473 
-12.7 0.285 0.0474 
-12.7 0.285 0.0473 
-12.7 0.285 0.0474 
-12.7 0.285 0.0476 
-12.7 0.285 0.0477 
-12.7 0.285 0.048 
-12.7 0.285 0.0481 
-12.7 0.285 0.0485 
-12.7 0.285 0.0486 
-12.7 0.285 0.0486 
-12.7 0.285 0.0485 
-12.7 0.285 0.0484 
-12.7 0.285 0.0483 
-12.7 0.285 0.0483 
-12.7 0.284 0.0483 
-12.7 0.284 0.0481 
-12.7 0.284 0.0482 
-12.6 0.284 0.048 
-12.6 0.283 0.0477 
-12.6 0.283 0.0476 
-12.6 0.283 0.0475 
-12.6 0.283 0.047 
-12.6 0.283 0.047 
-12.6 0.283 0.0468 
-12.6 0.283 0.0467 
-12.6 0.282 0.046 
-12.6 0.282 0.046 
-12.6 0.282 0.046 
-12.6 0.282 0.0452 
-12.6 0.282 0.0453 
-12.6 0.282 0.0453 
-12.6 0.282 0.0453 
-12.6 0.282 0.0453 
-12.6 0.282 0.0453 
-12.6 0.282 0.0453 
-12.6 0.281 0.0453 
-12.6 0.282 0.0453 
-12.6 0.281 0.0451 
-12.6 0.281 0.0451 
-12.6 0.281 0.0452 
-12.6 0.281 0.0453 
-12.6 0.281 0.0453 
-12.6 0.281 0.0453 
-12.6 0.281 0.0453 
-12.6 0.281 0.0453 
-12.6 0.281 0.0453 
-12.6 0.281 0.0455 
-12.6 0.281 0.0457 
-12.6 0.28 0.0457 
-12.6 0.28 0.0458 
-12.6 0.28 0.046 
-12.6 0.28 0.0461 
-12.6 0.281 0.0462 
-12.6 0.281 0.0463 
-12.6 0.281 0.0464 
-12.6 0.281 0.0465 
-12.6 0.281 0.0466 
-12.6 0.281 0.0467 
-12.6 0.281 0.0467 
-12.6 0.281 0.0468 
-12.6 0.281 0.0466 
-12.6 0.281 0.0467 
-12.6 0.28 0.0467 
-12.5 0.28 0.0467 
-12.5 0.28 0.0464 
-12.5 0.28 0.0465 
-12.5 0.28 0.0465 
-12.5 0.281 0.046 
-12.5 0.281 0.0461 
-12.5 0.281 0.0461 
-12.5 0.28 0.0461 
-12.5 0.28 0.0461 
-12.5 0.28 0.046 
-12.5 0.28 0.0461 
-12.5 0.28 0.0461 
-12.5 0.28 0.0461 
-12.5 0.28 0.046 
-12.5 0.28 0.0458 
-12.5 0.281 0.0459 
-12.5 0.28 0.0454 
-12.5 0.28 0.0455 
-12.5 0.28 0.0455 
-12.5 0.28 0.0455 
-12.5 0.28 0.0451 
-12.5 0.279 0.0447 
-12.5 0.279 0.0448 
-12.5 0.279 0.0444 
-12.5 0.279 0.0445 
-12.5 0.279 0.0446 
-12.5 0.279 0.0446 
-12.5 0.279 0.0445 
-12.5 0.279 0.0446 
-12.5 0.279 0.0447 
-12.5 0.279 0.0447 
-12.5 0.28 0.0447 
-12.5 0.279 0.0445 
-12.5 0.279 0.0448 
-12.5 0.279 0.0448 
-12.5 0.279 0.0448 
-12.5 0.279 0.0448 
-12.5 0.279 0.0448 
-12.5 0.279 0.0444 
-12.5 0.28 0.0445 
-12.6 0.28 0.0443 
-12.5 0.279 0.0443 
-12.6 0.279 0.044 
-12.6 0.279 0.0439 
-12.6 0.28 0.044 
-12.5 0.28 0.0435 
-12.5 0.28 0.0436 
-12.6 0.28 0.0431 
-12.5 0.28 0.0432 
-12.5 0.279 0.0432 
-12.5 0.279 0.0433 
-12.5 0.279 0.043 
-12.5 0.279 0.0427 
-12.5 0.279 0.0426 
-12.5 0.279 0.0422 
-12.5 0.279 0.0424 
-12.5 0.279 0.042 
-12.5 0.279 0.0421 
-12.5 0.279 0.0419 
-12.5 0.279 0.0419 
-12.5 0.279 0.0419 
-12.5 0.279 0.0418 
-12.5 0.279 0.0419 
-12.5 0.279 0.0416 
-12.5 0.279 0.0417 
-12.5 0.279 0.0418 
-12.5 0.279 0.0418 
-12.5 0.279 0.0415 
-12.5 0.279 0.0411 
-12.5 0.279 0.041 
-12.5 0.278 0.0406 
-12.5 0.278 0.0406 
-12.5 0.278 0.0403 
-12.5 0.278 0.0399 
-12.5 0.278 0.0395 
-12.5 0.278 0.0391 
-12.5 0.278 0.0388 
-12.5 0.278 0.0386 
-12.5 0.278 0.0382 
-12.5 0.278 0.0377 
-12.5 0.278 0.0377 
-12.5 0.278 0.0373 
-12.5 0.279 0.0372 
-12.5 0.279 0.0369 
-12.5 0.279 0.0369 
-12.5 0.279 0.0366 
-12.5 0.279 0.0361 
-12.5 0.279 0.036 
-12.5 0.279 0.0362 
-12.5 0.279 0.0365 
-12.5 0.279 0.0365 
-12.5 0.279 0.0368 
-12.5 0.279 0.0369 
-12.5 0.279 0.0371 
-12.5 0.279 0.0371 
-12.5 0.279 0.0372 
-12.5 0.279 0.0373 
-12.5 0.279 0.0374 
-12.5 0.279 0.0375 
-12.5 0.279 0.0376 
-12.5 0.279 0.0376 
-12.5 0.279 0.0377 
-12.5 0.279 0.0378 
-12.5 0.279 0.0379 
-12.5 0.279 0.0379 
-12.5 0.279 0.038 
-12.5 0.279 0.0381 
-12.5 0.279 0.0381 
-12.5 0.279 0.0382 
-12.5 0.279 0.0382 
-12.5 0.279 0.0383 
-12.5 0.279 0.0383 
-12.5 0.279 0.0384 
-12.5 0.279 0.0384 
-12.5 0.279 0.0385 
-12.5 0.279 0.0385 
-12.5 0.279 0.0385 
-12.5 0.279 0.0386 
-12.5 0.279 0.0386 
-12.5 0.279 0.0387 
-12.5 0.279 0.0387 
-12.5 0.279 0.0387 
-12.5 0.279 0.0388 
-12.5 0.279 0.0388 
-12.5 0.279 0.0388 
-12.5 0.279 0.0389 
-12.5 0.279 0.0389 
-12.5 0.279 0.0389 
-12.5 0.279 0.039 
-12.5 0.279 0.039 
-12.5 0.279 0.039 
-12.5 0.279 0.0391 
-12.5 0.279 0.0391 
