46 -4.23 -3.48
42.9 0.217 -0.839
42.9 0.217 -0.839
41.1 1.54 0.054
41.1 1.54 0.054
39.1 2.91 0.0167
39.1 2.91 0.0167
36.7 4.8 0.824
36.7 4.8 0.824
34.7 6.58 0.858
34.7 6.58 0.858
32.9 8.24 0.86
32.9 8.24 0.86
33.7 7.68 0.881
33.7 7.68 0.881
33.9 7.23 0.834
33.9 7.23 0.834
34.6 6.87 0.721
34.6 6.87 0.721
34.5 6.17 0.184
34.5 6.17 0.184
36.4 5.36 0.228
36.4 5.36 0.228
38.4 4.43 0.226
38.4 4.43 0.226
43.8 3.46 2.29
43.8 3.46 2.29
47.4 1.66 2.47
47.4 1.66 2.47
50.5 0.826 3.29
50.5 0.826 3.29
52.7 -0.244 3.25
52.7 -0.244 3.25
54 -0.595 3.51
54 -0.595 3.51
54.2 -0.715 3.41
54.2 -0.715 3.41
53.8 -0.717 2.98
53.8 -0.717 2.98
54 -0.711 3.14
54 -0.711 3.14
52.6 -0.424 2.49
52.6 -0.424 2.49
51.8 -0.33 2.13
51.8 -0.33 2.13
50.7 -0.311 1.36
50.7 -0.311 1.36
48.9 0.0498 0.6
48.9 0.0498 0.6
47.8 0.245 0.0729
47.8 0.245 0.0729
46.8 0.641 -0.163
46.8 0.641 -0.163
46 0.993 -0.284
46 0.993 -0.284
45.7 1.21 -0.281
45.7 1.21 -0.281
45.8 1.41 -0.0434
45.8 1.41 -0.0434
46.6 1.22 0.195
46.6 1.22 0.195
48.3 0.669 0.521
48.3 0.669 0.521
49.5 0.21 0.705
49.5 0.21 0.705
49.4 0.3 0.768
49.4 0.3 0.768
49.9 0.06 0.747
49.9 0.06 0.747
50.1 -0.0396 0.674
50.1 -0.0396 0.674
50 -0.00899 0.595
50 -0.00899 0.595
49.9 0.0175 0.586
49.9 0.0175 0.586
49.8 0.0335 0.554
49.8 0.0335 0.554
49.8 0.04 0.559
49.8 0.04 0.559
49.8 0.0492 0.543
49.8 0.0492 0.543
49.7 0.0799 0.488
49.7 0.0799 0.488
49.5 0.149 0.448
49.5 0.149 0.448
49.3 0.235 0.39
49.3 0.235 0.39
49.1 0.292 0.31
49.1 0.292 0.31
48.9 0.337 0.203
48.9 0.337 0.203
48.7 0.359 0.101
48.7 0.359 0.101
48.4 0.455 0.00675
48.4 0.455 0.00675
48.1 0.52 -0.15
48.1 0.52 -0.15
48.2 0.446 -0.236
48.2 0.446 -0.236
48.1 0.461 -0.286
48.1 0.461 -0.286
48 0.496 -0.377
48 0.496 -0.377
47.8 0.529 -0.436
47.8 0.529 -0.436
47.8 0.537 -0.457
47.8 0.537 -0.457
47.7 0.536 -0.566
47.7 0.536 -0.566
47.5 0.597 -0.609
47.5 0.597 -0.609
47.4 0.62 -0.661
47.4 0.62 -0.661
47.4 0.619 -0.703
47.4 0.619 -0.703
47.2 0.657 -0.749
47.2 0.657 -0.749
47.2 0.643 -0.827
47.2 0.643 -0.827
47.2 0.652 -0.834
47.2 0.652 -0.834
47.1 0.674 -0.835
47.1 0.674 -0.835
47.1 0.692 -0.839
47.1 0.692 -0.839
47 0.679 -0.883
47 0.679 -0.883
46.9 0.712 -0.896
46.9 0.712 -0.896
46.9 0.724 -0.907
46.9 0.724 -0.907
46.8 0.757 -0.937
46.8 0.757 -0.937
46.7 0.783 -0.937
46.7 0.783 -0.937
46.6 0.826 -0.936
46.6 0.826 -0.936
46.5 0.869 -0.934
46.5 0.869 -0.934
46.4 0.911 -0.933
46.4 0.911 -0.933
46.4 0.948 -0.927
46.4 0.948 -0.927
46.3 0.981 -0.927
46.3 0.981 -0.927
46.1 1.07 -0.936
46.1 1.07 -0.936
46.1 1.06 -0.92
46.1 1.06 -0.92
46.1 1.08 -0.921
46.1 1.08 -0.921
46 1.09 -0.928
46 1.09 -0.928
45.8 1.15 -0.951
45.8 1.15 -0.951
45.9 1.14 -0.943
45.9 1.14 -0.943
45.9 1.13 -0.951
45.9 1.13 -0.951
45.9 1.12 -0.967
45.9 1.12 -0.967
45.9 1.1 -0.972
45.9 1.1 -0.972
45.9 1.12 -0.989
45.9 1.12 -0.989
46 1.1 -0.976
46 1.1 -0.976
45.9 1.11 -0.983
45.9 1.11 -0.983
45.9 1.12 -0.98
45.9 1.12 -0.98
45.8 1.15 -0.989
45.8 1.15 -0.989
45.8 1.17 -0.964
45.8 1.17 -0.964
45.9 1.16 -0.938
45.9 1.16 -0.938
45.9 1.15 -0.906
45.9 1.15 -0.906
46 1.13 -0.896
46 1.13 -0.896
46.1 1.1 -0.882
46.1 1.1 -0.882
46.1 1.1 -0.897
46.1 1.1 -0.897
46.1 1.08 -0.901
46.1 1.08 -0.901
46.1 1.07 -0.905
46.1 1.07 -0.905
46.2 1.04 -0.908
46.2 1.04 -0.908
46.2 1.04 -0.903
46.2 1.04 -0.903
46.2 1.04 -0.885
46.2 1.04 -0.885
46.2 1.05 -0.871
46.2 1.05 -0.871
46.3 1.01 -0.831
46.3 1.01 -0.831
46.3 1.03 -0.814
46.3 1.03 -0.814
46.3 1.04 -0.806
46.3 1.04 -0.806
46.3 1.04 -0.8
46.3 1.04 -0.8
46.4 1.02 -0.77
46.4 1.02 -0.77
46.4 1.01 -0.774
46.4 1.01 -0.774
46.4 0.998 -0.778
46.4 0.998 -0.778
46.5 0.978 -0.779
46.5 0.978 -0.779
46.6 0.927 -0.769
46.6 0.927 -0.769
46.6 0.919 -0.765
46.6 0.919 -0.765
46.7 0.905 -0.751
46.7 0.905 -0.751
46.8 0.883 -0.732
46.8 0.883 -0.732
47 0.814 -0.708
47 0.814 -0.708
47 0.809 -0.7
47 0.809 -0.7
47 0.801 -0.698
47 0.801 -0.698
47 0.783 -0.7
47 0.783 -0.7
47.3 0.706 -0.679
47.3 0.706 -0.679
47.2 0.709 -0.692
47.2 0.709 -0.692
47.3 0.69 -0.687
47.3 0.69 -0.687
47.5 0.617 -0.677
47.5 0.617 -0.677
47.5 0.596 -0.671
47.5 0.596 -0.671
47.7 0.527 -0.653
47.7 0.527 -0.653
47.8 0.527 -0.641
47.8 0.527 -0.641
47.9 0.475 -0.616
47.9 0.475 -0.616
48 0.47 -0.607
48 0.47 -0.607
48 0.456 -0.6
48 0.456 -0.6
48.1 0.427 -0.576
48.1 0.427 -0.576
48.1 0.429 -0.565
48.1 0.429 -0.565
48.2 0.423 -0.558
48.2 0.423 -0.558
48.2 0.4 -0.552
48.2 0.4 -0.552
48.3 0.398 -0.542
48.3 0.398 -0.542
48.3 0.387 -0.526
48.3 0.387 -0.526
48.3 0.385 -0.517
48.3 0.385 -0.517
48.4 0.348 -0.497
48.4 0.348 -0.497
48.4 0.341 -0.496
48.4 0.341 -0.496
48.5 0.335 -0.491
48.5 0.335 -0.491
48.5 0.335 -0.481
48.5 0.335 -0.481
48.5 0.324 -0.47
48.5 0.324 -0.47
48.5 0.332 -0.458
48.5 0.332 -0.458
48.5 0.327 -0.447
48.5 0.327 -0.447
48.6 0.327 -0.443
48.6 0.327 -0.443
48.6 0.311 -0.447
48.6 0.311 -0.447
48.6 0.305 -0.438
48.6 0.305 -0.438
48.6 0.289 -0.435
48.6 0.289 -0.435
48.6 0.305 -0.46
48.6 0.305 -0.46
48.5 0.335 -0.476
48.5 0.335 -0.476
48.4 0.336 -0.492
48.4 0.336 -0.492
48.5 0.321 -0.497
48.5 0.321 -0.497
48.5 0.293 -0.518
48.5 0.293 -0.518
48.5 0.27 -0.523
48.5 0.27 -0.523
48.6 0.226 -0.533
48.6 0.226 -0.533
48.6 0.204 -0.545
48.6 0.204 -0.545
48.6 0.189 -0.559
48.6 0.189 -0.559
48.7 0.142 -0.576
48.7 0.142 -0.576
48.7 0.144 -0.587
48.7 0.144 -0.587
48.7 0.096 -0.597
48.7 0.096 -0.597
48.8 0.0881 -0.598
48.8 0.0881 -0.598
48.8 0.0459 -0.591
48.8 0.0459 -0.591
48.9 0.0193 -0.585
48.9 0.0193 -0.585
49 -0.014 -0.579
49 -0.014 -0.579
49 -0.052 -0.568
49 -0.052 -0.568
49.1 -0.0684 -0.543
49.1 -0.0684 -0.543
49.1 -0.0729 -0.528
49.1 -0.0729 -0.528
49.1 -0.0704 -0.534
49.1 -0.0704 -0.534
49.1 -0.0466 -0.527
49.1 -0.0466 -0.527
49 -0.0361 -0.532
49 -0.0361 -0.532
49 -0.0244 -0.543
49 -0.0244 -0.543
48.9 0.00626 -0.549
48.9 0.00626 -0.549
48.9 0.0185 -0.555
48.9 0.0185 -0.555
48.8 0.0485 -0.553
48.8 0.0485 -0.553
48.7 0.101 -0.559
48.7 0.101 -0.559
48.7 0.117 -0.539
48.7 0.117 -0.539
48.7 0.142 -0.526
48.7 0.142 -0.526
48.6 0.188 -0.503
48.6 0.188 -0.503
48.6 0.192 -0.501
48.6 0.192 -0.501
48.6 0.206 -0.503
48.6 0.206 -0.503
48.6 0.233 -0.496
48.6 0.233 -0.496
48.6 0.223 -0.499
48.6 0.223 -0.499
48.6 0.204 -0.494
48.6 0.204 -0.494
48.7 0.182 -0.469
48.7 0.182 -0.469
48.8 0.145 -0.445
48.8 0.145 -0.445
49 0.107 -0.418
49 0.107 -0.418
49.1 0.0829 -0.398
49.1 0.0829 -0.398
49.1 0.0634 -0.391
49.1 0.0634 -0.391
49.1 0.0522 -0.39
49.1 0.0522 -0.39
49.3 0.0112 -0.365
49.3 0.0112 -0.365
49.3 2.8e-05 -0.364
49.3 2.8e-05 -0.364
49.4 -0.0236 -0.361
49.4 -0.0236 -0.361
49.4 -0.0382 -0.355
49.4 -0.0382 -0.355
49.6 -0.0808 -0.33
49.6 -0.0808 -0.33
49.6 -0.09 -0.322
49.6 -0.09 -0.322
49.7 -0.0986 -0.312
49.7 -0.0986 -0.312
49.8 -0.125 -0.291
49.8 -0.125 -0.291
49.8 -0.13 -0.28
49.8 -0.13 -0.28
49.9 -0.144 -0.271
49.9 -0.144 -0.271
50 -0.176 -0.25
50 -0.176 -0.25
50 -0.183 -0.249
50 -0.183 -0.249
50.1 -0.19 -0.247
50.1 -0.19 -0.247
50.1 -0.198 -0.237
50.1 -0.198 -0.237
50.1 -0.195 -0.233
50.1 -0.195 -0.233
50.2 -0.204 -0.215
50.2 -0.204 -0.215
50.2 -0.205 -0.199
50.2 -0.205 -0.199
50.2 -0.202 -0.185
50.2 -0.202 -0.185
50.2 -0.189 -0.182
50.2 -0.189 -0.182
50.1 -0.169 -0.182
50.1 -0.169 -0.182
50.1 -0.163 -0.192
50.1 -0.163 -0.192
50.1 -0.156 -0.202
50.1 -0.156 -0.202
50 -0.132 -0.214
50 -0.132 -0.214
50 -0.126 -0.218
50 -0.126 -0.218
49.8 -0.0846 -0.245
49.8 -0.0846 -0.245
49.8 -0.0734 -0.246
49.8 -0.0734 -0.246
49.7 -0.0467 -0.256
49.7 -0.0467 -0.256
49.8 -0.0484 -0.247
49.8 -0.0484 -0.247
49.7 -0.0331 -0.266
49.7 -0.0331 -0.266
49.7 -0.0277 -0.263
49.7 -0.0277 -0.263
49.7 -0.0127 -0.251
49.7 -0.0127 -0.251
49.7 -0.0196 -0.248
49.7 -0.0196 -0.248
49.7 -0.0199 -0.247
49.7 -0.0199 -0.247
49.7 -0.0157 -0.243
49.7 -0.0157 -0.243
49.7 -0.0149 -0.246
49.7 -0.0149 -0.246
49.7 -0.0185 -0.236
49.7 -0.0185 -0.236
49.7 -0.0145 -0.246
49.7 -0.0145 -0.246
49.7 -0.0169 -0.232
49.7 -0.0169 -0.232
49.7 -0.017 -0.228
49.7 -0.017 -0.228
49.7 -0.0155 -0.225
49.7 -0.0155 -0.225
49.7 -0.0127 -0.218
49.7 -0.0127 -0.218
49.7 -0.00207 -0.205
49.7 -0.00207 -0.205
49.7 0.00141 -0.198
49.7 0.00141 -0.198
49.7 0.0128 -0.186
49.7 0.0128 -0.186
49.7 0.0116 -0.186
49.7 0.0116 -0.186
49.7 0.0178 -0.183
49.7 0.0178 -0.183
49.7 0.0365 -0.173
49.7 0.0365 -0.173
49.7 0.0417 -0.168
49.7 0.0417 -0.168
49.7 0.0431 -0.159
49.7 0.0431 -0.159
49.8 0.0387 -0.152
49.8 0.0387 -0.152
49.8 0.0477 -0.135
49.8 0.0477 -0.135
49.7 0.0615 -0.129
49.7 0.0615 -0.129
49.8 0.0704 -0.108
49.8 0.0704 -0.108
49.8 0.0783 -0.0888
49.8 0.0783 -0.0888
49.8 0.0902 -0.0525
49.8 0.0902 -0.0525
49.8 0.0867 -0.0449
49.8 0.0867 -0.0449
49.8 0.0816 -0.0378
49.8 0.0816 -0.0378
49.8 0.081 -0.0347
49.8 0.081 -0.0347
49.9 0.0769 -0.0284
49.9 0.0769 -0.0284
49.9 0.0769 0.00831
49.9 0.0769 0.00831
49.9 0.0828 0.0127
49.9 0.0828 0.0127
49.9 0.083 0.0174
49.9 0.083 0.0174
49.9 0.0787 0.0176
49.9 0.0787 0.0176
49.9 0.0724 0.0167
49.9 0.0724 0.0167
49.9 0.0648 0.014
49.9 0.0648 0.014
50 0.0586 0.0165
50 0.0586 0.0165
49.9 0.067 0.0295
49.9 0.067 0.0295
49.9 0.0736 0.0267
49.9 0.0736 0.0267
49.9 0.0728 0.0278
49.9 0.0728 0.0278
49.9 0.0721 0.0286
49.9 0.0721 0.0286
49.9 0.0722 0.0248
49.9 0.0722 0.0248
49.9 0.0736 0.0228
49.9 0.0736 0.0228
49.9 0.1 0.0258
49.9 0.1 0.0258
49.8 0.103 0.0176
49.8 0.103 0.0176
49.8 0.106 0.0147
49.8 0.106 0.0147
49.8 0.108 0.0142
49.8 0.108 0.0142
49.8 0.106 0.00879
49.8 0.106 0.00879
49.8 0.108 5.99e-05
49.8 0.108 5.99e-05
49.8 0.113 -0.00718
49.8 0.113 -0.00718
49.7 0.119 -0.0156
49.7 0.119 -0.0156
49.7 0.125 -0.0228
49.7 0.125 -0.0228
49.6 0.146 -0.0331
49.6 0.146 -0.0331
49.6 0.156 -0.0363
49.6 0.156 -0.0363
49.6 0.156 -0.0395
49.6 0.156 -0.0395
49.6 0.155 -0.0393
49.6 0.155 -0.0393
49.6 0.152 -0.0394
49.6 0.152 -0.0394
49.6 0.148 -0.0425
49.6 0.148 -0.0425
49.5 0.169 -0.0636
49.5 0.169 -0.0636
49.5 0.162 -0.0655
49.5 0.162 -0.0655
49.5 0.167 -0.0719
49.5 0.167 -0.0719
49.5 0.158 -0.0736
49.5 0.158 -0.0736
49.5 0.157 -0.0832
49.5 0.157 -0.0832
49.5 0.149 -0.0783
49.5 0.149 -0.0783
49.5 0.14 -0.0776
49.5 0.14 -0.0776
49.6 0.128 -0.0851
49.6 0.128 -0.0851
49.6 0.118 -0.0738
49.6 0.118 -0.0738
49.6 0.11 -0.0643
49.6 0.11 -0.0643
49.6 0.113 -0.0665
49.6 0.113 -0.0665
49.6 0.108 -0.0702
49.6 0.108 -0.0702
49.6 0.101 -0.0663
49.6 0.101 -0.0663
49.6 0.104 -0.0671
49.6 0.104 -0.0671
49.6 0.103 -0.0682
49.6 0.103 -0.0682
49.6 0.102 -0.0691
49.6 0.102 -0.0691
49.6 0.102 -0.0702
49.6 0.102 -0.0702
49.6 0.109 -0.0733
49.6 0.109 -0.0733
49.6 0.113 -0.0695
49.6 0.113 -0.0695
49.6 0.113 -0.0683
49.6 0.113 -0.0683
49.6 0.114 -0.0685
49.6 0.114 -0.0685
49.6 0.113 -0.0688
49.6 0.113 -0.0688
49.6 0.112 -0.0662
49.6 0.112 -0.0662
49.6 0.111 -0.0661
49.6 0.111 -0.0661
49.6 0.104 -0.0717
49.6 0.104 -0.0717
49.6 0.105 -0.069
49.6 0.105 -0.069
49.6 0.107 -0.0629
49.6 0.107 -0.0629
49.7 0.106 -0.06
49.7 0.106 -0.06
49.6 0.107 -0.0593
49.6 0.107 -0.0593
49.6 0.108 -0.0599
49.6 0.108 -0.0599
49.6 0.108 -0.0642
49.6 0.108 -0.0642
49.6 0.106 -0.067
49.6 0.106 -0.067
49.6 0.113 -0.0504
49.6 0.113 -0.0504
49.6 0.116 -0.0533
49.6 0.116 -0.0533
49.6 0.114 -0.0584
49.6 0.114 -0.0584
49.6 0.115 -0.0589
49.6 0.115 -0.0589
49.6 0.117 -0.0579
49.6 0.117 -0.0579
49.6 0.119 -0.0574
49.6 0.119 -0.0574
49.6 0.123 -0.0437
49.6 0.123 -0.0437
49.6 0.12 -0.0465
49.6 0.12 -0.0465
49.6 0.124 -0.0454
49.6 0.124 -0.0454
49.6 0.126 -0.0474
49.6 0.126 -0.0474
49.6 0.127 -0.0486
49.6 0.127 -0.0486
49.6 0.126 -0.0509
49.6 0.126 -0.0509
49.6 0.115 -0.0458
49.6 0.115 -0.0458
49.6 0.124 -0.045
49.6 0.124 -0.045
49.6 0.119 -0.05
49.6 0.119 -0.05
49.6 0.127 -0.0511
49.6 0.127 -0.0511
49.6 0.127 -0.0543
49.6 0.127 -0.0543
49.5 0.145 -0.0613
49.5 0.145 -0.0613
49.5 0.146 -0.0671
49.5 0.146 -0.0671
49.5 0.146 -0.0856
49.5 0.146 -0.0856
49.5 0.144 -0.0896
49.5 0.144 -0.0896
49.5 0.146 -0.0866
49.5 0.146 -0.0866
49.5 0.147 -0.0797
49.5 0.147 -0.0797
49.5 0.155 -0.075
49.5 0.155 -0.075
49.5 0.155 -0.073
49.5 0.155 -0.073
49.5 0.159 -0.0724
49.5 0.159 -0.0724
49.5 0.159 -0.0731
49.5 0.159 -0.0731
49.5 0.168 -0.0636
49.5 0.168 -0.0636
49.5 0.163 -0.0803
49.5 0.163 -0.0803
49.5 0.158 -0.0813
49.5 0.158 -0.0813
49.4 0.161 -0.0934
49.4 0.161 -0.0934
49.4 0.158 -0.101
49.4 0.158 -0.101
49.5 0.147 -0.106
49.5 0.147 -0.106
49.5 0.148 -0.102
49.5 0.148 -0.102
49.5 0.147 -0.0866
49.5 0.147 -0.0866
49.5 0.151 -0.082
49.5 0.151 -0.082
49.4 0.153 -0.0744
49.4 0.153 -0.0744
49.4 0.152 -0.0788
49.4 0.152 -0.0788
49.4 0.15 -0.0804
49.4 0.15 -0.0804
49.4 0.16 -0.0817
49.4 0.16 -0.0817
49.4 0.16 -0.0774
49.4 0.16 -0.0774
49.4 0.162 -0.0749
49.4 0.162 -0.0749
49.4 0.175 -0.0817
49.4 0.175 -0.0817
49.4 0.174 -0.0798
49.4 0.174 -0.0798
49.4 0.17 -0.0803
49.4 0.17 -0.0803
49.4 0.161 -0.0861
49.4 0.161 -0.0861
49.4 0.159 -0.0913
49.4 0.159 -0.0913
49.4 0.156 -0.0921
49.4 0.156 -0.0921
49.4 0.148 -0.0833
49.4 0.148 -0.0833
49.4 0.152 -0.0813
49.4 0.152 -0.0813
49.4 0.143 -0.0639
49.4 0.143 -0.0639
49.4 0.158 -0.0465
49.4 0.158 -0.0465
49.4 0.157 -0.0176
49.4 0.157 -0.0176
49.4 0.166 -0.00262
49.4 0.166 -0.00262
49.4 0.175 0.0118
49.4 0.175 0.0118
49.3 0.184 0.0214
49.3 0.184 0.0214
49.4 0.186 0.0484
49.4 0.186 0.0484
49.4 0.187 0.073
49.4 0.187 0.073
49.3 0.195 0.0804
49.3 0.195 0.0804
49.3 0.187 0.0949
49.3 0.187 0.0949
49.4 0.176 0.0987
49.4 0.176 0.0987
49.4 0.17 0.12
49.4 0.17 0.12
49.4 0.167 0.131
49.4 0.167 0.131
49.4 0.155 0.14
49.4 0.155 0.14
49.5 0.135 0.165
49.5 0.135 0.165
49.5 0.133 0.167
49.5 0.133 0.167
49.6 0.107 0.191
49.6 0.107 0.191
49.6 0.111 0.195
49.6 0.111 0.195
49.6 0.107 0.185
49.6 0.107 0.185
49.6 0.0926 0.182
49.6 0.0926 0.182
49.6 0.0963 0.179
49.6 0.0963 0.179
49.6 0.0963 0.17
49.6 0.0963 0.17
49.6 0.101 0.157
49.6 0.101 0.157
49.6 0.104 0.144
49.6 0.104 0.144
49.5 0.115 0.12
49.5 0.115 0.12
49.5 0.112 0.127
49.5 0.112 0.127
49.5 0.116 0.121
49.5 0.116 0.121
49.5 0.121 0.11
49.5 0.121 0.11
49.5 0.122 0.111
49.5 0.122 0.111
49.5 0.124 0.107
49.5 0.124 0.107
49.5 0.127 0.105
49.5 0.127 0.105
49.4 0.141 0.104
49.4 0.141 0.104
49.4 0.154 0.105
49.4 0.154 0.105
49.3 0.181 0.103
49.3 0.181 0.103
49.2 0.192 0.114
49.2 0.192 0.114
49.2 0.198 0.121
49.2 0.198 0.121
49.1 0.232 0.111
49.1 0.232 0.111
49.1 0.227 0.116
49.1 0.227 0.116
49.1 0.242 0.106
49.1 0.242 0.106
49 0.246 0.0984
49 0.246 0.0984
49 0.239 0.103
49 0.239 0.103
49.1 0.224 0.102
49.1 0.224 0.102
49.1 0.22 0.0977
49.1 0.22 0.0977
49.1 0.21 0.0926
49.1 0.21 0.0926
49.1 0.212 0.08
49.1 0.212 0.08
49.1 0.215 0.0837
49.1 0.215 0.0837
49.1 0.201 0.0942
49.1 0.201 0.0942
49.1 0.191 0.11
49.1 0.191 0.11
49.1 0.181 0.129
49.1 0.181 0.129
49.2 0.168 0.153
49.2 0.168 0.153
49.3 0.144 0.181
49.3 0.144 0.181
49.4 0.109 0.211
49.4 0.109 0.211
49.5 0.0653 0.238
49.5 0.0653 0.238
49.7 0.0146 0.269
49.7 0.0146 0.269
49.7 0.00641 0.277
49.7 0.00641 0.277
49.9 -0.0568 0.311
49.9 -0.0568 0.311
49.9 -0.0604 0.311
49.9 -0.0604 0.311
50 -0.101 0.329
50 -0.101 0.329
50 -0.0979 0.337
50 -0.0979 0.337
50 -0.101 0.34
50 -0.101 0.34
50 -0.0957 0.335
50 -0.0957 0.335
50 -0.0898 0.322
50 -0.0898 0.322
50 -0.0845 0.317
50 -0.0845 0.317
50 -0.0701 0.298
50 -0.0701 0.298
50 -0.0759 0.297
50 -0.0759 0.297
49.9 -0.0649 0.277
49.9 -0.0649 0.277
50 -0.0722 0.279
50 -0.0722 0.279
50 -0.0715 0.271
50 -0.0715 0.271
50 -0.0697 0.265
50 -0.0697 0.265
49.9 -0.0636 0.267
49.9 -0.0636 0.267
49.9 -0.0623 0.268
49.9 -0.0623 0.268
49.9 -0.0542 0.266
49.9 -0.0542 0.266
49.9 -0.05 0.276
49.9 -0.05 0.276
49.9 -0.0474 0.279
49.9 -0.0474 0.279
49.9 -0.0625 0.288
49.9 -0.0625 0.288
49.9 -0.0676 0.293
49.9 -0.0676 0.293
50 -0.0738 0.298
50 -0.0738 0.298
49.9 -0.0736 0.3
49.9 -0.0736 0.3
50 -0.077 0.304
50 -0.077 0.304
50 -0.0788 0.314
50 -0.0788 0.314
49.9 -0.0766 0.312
49.9 -0.0766 0.312
50 -0.0844 0.317
50 -0.0844 0.317
50 -0.0909 0.32
50 -0.0909 0.32
50 -0.0977 0.32
50 -0.0977 0.32
50 -0.0989 0.321
50 -0.0989 0.321
50 -0.103 0.323
50 -0.103 0.323
50 -0.101 0.326
50 -0.101 0.326
50 -0.101 0.33
50 -0.101 0.33
50 -0.101 0.33
50 -0.101 0.33
50 -0.106 0.33
50 -0.106 0.33
50 -0.1 0.344
50 -0.1 0.344
50 -0.106 0.346
50 -0.106 0.346
50 -0.107 0.346
50 -0.107 0.346
50 -0.111 0.348
50 -0.111 0.348
50 -0.113 0.351
50 -0.113 0.351
50.1 -0.119 0.355
50.1 -0.119 0.355
50.1 -0.125 0.358
50.1 -0.125 0.358
50.1 -0.134 0.364
50.1 -0.134 0.364
50.1 -0.138 0.374
50.1 -0.138 0.374
50.1 -0.141 0.372
50.1 -0.141 0.372
50.2 -0.153 0.378
50.2 -0.153 0.378
50.2 -0.155 0.376
50.2 -0.155 0.376
50.2 -0.156 0.374
50.2 -0.156 0.374
50.2 -0.155 0.373
50.2 -0.155 0.373
50.2 -0.157 0.37
50.2 -0.157 0.37
50.2 -0.156 0.368
50.2 -0.156 0.368
50.2 -0.155 0.366
50.2 -0.155 0.366
50.2 -0.155 0.365
50.2 -0.155 0.365
50.2 -0.155 0.363
50.2 -0.155 0.363
50.2 -0.152 0.362
50.2 -0.152 0.362
50.2 -0.148 0.361
50.2 -0.148 0.361
50.1 -0.146 0.36
50.1 -0.146 0.36
50.1 -0.146 0.362
50.1 -0.146 0.362
50.1 -0.146 0.363
50.1 -0.146 0.363
50.1 -0.144 0.365
50.1 -0.144 0.365
50.1 -0.141 0.366
50.1 -0.141 0.366
50.1 -0.142 0.366
50.1 -0.142 0.366
50.1 -0.145 0.367
50.1 -0.145 0.367
50.1 -0.142 0.371
50.1 -0.142 0.371
50.1 -0.134 0.373
50.1 -0.134 0.373
50.1 -0.125 0.373
50.1 -0.125 0.373
50.1 -0.12 0.373
50.1 -0.12 0.373
50.1 -0.111 0.37
50.1 -0.111 0.37
50.1 -0.108 0.367
50.1 -0.108 0.367
50.1 -0.106 0.363
50.1 -0.106 0.363
50.1 -0.114 0.356
50.1 -0.114 0.356
50.1 -0.119 0.353
50.1 -0.119 0.353
50.2 -0.132 0.351
50.2 -0.132 0.351
50.2 -0.148 0.35
50.2 -0.148 0.35
50.3 -0.164 0.352
50.3 -0.164 0.352
50.3 -0.176 0.354
50.3 -0.176 0.354
50.3 -0.187 0.358
50.3 -0.187 0.358
50.3 -0.196 0.362
50.3 -0.196 0.362
50.3 -0.198 0.363
50.3 -0.198 0.363
50.3 -0.203 0.372
50.3 -0.203 0.372
50.3 -0.205 0.374
50.3 -0.205 0.374
50.4 -0.208 0.376
50.4 -0.208 0.376
50.3 -0.214 0.386
50.3 -0.214 0.386
50.3 -0.216 0.387
50.3 -0.216 0.387
50.4 -0.22 0.39
50.4 -0.22 0.39
50.3 -0.225 0.399
50.3 -0.225 0.399
50.3 -0.222 0.397
50.3 -0.222 0.397
50.3 -0.221 0.395
50.3 -0.221 0.395
50.3 -0.222 0.398
50.3 -0.222 0.398
50.3 -0.219 0.396
50.3 -0.219 0.396
50.3 -0.217 0.395
50.3 -0.217 0.395
50.3 -0.217 0.393
50.3 -0.217 0.393
50.4 -0.216 0.392
50.4 -0.216 0.392
50.4 -0.215 0.388
50.4 -0.215 0.388
50.4 -0.213 0.388
50.4 -0.213 0.388
50.3 -0.21 0.388
50.3 -0.21 0.388
50.3 -0.208 0.389
50.3 -0.208 0.389
50.3 -0.204 0.391
50.3 -0.204 0.391
50.3 -0.203 0.39
50.3 -0.203 0.39
50.3 -0.201 0.392
50.3 -0.201 0.392
50.3 -0.199 0.395
50.3 -0.199 0.395
50.3 -0.195 0.398
50.3 -0.195 0.398
50.3 -0.194 0.398
50.3 -0.194 0.398
50.3 -0.192 0.399
50.3 -0.192 0.399
50.3 -0.19 0.4
50.3 -0.19 0.4
50.3 -0.189 0.403
50.3 -0.189 0.403
50.3 -0.186 0.407
50.3 -0.186 0.407
50.3 -0.183 0.412
50.3 -0.183 0.412
50.3 -0.181 0.413
50.3 -0.181 0.413
50.3 -0.178 0.417
50.3 -0.178 0.417
50.3 -0.178 0.417
50.3 -0.178 0.417
50.2 -0.173 0.42
50.2 -0.173 0.42
50.2 -0.168 0.423
50.2 -0.168 0.423
50.2 -0.162 0.423
50.2 -0.162 0.423
50.2 -0.164 0.422
50.2 -0.164 0.422
50.2 -0.162 0.42
50.2 -0.162 0.42
50.2 -0.16 0.419
50.2 -0.16 0.419
50.2 -0.157 0.416
50.2 -0.157 0.416
50.2 -0.157 0.416
50.2 -0.157 0.416
50.2 -0.154 0.415
50.2 -0.154 0.415
50.2 -0.155 0.417
50.2 -0.155 0.417
50.2 -0.154 0.416
50.2 -0.154 0.416
50.2 -0.157 0.418
50.2 -0.157 0.418
50.2 -0.155 0.419
50.2 -0.155 0.419
50.2 -0.156 0.419
50.2 -0.156 0.419
50.2 -0.169 0.419
50.2 -0.169 0.419
50.2 -0.169 0.417
50.2 -0.169 0.417
50.2 -0.167 0.418
50.2 -0.167 0.418
50.2 -0.175 0.418
50.2 -0.175 0.418
50.2 -0.174 0.419
50.2 -0.174 0.419
50.2 -0.172 0.42
50.2 -0.172 0.42
50.2 -0.176 0.42
50.2 -0.176 0.42
50.2 -0.176 0.42
50.2 -0.176 0.42
50.2 -0.182 0.42
50.2 -0.182 0.42
50.2 -0.182 0.419
50.2 -0.182 0.419
50.2 -0.183 0.414
50.2 -0.183 0.414
50.2 -0.174 0.412
50.2 -0.174 0.412
50.2 -0.174 0.41
50.2 -0.174 0.41
50.2 -0.176 0.407
50.2 -0.176 0.407
50.2 -0.179 0.406
50.2 -0.179 0.406
50.2 -0.181 0.402
50.2 -0.181 0.402
50.2 -0.187 0.4
50.2 -0.187 0.4
50.2 -0.192 0.397
50.2 -0.192 0.397
50.2 -0.184 0.396
50.2 -0.184 0.396
50.2 -0.179 0.397
50.2 -0.179 0.397
50.2 -0.175 0.395
50.2 -0.175 0.395
50.2 -0.188 0.399
50.2 -0.188 0.399
50.2 -0.179 0.388
50.2 -0.179 0.388
50.1 -0.186 0.379
50.1 -0.186 0.379
50.1 -0.188 0.378
50.1 -0.188 0.378
50.1 -0.196 0.375
50.1 -0.196 0.375
50.2 -0.197 0.376
50.2 -0.197 0.376
50.2 -0.198 0.379
50.2 -0.198 0.379
50.2 -0.203 0.379
50.2 -0.203 0.379
50.1 -0.199 0.372
50.1 -0.199 0.372
50.1 -0.199 0.375
50.1 -0.199 0.375
50.1 -0.2 0.373
50.1 -0.2 0.373
50.1 -0.2 0.372
50.1 -0.2 0.372
50.1 -0.2 0.37
50.1 -0.2 0.37
50.1 -0.198 0.368
50.1 -0.198 0.368
50.1 -0.202 0.372
50.1 -0.202 0.372
50.1 -0.202 0.371
50.1 -0.202 0.371
50.1 -0.206 0.374
50.1 -0.206 0.374
50.1 -0.194 0.368
50.1 -0.194 0.368
50.1 -0.202 0.374
50.1 -0.202 0.374
50.1 -0.201 0.374
50.1 -0.201 0.374
50.1 -0.199 0.372
50.1 -0.199 0.372
50.1 -0.198 0.372
50.1 -0.198 0.372
50.1 -0.189 0.367
50.1 -0.189 0.367
50.1 -0.19 0.369
50.1 -0.19 0.369
50.1 -0.2 0.376
50.1 -0.2 0.376
50.1 -0.184 0.368
50.1 -0.184 0.368
50.1 -0.182 0.366
50.1 -0.182 0.366
50.1 -0.175 0.357
50.1 -0.175 0.357
50.1 -0.175 0.36
50.1 -0.175 0.36
50 -0.169 0.358
50 -0.169 0.358
50 -0.169 0.359
50 -0.169 0.359
50 -0.167 0.359
50 -0.167 0.359
50 -0.159 0.357
50 -0.159 0.357
50 -0.158 0.353
50 -0.158 0.353
50 -0.152 0.349
50 -0.152 0.349
50 -0.151 0.348
50 -0.151 0.348
50 -0.147 0.345
50 -0.147 0.345
50 -0.145 0.343
50 -0.145 0.343
50 -0.143 0.342
50 -0.143 0.342
50 -0.143 0.339
50 -0.143 0.339
50 -0.143 0.338
50 -0.143 0.338
50 -0.146 0.341
50 -0.146 0.341
50 -0.148 0.343
50 -0.148 0.343
50 -0.151 0.343
50 -0.151 0.343
50 -0.154 0.339
50 -0.154 0.339
50 -0.164 0.341
50 -0.164 0.341
50 -0.159 0.332
50 -0.159 0.332
50 -0.16 0.332
50 -0.16 0.332
50 -0.163 0.33
50 -0.163 0.33
50 -0.164 0.327
50 -0.164 0.327
50 -0.174 0.33
50 -0.174 0.33
50 -0.168 0.325
50 -0.168 0.325
50 -0.181 0.326
50 -0.181 0.326
50.1 -0.176 0.321
50.1 -0.176 0.321
50.1 -0.178 0.314
50.1 -0.178 0.314
50 -0.178 0.31
50 -0.178 0.31
50.1 -0.18 0.307
50.1 -0.18 0.307
50.1 -0.181 0.305
50.1 -0.181 0.305
50.1 -0.181 0.305
50.1 -0.181 0.305
50 -0.182 0.301
50 -0.182 0.301
50 -0.182 0.301
50 -0.182 0.301
50 -0.182 0.303
50 -0.182 0.303
50 -0.189 0.306
50 -0.189 0.306
50 -0.18 0.301
50 -0.18 0.301
50 -0.179 0.302
50 -0.179 0.302
50 -0.176 0.299
50 -0.176 0.299
50 -0.177 0.3
50 -0.177 0.3
50 -0.183 0.304
50 -0.183 0.304
50 -0.179 0.3
50 -0.179 0.3
50 -0.178 0.301
50 -0.178 0.301
50 -0.182 0.306
50 -0.182 0.306
50 -0.174 0.3
50 -0.174 0.3
50 -0.173 0.301
50 -0.173 0.301
50 -0.171 0.302
50 -0.171 0.302
50 -0.172 0.303
50 -0.172 0.303
50 -0.171 0.303
50 -0.171 0.303
50 -0.169 0.304
50 -0.169 0.304
50 -0.169 0.303
50 -0.169 0.303
50 -0.167 0.302
50 -0.167 0.302
50 -0.168 0.303
50 -0.168 0.303
50 -0.165 0.301
50 -0.165 0.301
50 -0.164 0.301
50 -0.164 0.301
50 -0.17 0.304
50 -0.17 0.304
50 -0.166 0.301
50 -0.166 0.301
50 -0.172 0.303
50 -0.172 0.303
50 -0.166 0.298
50 -0.166 0.298
50 -0.171 0.301
50 -0.171 0.301
50 -0.166 0.296
50 -0.166 0.296
50 -0.168 0.296
50 -0.168 0.296
50 -0.168 0.296
50 -0.168 0.296
50 -0.169 0.295
50 -0.169 0.295
50 -0.176 0.299
50 -0.176 0.299
50 -0.171 0.295
50 -0.171 0.295
50 -0.177 0.3
50 -0.177 0.3
50 -0.173 0.296
50 -0.173 0.296
50 -0.173 0.295
50 -0.173 0.295
50 -0.179 0.297
50 -0.179 0.297
50.1 -0.176 0.296
50.1 -0.176 0.296
50.1 -0.175 0.295
50.1 -0.175 0.295
50.1 -0.175 0.294
50.1 -0.175 0.294
50.1 -0.176 0.291
50.1 -0.176 0.291
50.1 -0.177 0.291
50.1 -0.177 0.291
50.1 -0.177 0.29
50.1 -0.177 0.29
50.1 -0.181 0.292
50.1 -0.181 0.292
50.1 -0.178 0.289
50.1 -0.178 0.289
50.1 -0.178 0.289
50.1 -0.178 0.289
50.1 -0.179 0.289
50.1 -0.179 0.289
50.1 -0.182 0.289
50.1 -0.182 0.289
50.1 -0.177 0.286
50.1 -0.177 0.286
50.1 -0.178 0.286
50.1 -0.178 0.286
50.1 -0.182 0.287
50.1 -0.182 0.287
50.1 -0.178 0.284
50.1 -0.178 0.284
50.1 -0.178 0.283
50.1 -0.178 0.283
50.1 -0.178 0.282
50.1 -0.178 0.282
50.1 -0.181 0.282
50.1 -0.181 0.282
50.1 -0.177 0.279
50.1 -0.177 0.279
50.1 -0.177 0.279
50.1 -0.177 0.279
50.1 -0.177 0.28
50.1 -0.177 0.28
50.1 -0.175 0.278
50.1 -0.175 0.278
50.1 -0.175 0.279
50.1 -0.175 0.279
50.1 -0.177 0.277
50.1 -0.177 0.277
50.1 -0.177 0.278
50.1 -0.177 0.278
50.1 -0.177 0.278
50.1 -0.177 0.278
50.1 -0.175 0.276
50.1 -0.175 0.276
50.1 -0.176 0.277
50.1 -0.176 0.277
50.1 -0.176 0.276
50.1 -0.176 0.276
50.1 -0.176 0.276
50.1 -0.176 0.276
50.1 -0.175 0.273
50.1 -0.175 0.273
50.1 -0.175 0.273
50.1 -0.175 0.273
50.1 -0.172 0.269
50.1 -0.172 0.269
50.1 -0.172 0.268
50.1 -0.172 0.268
50.1 -0.171 0.266
50.1 -0.171 0.266
50.1 -0.172 0.267
50.1 -0.172 0.267
50.1 -0.172 0.264
50.1 -0.172 0.264
50.1 -0.172 0.265
50.1 -0.172 0.265
50.1 -0.172 0.265
50.1 -0.172 0.265
50.1 -0.171 0.262
50.1 -0.171 0.262
50.1 -0.171 0.261
50.1 -0.171 0.261
50.1 -0.17 0.256
50.1 -0.17 0.256
50.1 -0.17 0.254
50.1 -0.17 0.254
50.1 -0.17 0.254
50.1 -0.17 0.254
50.1 -0.169 0.249
50.1 -0.169 0.249
50.1 -0.169 0.25
50.1 -0.169 0.25
50.1 -0.168 0.246
50.1 -0.168 0.246
50.1 -0.169 0.246
50.1 -0.169 0.246
50.1 -0.169 0.242
50.1 -0.169 0.242
50.1 -0.169 0.241
50.1 -0.169 0.241
50.1 -0.168 0.236
50.1 -0.168 0.236
50.1 -0.168 0.236
50.1 -0.168 0.236
50.1 -0.167 0.235
50.1 -0.167 0.235
50.1 -0.167 0.231
50.1 -0.167 0.231
50.1 -0.169 0.231
50.1 -0.169 0.231
50.1 -0.169 0.231
50.1 -0.169 0.231
50.1 -0.168 0.231
50.1 -0.168 0.231
50.1 -0.169 0.227
50.1 -0.169 0.227
50.1 -0.169 0.226
50.1 -0.169 0.226
50.1 -0.168 0.221
50.1 -0.168 0.221
50.1 -0.169 0.222
50.1 -0.169 0.222
50.1 -0.167 0.218
50.1 -0.167 0.218
50.1 -0.167 0.218
50.1 -0.167 0.218
50.1 -0.166 0.215
50.1 -0.166 0.215
50.1 -0.166 0.213
50.1 -0.166 0.213
50.1 -0.165 0.208
50.1 -0.165 0.208
50.1 -0.163 0.202
50.1 -0.163 0.202
50.1 -0.163 0.199
50.1 -0.163 0.199
50.1 -0.162 0.195
50.1 -0.162 0.195
50.1 -0.163 0.194
50.1 -0.163 0.194
50.1 -0.165 0.193
50.1 -0.165 0.193
50.1 -0.163 0.192
50.1 -0.163 0.192
50.1 -0.166 0.193
50.1 -0.166 0.193
50.1 -0.167 0.191
50.1 -0.167 0.191
50.1 -0.167 0.189
50.1 -0.167 0.189
50.1 -0.166 0.187
50.1 -0.166 0.187
50.1 -0.161 0.183
50.1 -0.161 0.183
50.2 -0.167 0.19
50.2 -0.167 0.19
50.2 -0.162 0.187
50.2 -0.162 0.187
50.2 -0.162 0.187
50.2 -0.162 0.187
50.2 -0.163 0.187
50.2 -0.163 0.187
50.2 -0.163 0.186
50.2 -0.163 0.186
50.2 -0.163 0.186
50.2 -0.163 0.186
50.2 -0.163 0.183
50.2 -0.163 0.183
50.2 -0.163 0.18
50.2 -0.163 0.18
50.2 -0.168 0.183
50.2 -0.168 0.183
50.2 -0.163 0.178
50.2 -0.163 0.178
50.2 -0.162 0.172
50.2 -0.162 0.172
50.2 -0.162 0.174
50.2 -0.162 0.174
50.2 -0.162 0.173
50.2 -0.162 0.173
50.2 -0.166 0.176
50.2 -0.166 0.176
50.2 -0.166 0.176
50.2 -0.166 0.176
50.1 -0.162 0.172
50.1 -0.162 0.172
50.1 -0.165 0.174
50.1 -0.165 0.174
50.2 -0.162 0.171
50.2 -0.162 0.171
50.1 -0.166 0.174
50.1 -0.166 0.174
50.1 -0.165 0.173
50.1 -0.165 0.173
50.1 -0.16 0.168
50.1 -0.16 0.168
50.1 -0.16 0.165
50.1 -0.16 0.165
50.1 -0.16 0.164
50.1 -0.16 0.164
50.1 -0.16 0.163
50.1 -0.16 0.163
50.1 -0.16 0.163
50.1 -0.16 0.163
50.1 -0.162 0.161
50.1 -0.162 0.161
50.1 -0.162 0.161
50.1 -0.162 0.161
50.1 -0.158 0.158
50.1 -0.158 0.158
50.1 -0.157 0.156
50.1 -0.157 0.156
50.1 -0.157 0.156
50.1 -0.157 0.156
50.1 -0.155 0.153
50.1 -0.155 0.153
50.1 -0.159 0.156
50.1 -0.159 0.156
50.1 -0.155 0.152
50.1 -0.155 0.152
50.1 -0.159 0.154
50.1 -0.159 0.154
50.1 -0.162 0.155
50.1 -0.162 0.155
50.1 -0.155 0.151
50.1 -0.155 0.151
50.1 -0.153 0.148
50.1 -0.153 0.148
50.1 -0.153 0.147
50.1 -0.153 0.147
50.1 -0.158 0.149
50.1 -0.158 0.149
50.1 -0.153 0.146
50.1 -0.153 0.146
50.1 -0.16 0.15
50.1 -0.16 0.15
50.1 -0.154 0.149
50.1 -0.154 0.149
50.1 -0.155 0.149
50.1 -0.155 0.149
50.1 -0.154 0.148
50.1 -0.154 0.148
50.1 -0.153 0.148
50.1 -0.153 0.148
50.1 -0.156 0.151
50.1 -0.156 0.151
50.1 -0.153 0.148
50.1 -0.153 0.148
50.1 -0.152 0.148
50.1 -0.152 0.148
50.1 -0.151 0.148
50.1 -0.151 0.148
50.1 -0.151 0.147
50.1 -0.151 0.147
50.1 -0.15 0.146
50.1 -0.15 0.146
50.1 -0.15 0.146
50.1 -0.15 0.146
50.1 -0.15 0.146
50.1 -0.15 0.146
50.1 -0.15 0.146
50.1 -0.15 0.146
50.1 -0.149 0.145
50.1 -0.149 0.145
50.1 -0.147 0.145
50.1 -0.147 0.145
50.1 -0.153 0.151
50.1 -0.153 0.151
50.1 -0.146 0.145
50.1 -0.146 0.145
50.1 -0.152 0.15
50.1 -0.152 0.15
50.1 -0.144 0.146
50.1 -0.144 0.146
50.1 -0.144 0.146
50.1 -0.144 0.146
50.1 -0.144 0.146
50.1 -0.144 0.146
50.1 -0.144 0.146
50.1 -0.144 0.146
50.1 -0.144 0.146
50.1 -0.144 0.146
50.1 -0.141 0.147
50.1 -0.141 0.147
50.1 -0.139 0.146
50.1 -0.139 0.146
50.1 -0.138 0.146
50.1 -0.138 0.146
50.1 -0.142 0.148
50.1 -0.142 0.148
50.1 -0.143 0.149
50.1 -0.143 0.149
50.1 -0.139 0.145
50.1 -0.139 0.145
50.1 -0.138 0.145
50.1 -0.138 0.145
50.1 -0.143 0.149
50.1 -0.143 0.149
50.1 -0.139 0.146
50.1 -0.139 0.146
50.1 -0.143 0.149
50.1 -0.143 0.149
50.1 -0.144 0.15
50.1 -0.144 0.15
50.1 -0.144 0.15
50.1 -0.144 0.15
50.1 -0.144 0.151
50.1 -0.144 0.151
50.1 -0.145 0.151
50.1 -0.145 0.151
50.1 -0.139 0.147
50.1 -0.139 0.147
50.1 -0.14 0.148
50.1 -0.14 0.148
50.1 -0.139 0.147
50.1 -0.139 0.147
50.1 -0.141 0.148
50.1 -0.141 0.148
50.1 -0.137 0.145
50.1 -0.137 0.145
50.1 -0.137 0.144
50.1 -0.137 0.144
50.1 -0.136 0.143
50.1 -0.136 0.143
50.1 -0.143 0.148
50.1 -0.143 0.148
50.1 -0.146 0.15
50.1 -0.146 0.15
50.1 -0.146 0.151
50.1 -0.146 0.151
50.1 -0.145 0.151
50.1 -0.145 0.151
50.1 -0.136 0.146
50.1 -0.136 0.146
50.1 -0.14 0.147
50.1 -0.14 0.147
50.1 -0.135 0.144
50.1 -0.135 0.144
50 -0.135 0.143
50 -0.135 0.143
50.1 -0.142 0.147
50.1 -0.142 0.147
50.1 -0.138 0.145
50.1 -0.138 0.145
50 -0.138 0.145
50 -0.138 0.145
50.1 -0.143 0.148
50.1 -0.143 0.148
50 -0.138 0.145
50 -0.138 0.145
50 -0.138 0.144
50 -0.138 0.144
50 -0.138 0.145
50 -0.138 0.145
50 -0.145 0.144
50 -0.145 0.144
50.1 -0.148 0.145
50.1 -0.148 0.145
50.1 -0.148 0.143
50.1 -0.148 0.143
50.1 -0.147 0.143
50.1 -0.147 0.143
50.1 -0.147 0.143
50.1 -0.147 0.143
50.1 -0.144 0.143
50.1 -0.144 0.143
50.1 -0.144 0.144
50.1 -0.144 0.144
50.1 -0.145 0.143
50.1 -0.145 0.143
50.1 -0.145 0.143
50.1 -0.145 0.143
50.1 -0.151 0.141
50.1 -0.151 0.141
50.1 -0.152 0.14
50.1 -0.152 0.14
50.1 -0.152 0.14
50.1 -0.152 0.14
50.1 -0.152 0.141
50.1 -0.152 0.141
50.1 -0.153 0.141
50.1 -0.153 0.141
50.1 -0.153 0.141
50.1 -0.153 0.141
50.1 -0.15 0.143
50.1 -0.15 0.143
50.1 -0.15 0.144
50.1 -0.15 0.144
50.1 -0.15 0.145
50.1 -0.15 0.145
50.1 -0.149 0.146
50.1 -0.149 0.146
50.1 -0.149 0.147
50.1 -0.149 0.147
50.1 -0.148 0.147
50.1 -0.148 0.147
50.1 -0.148 0.147
50.1 -0.148 0.147
50.1 -0.146 0.148
50.1 -0.146 0.148
50.1 -0.144 0.148
50.1 -0.144 0.148
50.1 -0.143 0.149
50.1 -0.143 0.149
50.1 -0.142 0.149
50.1 -0.142 0.149
50.1 -0.14 0.149
50.1 -0.14 0.149
50.1 -0.139 0.149
50.1 -0.139 0.149
50.1 -0.138 0.15
50.1 -0.138 0.15
50.1 -0.138 0.149
50.1 -0.138 0.149
50.1 -0.138 0.15
50.1 -0.138 0.15
50.1 -0.137 0.15
50.1 -0.137 0.15
50.1 -0.136 0.151
50.1 -0.136 0.151
50.1 -0.134 0.151
50.1 -0.134 0.151
50.1 -0.132 0.151
50.1 -0.132 0.151
50.1 -0.132 0.15
50.1 -0.132 0.15
50.1 -0.131 0.15
50.1 -0.131 0.15
50.1 -0.131 0.149
50.1 -0.131 0.149
50.1 -0.131 0.15
50.1 -0.131 0.15
50.1 -0.13 0.15
50.1 -0.13 0.15
50.1 -0.13 0.149
50.1 -0.13 0.149
50.1 -0.129 0.149
50.1 -0.129 0.149
50.1 -0.129 0.148
50.1 -0.129 0.148
50.1 -0.128 0.148
50.1 -0.128 0.148
50.1 -0.127 0.148
50.1 -0.127 0.148
50.1 -0.127 0.148
50.1 -0.127 0.148
50.1 -0.126 0.148
50.1 -0.126 0.148
50.1 -0.125 0.149
50.1 -0.125 0.149
50.1 -0.124 0.149
50.1 -0.124 0.149
50.1 -0.124 0.148
50.1 -0.124 0.148
50.1 -0.123 0.148
50.1 -0.123 0.148
50.1 -0.122 0.148
50.1 -0.122 0.148
50 -0.121 0.148
50 -0.121 0.148
50 -0.121 0.147
50 -0.121 0.147
50 -0.12 0.148
50 -0.12 0.148
50.1 -0.119 0.148
50.1 -0.119 0.148
50.1 -0.119 0.147
50.1 -0.119 0.147
50.1 -0.119 0.146
50.1 -0.119 0.146
50.1 -0.119 0.146
50.1 -0.119 0.146
50.1 -0.119 0.146
50.1 -0.119 0.146
50.1 -0.119 0.147
50.1 -0.119 0.147
50.1 -0.119 0.147
50.1 -0.119 0.147
50.1 -0.119 0.147
50.1 -0.119 0.147
50.1 -0.119 0.147
50.1 -0.119 0.147
50.1 -0.119 0.147
50.1 -0.119 0.147
50.1 -0.12 0.146
50.1 -0.12 0.146
50.1 -0.12 0.147
50.1 -0.12 0.147
50.1 -0.122 0.146
50.1 -0.122 0.146
50.1 -0.121 0.147
50.1 -0.121 0.147
50.1 -0.122 0.147
50.1 -0.122 0.147
50.1 -0.122 0.147
50.1 -0.122 0.147
50.1 -0.122 0.147
50.1 -0.122 0.147
50.1 -0.122 0.147
50.1 -0.122 0.147
50.1 -0.122 0.147
50.1 -0.122 0.147
50.1 -0.121 0.147
50.1 -0.121 0.147
50.1 -0.12 0.147
50.1 -0.12 0.147
50.1 -0.12 0.147
50.1 -0.12 0.147
50.1 -0.119 0.147
50.1 -0.119 0.147
50.1 -0.119 0.147
50.1 -0.119 0.147
50.1 -0.117 0.147
50.1 -0.117 0.147
50.1 -0.117 0.147
50.1 -0.117 0.147
50.1 -0.115 0.148
50.1 -0.115 0.148
50.1 -0.116 0.148
50.1 -0.116 0.148
50.1 -0.115 0.148
50.1 -0.115 0.148
50.1 -0.116 0.148
50.1 -0.116 0.148
50.1 -0.116 0.149
50.1 -0.116 0.149
50.1 -0.115 0.149
50.1 -0.115 0.149
50.1 -0.115 0.149
50.1 -0.115 0.149
50.1 -0.112 0.15
50.1 -0.112 0.15
50.1 -0.112 0.15
50.1 -0.112 0.15
50.1 -0.11 0.152
50.1 -0.11 0.152
50.1 -0.11 0.152
50.1 -0.11 0.152
50.1 -0.109 0.152
50.1 -0.109 0.152
50.1 -0.108 0.152
50.1 -0.108 0.152
50.1 -0.107 0.152
50.1 -0.107 0.152
50.1 -0.107 0.152
50.1 -0.107 0.152
50.1 -0.105 0.152
50.1 -0.105 0.152
50.1 -0.106 0.152
50.1 -0.106 0.152
50.1 -0.105 0.152
50.1 -0.105 0.152
50.1 -0.106 0.152
50.1 -0.106 0.152
50.1 -0.105 0.152
50.1 -0.105 0.152
50.1 -0.105 0.154
50.1 -0.105 0.154
50.1 -0.105 0.154
50.1 -0.105 0.154
50.1 -0.105 0.155
50.1 -0.105 0.155
50.1 -0.105 0.155
50.1 -0.105 0.155
50.1 -0.104 0.155
50.1 -0.104 0.155
50.1 -0.104 0.155
50.1 -0.104 0.155
50.1 -0.104 0.154
50.1 -0.104 0.154
50.1 -0.104 0.154
50.1 -0.104 0.154
50.1 -0.104 0.154
50.1 -0.104 0.154
50.1 -0.104 0.154
50.1 -0.104 0.154
50.1 -0.104 0.154
50.1 -0.104 0.154
50.1 -0.104 0.154
50.1 -0.104 0.154
50.1 -0.104 0.154
50.1 -0.104 0.154
50.1 -0.105 0.156
50.1 -0.105 0.156
50.1 -0.105 0.158
50.1 -0.105 0.158
50.1 -0.106 0.158
50.1 -0.106 0.158
50.1 -0.107 0.161
50.1 -0.107 0.161
50.2 -0.108 0.163
50.2 -0.108 0.163
50.2 -0.108 0.163
50.2 -0.108 0.163
50.2 -0.108 0.164
50.2 -0.108 0.164
50.2 -0.108 0.164
50.2 -0.108 0.164
50.2 -0.108 0.164
50.2 -0.108 0.164
50.2 -0.108 0.164
50.2 -0.108 0.164
50.2 -0.107 0.164
50.2 -0.107 0.164
50.2 -0.107 0.165
50.2 -0.107 0.165
50.2 -0.106 0.165
50.2 -0.106 0.165
50.2 -0.106 0.164
50.2 -0.106 0.164
50.2 -0.104 0.162
50.2 -0.104 0.162
50.2 -0.103 0.161
50.2 -0.103 0.161
50.2 -0.102 0.16
50.2 -0.102 0.16
50.2 -0.102 0.16
50.2 -0.102 0.16
50.2 -0.101 0.16
50.2 -0.101 0.16
50.2 -0.1 0.159
50.2 -0.1 0.159
50.2 -0.099 0.158
50.2 -0.099 0.158
50.2 -0.0972 0.155
50.2 -0.0972 0.155
50.2 -0.0963 0.152
50.2 -0.0963 0.152
50.2 -0.0958 0.149
50.2 -0.0958 0.149
50.2 -0.0949 0.147
50.2 -0.0949 0.147
50.2 -0.0936 0.146
50.2 -0.0936 0.146
50.2 -0.0942 0.146
50.2 -0.0942 0.146
50.2 -0.0947 0.144
50.2 -0.0947 0.144
50.2 -0.0944 0.144
50.2 -0.0944 0.144
50.2 -0.0946 0.143
50.2 -0.0946 0.143
50.2 -0.0943 0.142
50.2 -0.0943 0.142
50.2 -0.0943 0.142
50.2 -0.0943 0.142
50.2 -0.0929 0.14
50.2 -0.0929 0.14
50.2 -0.0923 0.14
50.2 -0.0923 0.14
50.2 -0.0915 0.14
50.2 -0.0915 0.14
50.2 -0.0884 0.139
50.2 -0.0884 0.139
50.2 -0.0879 0.139
50.2 -0.0879 0.139
50.2 -0.0856 0.141
50.2 -0.0856 0.141
50.2 -0.086 0.142
50.2 -0.086 0.142
50.2 -0.0838 0.143
50.2 -0.0838 0.143
50.2 -0.082 0.143
50.2 -0.082 0.143
50.2 -0.0816 0.145
50.2 -0.0816 0.145
50.2 -0.0815 0.145
50.2 -0.0815 0.145
50.2 -0.0819 0.144
50.2 -0.0819 0.144
50.2 -0.0817 0.145
50.2 -0.0817 0.145
50.2 -0.082 0.145
50.2 -0.082 0.145
50.2 -0.082 0.146
50.2 -0.082 0.146
50.2 -0.0821 0.145
50.2 -0.0821 0.145
50.2 -0.0828 0.145
50.2 -0.0828 0.145
50.2 -0.0836 0.144
50.2 -0.0836 0.144
50.2 -0.0853 0.144
50.2 -0.0853 0.144
50.2 -0.0871 0.145
50.2 -0.0871 0.145
50.2 -0.088 0.145
50.2 -0.088 0.145
50.2 -0.0879 0.144
50.2 -0.0879 0.144
50.2 -0.089 0.145
50.2 -0.089 0.145
50.2 -0.0888 0.144
50.2 -0.0888 0.144
50.2 -0.089 0.144
50.2 -0.089 0.144
50.2 -0.0891 0.144
50.2 -0.0891 0.144
50.2 -0.0898 0.145
50.2 -0.0898 0.145
50.2 -0.0892 0.145
50.2 -0.0892 0.145
50.2 -0.09 0.146
50.2 -0.09 0.146
50.2 -0.091 0.147
50.2 -0.091 0.147
50.2 -0.0924 0.148
50.2 -0.0924 0.148
50.2 -0.0927 0.15
50.2 -0.0927 0.15
50.2 -0.0934 0.152
50.2 -0.0934 0.152
50.3 -0.094 0.153
50.3 -0.094 0.153
50.3 -0.0939 0.154
50.3 -0.0939 0.154
50.3 -0.0938 0.156
50.3 -0.0938 0.156
50.3 -0.0908 0.156
50.3 -0.0908 0.156
50.3 -0.0927 0.156
50.3 -0.0927 0.156
50.2 -0.0906 0.157
50.2 -0.0906 0.157
50.2 -0.0887 0.157
50.2 -0.0887 0.157
50.2 -0.0852 0.159
50.2 -0.0852 0.159
50.2 -0.0856 0.159
50.2 -0.0856 0.159
50.2 -0.0849 0.159
50.2 -0.0849 0.159
50.2 -0.0844 0.16
50.2 -0.0844 0.16
50.2 -0.084 0.161
50.2 -0.084 0.161
50.2 -0.0818 0.163
50.2 -0.0818 0.163
50.2 -0.0824 0.164
50.2 -0.0824 0.164
50.2 -0.0812 0.165
50.2 -0.0812 0.165
50.2 -0.0836 0.165
50.2 -0.0836 0.165
50.2 -0.0864 0.168
50.2 -0.0864 0.168
50.2 -0.0836 0.171
50.2 -0.0836 0.171
50.2 -0.0853 0.169
50.2 -0.0853 0.169
50.2 -0.085 0.17
50.2 -0.085 0.17
50.2 -0.0848 0.169
50.2 -0.0848 0.169
50.2 -0.0876 0.17
50.2 -0.0876 0.17
50.2 -0.0882 0.17
50.2 -0.0882 0.17
50.2 -0.0899 0.17
50.2 -0.0899 0.17
50.2 -0.0899 0.17
50.2 -0.0899 0.17
50.2 -0.0899 0.17
50.2 -0.0899 0.17
50.2 -0.0915 0.169
50.2 -0.0915 0.169
50.2 -0.0909 0.169
50.2 -0.0909 0.169
50.2 -0.0916 0.169
50.2 -0.0916 0.169
50.2 -0.0901 0.169
50.2 -0.0901 0.169
50.2 -0.0891 0.169
50.2 -0.0891 0.169
50.2 -0.0884 0.169
50.2 -0.0884 0.169
50.2 -0.0882 0.169
50.2 -0.0882 0.169
50.2 -0.0875 0.169
50.2 -0.0875 0.169
50.2 -0.0873 0.169
50.2 -0.0873 0.169
50.2 -0.0871 0.169
50.2 -0.0871 0.169
50.2 -0.0871 0.17
50.2 -0.0871 0.17
50.2 -0.087 0.17
50.2 -0.087 0.17
50.2 -0.0876 0.171
50.2 -0.0876 0.171
50.2 -0.0868 0.171
50.2 -0.0868 0.171
50.2 -0.0864 0.173
50.2 -0.0864 0.173
50.3 -0.0874 0.174
50.3 -0.0874 0.174
50.3 -0.0886 0.175
50.3 -0.0886 0.175
50.3 -0.0895 0.175
50.3 -0.0895 0.175
50.3 -0.0911 0.175
50.3 -0.0911 0.175
50.3 -0.0915 0.174
50.3 -0.0915 0.174
50.3 -0.0918 0.173
50.3 -0.0918 0.173
50.3 -0.0916 0.173
50.3 -0.0916 0.173
50.3 -0.0915 0.172
50.3 -0.0915 0.172
50.3 -0.0914 0.172
50.3 -0.0914 0.172
50.3 -0.0901 0.171
50.3 -0.0901 0.171
50.3 -0.0897 0.17
50.3 -0.0897 0.17
50.3 -0.0883 0.168
50.3 -0.0883 0.168
50.3 -0.0869 0.17
50.3 -0.0869 0.17
50.3 -0.0878 0.167
50.3 -0.0878 0.167
50.3 -0.0873 0.166
50.3 -0.0873 0.166
50.3 -0.0852 0.165
50.3 -0.0852 0.165
50.3 -0.0854 0.165
50.3 -0.0854 0.165
50.3 -0.0846 0.165
50.3 -0.0846 0.165
50.3 -0.0834 0.163
50.3 -0.0834 0.163
50.3 -0.0834 0.163
50.3 -0.0834 0.163
50.3 -0.0828 0.162
50.3 -0.0828 0.162
50.3 -0.0817 0.162
50.3 -0.0817 0.162
50.3 -0.0823 0.161
50.3 -0.0823 0.161
50.3 -0.0841 0.162
50.3 -0.0841 0.162
50.3 -0.0844 0.162
50.3 -0.0844 0.162
50.3 -0.0843 0.162
50.3 -0.0843 0.162
50.3 -0.0843 0.161
50.3 -0.0843 0.161
50.3 -0.0842 0.161
50.3 -0.0842 0.161
50.3 -0.0841 0.159
50.3 -0.0841 0.159
50.3 -0.0841 0.159
50.3 -0.0841 0.159
50.3 -0.0825 0.158
50.3 -0.0825 0.158
50.3 -0.0825 0.157
50.3 -0.0825 0.157
50.3 -0.0833 0.156
50.3 -0.0833 0.156
50.3 -0.0833 0.156
50.3 -0.0833 0.156
50.3 -0.0834 0.156
50.3 -0.0834 0.156
50.3 -0.0833 0.153
50.3 -0.0833 0.153
50.3 -0.083 0.153
50.3 -0.083 0.153
50.3 -0.083 0.153
50.3 -0.083 0.153
50.3 -0.083 0.153
50.3 -0.083 0.153
50.3 -0.0828 0.153
50.3 -0.0828 0.153
50.3 -0.0829 0.153
50.3 -0.0829 0.153
50.3 -0.0833 0.151
50.3 -0.0833 0.151
50.3 -0.0835 0.151
50.3 -0.0835 0.151
50.3 -0.0838 0.151
50.3 -0.0838 0.151
50.3 -0.0843 0.152
50.3 -0.0843 0.152
50.3 -0.0845 0.151
50.3 -0.0845 0.151
50.3 -0.0849 0.151
50.3 -0.0849 0.151
50.4 -0.0847 0.151
50.4 -0.0847 0.151
50.4 -0.0847 0.151
50.4 -0.0847 0.151
50.4 -0.0856 0.152
50.4 -0.0856 0.152
50.4 -0.0861 0.152
50.4 -0.0861 0.152
50.4 -0.0879 0.152
50.4 -0.0879 0.152
50.4 -0.0885 0.152
50.4 -0.0885 0.152
50.4 -0.09 0.152
50.4 -0.09 0.152
50.4 -0.0898 0.152
50.4 -0.0898 0.152
50.4 -0.0911 0.152
50.4 -0.0911 0.152
50.4 -0.0915 0.152
50.4 -0.0915 0.152
50.4 -0.0935 0.152
50.4 -0.0935 0.152
50.4 -0.0941 0.152
50.4 -0.0941 0.152
50.4 -0.0936 0.152
50.4 -0.0936 0.152
50.4 -0.0935 0.152
50.4 -0.0935 0.152
50.4 -0.0935 0.152
50.4 -0.0935 0.152
50.4 -0.0943 0.152
50.4 -0.0943 0.152
50.4 -0.0952 0.152
50.4 -0.0952 0.152
50.4 -0.0981 0.152
50.4 -0.0981 0.152
50.4 -0.0984 0.153
50.4 -0.0984 0.153
50.4 -0.1 0.153
50.4 -0.1 0.153
50.4 -0.101 0.153
50.4 -0.101 0.153
50.4 -0.104 0.153
50.4 -0.104 0.153
50.4 -0.104 0.154
50.4 -0.104 0.154
50.4 -0.106 0.153
50.4 -0.106 0.153
50.4 -0.106 0.154
50.4 -0.106 0.154
50.5 -0.108 0.154
50.5 -0.108 0.154
50.5 -0.108 0.153
50.5 -0.108 0.153
50.5 -0.108 0.153
50.5 -0.108 0.153
50.5 -0.111 0.154
50.5 -0.111 0.154
50.5 -0.11 0.154
50.5 -0.11 0.154
50.5 -0.11 0.154
50.5 -0.11 0.154
50.5 -0.11 0.154
50.5 -0.11 0.154
50.5 -0.11 0.154
50.5 -0.11 0.154
50.5 -0.111 0.154
50.5 -0.111 0.154
50.5 -0.111 0.154
50.5 -0.111 0.154
50.5 -0.11 0.154
50.5 -0.11 0.154
50.4 -0.11 0.153
50.4 -0.11 0.153
50.5 -0.111 0.152
50.5 -0.111 0.152
50.5 -0.111 0.152
50.5 -0.111 0.152
50.4 -0.111 0.151
50.4 -0.111 0.151
50.4 -0.112 0.151
50.4 -0.112 0.151
50.4 -0.112 0.151
50.4 -0.112 0.151
50.4 -0.111 0.152
50.4 -0.111 0.152
50.4 -0.111 0.152
50.4 -0.111 0.152
50.4 -0.112 0.152
50.4 -0.112 0.152
50.4 -0.112 0.152
50.4 -0.112 0.152
50.4 -0.112 0.152
50.4 -0.112 0.152
50.4 -0.112 0.152
50.4 -0.112 0.152
50.4 -0.113 0.15
50.4 -0.113 0.15
50.4 -0.113 0.15
50.4 -0.113 0.15
50.4 -0.113 0.151
50.4 -0.113 0.151
50.4 -0.113 0.151
50.4 -0.113 0.151
50.5 -0.114 0.15
50.5 -0.114 0.15
50.5 -0.114 0.151
50.5 -0.114 0.151
50.5 -0.114 0.151
50.5 -0.114 0.151
50.5 -0.115 0.152
50.5 -0.115 0.152
50.5 -0.116 0.152
50.5 -0.116 0.152
50.5 -0.116 0.153
50.5 -0.116 0.153
50.5 -0.118 0.153
50.5 -0.118 0.153
50.5 -0.118 0.154
50.5 -0.118 0.154
50.5 -0.119 0.152
50.5 -0.119 0.152
50.5 -0.12 0.152
50.5 -0.12 0.152
50.5 -0.12 0.153
50.5 -0.12 0.153
50.5 -0.121 0.152
50.5 -0.121 0.152
50.5 -0.121 0.153
50.5 -0.121 0.153
50.5 -0.121 0.153
50.5 -0.121 0.153
50.5 -0.121 0.153
50.5 -0.121 0.153
50.5 -0.122 0.153
50.5 -0.122 0.153
50.5 -0.122 0.153
50.5 -0.122 0.153
50.5 -0.118 0.152
50.5 -0.118 0.152
50.5 -0.118 0.152
50.5 -0.118 0.152
50.5 -0.118 0.152
50.5 -0.118 0.152
50.5 -0.118 0.151
50.5 -0.118 0.151
50.5 -0.118 0.152
50.5 -0.118 0.152
50.5 -0.118 0.152
50.5 -0.118 0.152
50.5 -0.123 0.153
50.5 -0.123 0.153
50.5 -0.123 0.153
50.5 -0.123 0.153
50.5 -0.123 0.153
50.5 -0.123 0.153
50.6 -0.125 0.154
50.6 -0.125 0.154
50.6 -0.125 0.154
50.6 -0.125 0.154
50.6 -0.125 0.154
50.6 -0.125 0.154
50.6 -0.126 0.154
50.6 -0.126 0.154
50.6 -0.127 0.154
50.6 -0.127 0.154
50.6 -0.127 0.154
50.6 -0.127 0.154
50.6 -0.128 0.155
50.6 -0.128 0.155
50.6 -0.129 0.155
50.6 -0.129 0.155
50.6 -0.129 0.155
50.6 -0.129 0.155
50.6 -0.129 0.156
50.6 -0.129 0.156
50.6 -0.13 0.157
50.6 -0.13 0.157
50.6 -0.13 0.157
50.6 -0.13 0.157
50.6 -0.131 0.157
50.6 -0.131 0.157
50.6 -0.132 0.158
50.6 -0.132 0.158
50.6 -0.132 0.158
50.6 -0.132 0.158
50.6 -0.132 0.158
50.6 -0.132 0.158
50.6 -0.134 0.159
50.6 -0.134 0.159
50.6 -0.134 0.158
50.6 -0.134 0.158
50.6 -0.134 0.158
50.6 -0.134 0.158
50.6 -0.135 0.159
50.6 -0.135 0.159
50.6 -0.135 0.158
50.6 -0.135 0.158
50.6 -0.135 0.159
50.6 -0.135 0.159
50.6 -0.136 0.159
50.6 -0.136 0.159
50.6 -0.136 0.16
50.6 -0.136 0.16
50.6 -0.136 0.16
50.6 -0.136 0.16
50.6 -0.137 0.159
50.6 -0.137 0.159
50.6 -0.137 0.159
50.6 -0.137 0.159
50.6 -0.137 0.16
50.6 -0.137 0.16
50.6 -0.137 0.16
50.6 -0.137 0.16
50.6 -0.137 0.161
50.6 -0.137 0.161
50.6 -0.136 0.16
50.6 -0.136 0.16
50.6 -0.136 0.16
50.6 -0.136 0.16
50.6 -0.136 0.16
50.6 -0.136 0.16
50.6 -0.136 0.161
50.6 -0.136 0.161
50.6 -0.136 0.161
50.6 -0.136 0.161
50.7 -0.137 0.163
50.7 -0.137 0.163
50.7 -0.137 0.163
50.7 -0.137 0.163
50.7 -0.138 0.164
50.7 -0.138 0.164
50.7 -0.138 0.165
50.7 -0.138 0.165
50.7 -0.138 0.165
50.7 -0.138 0.165
50.7 -0.138 0.166
50.7 -0.138 0.166
50.7 -0.138 0.166
50.7 -0.138 0.166
50.7 -0.139 0.166
50.7 -0.139 0.166
50.7 -0.139 0.166
50.7 -0.139 0.166
50.7 -0.139 0.166
50.7 -0.139 0.166
50.7 -0.139 0.165
50.7 -0.139 0.165
50.7 -0.138 0.165
50.7 -0.138 0.165
50.7 -0.138 0.165
50.7 -0.138 0.165
50.7 -0.138 0.165
50.7 -0.138 0.165
50.7 -0.138 0.165
50.7 -0.138 0.165
50.7 -0.137 0.164
50.7 -0.137 0.164
50.7 -0.137 0.163
50.7 -0.137 0.163
50.7 -0.136 0.16
50.7 -0.136 0.16
50.7 -0.137 0.159
50.7 -0.137 0.159
50.7 -0.136 0.158
50.7 -0.136 0.158
50.7 -0.136 0.158
50.7 -0.136 0.158
50.7 -0.134 0.158
50.7 -0.134 0.158
50.7 -0.134 0.159
50.7 -0.134 0.159
50.7 -0.134 0.159
50.7 -0.134 0.159
50.7 -0.134 0.158
50.7 -0.134 0.158
50.7 -0.134 0.158
50.7 -0.134 0.158
50.7 -0.134 0.158
50.7 -0.134 0.158
50.7 -0.134 0.158
50.7 -0.134 0.158
50.7 -0.134 0.157
50.7 -0.134 0.157
50.7 -0.134 0.158
50.7 -0.134 0.158
50.7 -0.134 0.158
50.7 -0.134 0.158
50.7 -0.134 0.157
50.7 -0.134 0.157
50.7 -0.134 0.157
50.7 -0.134 0.157
50.7 -0.134 0.157
50.7 -0.134 0.157
50.8 -0.134 0.157
50.8 -0.134 0.157
50.8 -0.134 0.157
50.8 -0.134 0.157
50.8 -0.134 0.158
50.8 -0.134 0.158
50.8 -0.134 0.158
50.8 -0.134 0.158
50.8 -0.135 0.158
50.8 -0.135 0.158
50.8 -0.135 0.157
50.8 -0.135 0.157
50.8 -0.135 0.158
50.8 -0.135 0.158
50.8 -0.135 0.158
50.8 -0.135 0.158
50.8 -0.135 0.157
50.8 -0.135 0.157
50.8 -0.135 0.156
50.8 -0.135 0.156
50.8 -0.136 0.157
50.8 -0.136 0.157
50.8 -0.136 0.156
50.8 -0.136 0.156
50.8 -0.136 0.156
50.8 -0.136 0.156
50.8 -0.136 0.155
50.8 -0.136 0.155
50.8 -0.137 0.155
50.8 -0.137 0.155
50.7 -0.136 0.153
50.7 -0.136 0.153
50.7 -0.136 0.153
50.7 -0.136 0.153
50.7 -0.136 0.154
50.7 -0.136 0.154
50.7 -0.135 0.154
50.7 -0.135 0.154
50.7 -0.135 0.154
50.7 -0.135 0.154
50.8 -0.135 0.152
50.8 -0.135 0.152
50.8 -0.136 0.153
50.8 -0.136 0.153
50.8 -0.136 0.153
50.8 -0.136 0.153
50.8 -0.137 0.152
50.8 -0.137 0.152
50.8 -0.14 0.151
50.8 -0.14 0.151
50.8 -0.14 0.152
50.8 -0.14 0.152
50.8 -0.141 0.153
50.8 -0.141 0.153
50.8 -0.141 0.153
50.8 -0.141 0.153
50.8 -0.142 0.152
50.8 -0.142 0.152
50.8 -0.142 0.152
50.8 -0.142 0.152
50.8 -0.142 0.152
50.8 -0.142 0.152
50.8 -0.142 0.152
50.8 -0.142 0.152
50.8 -0.141 0.151
50.8 -0.141 0.151
50.8 -0.141 0.151
50.8 -0.141 0.151
50.8 -0.141 0.151
50.8 -0.141 0.151
50.8 -0.141 0.151
50.8 -0.141 0.151
50.8 -0.141 0.15
50.8 -0.141 0.15
50.8 -0.141 0.15
50.8 -0.141 0.15
50.9 -0.141 0.15
50.9 -0.141 0.15
50.9 -0.141 0.149
50.9 -0.141 0.149
50.9 -0.141 0.149
50.9 -0.141 0.149
50.9 -0.141 0.149
50.9 -0.141 0.149
50.9 -0.14 0.149
50.9 -0.14 0.149
50.9 -0.14 0.148
50.9 -0.14 0.148
50.8 -0.14 0.148
50.8 -0.14 0.148
50.8 -0.14 0.148
50.8 -0.14 0.148
50.9 -0.14 0.148
50.9 -0.14 0.148
50.9 -0.14 0.148
50.9 -0.14 0.148
50.9 -0.14 0.149
50.9 -0.14 0.149
50.9 -0.14 0.147
50.9 -0.14 0.147
50.9 -0.14 0.147
50.9 -0.14 0.147
50.9 -0.14 0.147
50.9 -0.14 0.147
50.9 -0.14 0.147
50.9 -0.14 0.147
50.9 -0.14 0.148
50.9 -0.14 0.148
50.9 -0.14 0.147
50.9 -0.14 0.147
50.9 -0.14 0.147
50.9 -0.14 0.147
50.9 -0.14 0.147
50.9 -0.14 0.147
50.9 -0.14 0.146
50.9 -0.14 0.146
50.9 -0.14 0.145
50.9 -0.14 0.145
50.9 -0.14 0.145
50.9 -0.14 0.145
50.9 -0.14 0.146
50.9 -0.14 0.146
50.9 -0.14 0.146
50.9 -0.14 0.146
50.9 -0.141 0.145
50.9 -0.141 0.145
50.9 -0.141 0.145
50.9 -0.141 0.145
50.9 -0.141 0.145
50.9 -0.141 0.145
50.9 -0.141 0.145
50.9 -0.141 0.145
50.9 -0.141 0.146
50.9 -0.141 0.146
50.9 -0.141 0.146
50.9 -0.141 0.146
50.9 -0.141 0.146
50.9 -0.141 0.146
50.9 -0.141 0.147
50.9 -0.141 0.147
50.9 -0.142 0.147
50.9 -0.142 0.147
50.9 -0.142 0.147
50.9 -0.142 0.147
50.9 -0.143 0.148
50.9 -0.143 0.148
50.9 -0.142 0.148
50.9 -0.142 0.148
50.9 -0.143 0.148
50.9 -0.143 0.148
50.9 -0.143 0.148
50.9 -0.143 0.148
50.9 -0.142 0.148
50.9 -0.142 0.148
50.9 -0.142 0.147
50.9 -0.142 0.147
50.9 -0.142 0.147
50.9 -0.142 0.147
50.9 -0.142 0.146
50.9 -0.142 0.146
50.9 -0.142 0.149
50.9 -0.142 0.149
50.9 -0.142 0.149
50.9 -0.142 0.149
50.9 -0.142 0.149
50.9 -0.142 0.149
50.9 -0.142 0.149
50.9 -0.142 0.149
50.9 -0.142 0.149
50.9 -0.142 0.149
50.9 -0.142 0.149
50.9 -0.142 0.149
50.9 -0.142 0.149
50.9 -0.142 0.149
50.9 -0.142 0.149
50.9 -0.142 0.149
50.9 -0.142 0.149
50.9 -0.142 0.149
50.9 -0.143 0.149
50.9 -0.143 0.149
50.9 -0.143 0.149
50.9 -0.143 0.149
50.9 -0.143 0.149
50.9 -0.143 0.149
50.9 -0.142 0.149
50.9 -0.142 0.149
50.9 -0.142 0.15
50.9 -0.142 0.15
50.9 -0.142 0.149
50.9 -0.142 0.149
50.9 -0.142 0.149
50.9 -0.142 0.149
50.9 -0.142 0.15
50.9 -0.142 0.15
50.9 -0.142 0.15
50.9 -0.142 0.15
50.9 -0.142 0.151
50.9 -0.142 0.151
50.9 -0.142 0.151
50.9 -0.142 0.151
50.9 -0.142 0.153
50.9 -0.142 0.153
50.9 -0.142 0.153
50.9 -0.142 0.153
50.9 -0.142 0.153
50.9 -0.142 0.153
50.9 -0.142 0.153
50.9 -0.142 0.153
50.9 -0.143 0.154
50.9 -0.143 0.154
50.9 -0.143 0.154
50.9 -0.143 0.154
50.9 -0.142 0.154
50.9 -0.142 0.154
50.9 -0.142 0.154
50.9 -0.142 0.154
50.9 -0.142 0.154
50.9 -0.142 0.154
50.9 -0.142 0.154
50.9 -0.142 0.154
50.9 -0.142 0.155
50.9 -0.142 0.155
50.9 -0.142 0.155
50.9 -0.142 0.155
50.9 -0.142 0.155
50.9 -0.142 0.155
50.9 -0.142 0.156
50.9 -0.142 0.156
50.9 -0.142 0.156
50.9 -0.142 0.156
50.9 -0.142 0.156
50.9 -0.142 0.156
50.9 -0.142 0.156
50.9 -0.142 0.156
50.9 -0.142 0.157
50.9 -0.142 0.157
50.9 -0.142 0.157
50.9 -0.142 0.157
50.9 -0.141 0.16
50.9 -0.141 0.16
50.9 -0.141 0.16
50.9 -0.141 0.16
50.9 -0.141 0.16
50.9 -0.141 0.16
50.9 -0.14 0.159
50.9 -0.14 0.159
50.9 -0.14 0.159
50.9 -0.14 0.159
50.9 -0.14 0.159
50.9 -0.14 0.159
50.9 -0.14 0.159
50.9 -0.14 0.159
50.9 -0.14 0.159
50.9 -0.14 0.159
50.9 -0.14 0.159
50.9 -0.14 0.159
50.9 -0.139 0.159
50.9 -0.139 0.159
50.9 -0.139 0.159
50.9 -0.139 0.159
50.9 -0.139 0.16
50.9 -0.139 0.16
50.9 -0.139 0.16
50.9 -0.139 0.16
50.9 -0.139 0.159
50.9 -0.139 0.159
50.9 -0.139 0.16
50.9 -0.139 0.16
50.9 -0.139 0.161
50.9 -0.139 0.161
50.9 -0.139 0.161
50.9 -0.139 0.161
50.9 -0.138 0.161
50.9 -0.138 0.161
50.9 -0.138 0.161
50.9 -0.138 0.161
50.9 -0.138 0.163
50.9 -0.138 0.163
50.9 -0.138 0.162
50.9 -0.138 0.162
50.9 -0.137 0.162
50.9 -0.137 0.162
50.9 -0.138 0.162
50.9 -0.138 0.162
50.9 -0.138 0.163
50.9 -0.138 0.163
50.9 -0.138 0.162
50.9 -0.138 0.162
50.9 -0.138 0.164
50.9 -0.138 0.164
50.9 -0.138 0.164
50.9 -0.138 0.164
50.9 -0.138 0.164
50.9 -0.138 0.164
50.9 -0.138 0.164
50.9 -0.138 0.164
50.9 -0.137 0.166
50.9 -0.137 0.166
50.9 -0.138 0.165
50.9 -0.138 0.165
50.9 -0.137 0.167
50.9 -0.137 0.167
50.9 -0.137 0.167
50.9 -0.137 0.167
50.9 -0.137 0.166
50.9 -0.137 0.166
50.9 -0.137 0.167
50.9 -0.137 0.167
50.9 -0.137 0.166
50.9 -0.137 0.166
50.9 -0.137 0.166
50.9 -0.137 0.166
50.9 -0.137 0.165
50.9 -0.137 0.165
50.9 -0.137 0.166
50.9 -0.137 0.166
50.9 -0.137 0.165
50.9 -0.137 0.165
50.9 -0.137 0.164
50.9 -0.137 0.164
50.9 -0.137 0.164
50.9 -0.137 0.164
50.9 -0.137 0.164
50.9 -0.137 0.164
50.9 -0.137 0.164
50.9 -0.137 0.164
50.9 -0.137 0.165
50.9 -0.137 0.165
50.9 -0.137 0.165
50.9 -0.137 0.165
50.9 -0.138 0.165
50.9 -0.138 0.165
50.9 -0.138 0.165
50.9 -0.138 0.165
50.9 -0.138 0.166
50.9 -0.138 0.166
50.9 -0.138 0.165
50.9 -0.138 0.165
50.9 -0.138 0.164
50.9 -0.138 0.164
50.8 -0.14 0.164
50.8 -0.14 0.164
50.8 -0.141 0.164
50.8 -0.141 0.164
50.8 -0.143 0.163
50.8 -0.143 0.163
50.7 -0.145 0.163
50.7 -0.145 0.163
50.7 -0.147 0.163
50.7 -0.147 0.163
50.6 -0.15 0.163
50.6 -0.15 0.163
50.6 -0.152 0.163
50.6 -0.152 0.163
50.5 -0.154 0.163
50.5 -0.154 0.163
50.5 -0.155 0.163
50.5 -0.155 0.163
50.4 -0.157 0.163
50.4 -0.157 0.163
50.4 -0.158 0.163
50.4 -0.158 0.163
50.3 -0.159 0.163
50.3 -0.159 0.163
50.3 -0.161 0.163
50.3 -0.161 0.163
50.2 -0.163 0.162
50.2 -0.163 0.162
50.2 -0.164 0.161
50.2 -0.164 0.161
50.2 -0.165 0.16
50.2 -0.165 0.16
50.2 -0.166 0.16
50.2 -0.166 0.16
50.1 -0.167 0.16
50.1 -0.167 0.16
50.1 -0.167 0.16
50.1 -0.167 0.16
50.1 -0.169 0.161
50.1 -0.169 0.161
50.1 -0.169 0.161
50.1 -0.169 0.161
50.1 -0.169 0.161
50.1 -0.169 0.161
50.1 -0.17 0.162
50.1 -0.17 0.162
50.1 -0.171 0.162
50.1 -0.171 0.162
50.1 -0.172 0.162
50.1 -0.172 0.162
50.1 -0.172 0.162
50.1 -0.172 0.162
50.1 -0.172 0.162
50.1 -0.172 0.162
50.1 -0.173 0.163
50.1 -0.173 0.163
50.1 -0.173 0.163
50.1 -0.173 0.163
50.1 -0.174 0.163
50.1 -0.174 0.163
50.1 -0.174 0.163
50.1 -0.174 0.163
50.1 -0.176 0.163
50.1 -0.176 0.163
50.1 -0.175 0.163
50.1 -0.175 0.163
50.1 -0.176 0.162
50.1 -0.176 0.162
50.1 -0.176 0.162
50.1 -0.176 0.162
50.1 -0.176 0.162
50.1 -0.176 0.162
50.1 -0.176 0.162
50.1 -0.176 0.162
50.1 -0.176 0.163
50.1 -0.176 0.163
50.1 -0.176 0.162
50.1 -0.176 0.162
50.1 -0.175 0.162
50.1 -0.175 0.162
50.1 -0.175 0.162
50.1 -0.175 0.162
50.1 -0.175 0.162
50.1 -0.175 0.162
50.1 -0.175 0.162
50.1 -0.175 0.162
50.1 -0.174 0.162
50.1 -0.174 0.162
50.1 -0.173 0.161
50.1 -0.173 0.161
50.1 -0.173 0.161
50.1 -0.173 0.161
50.1 -0.173 0.161
50.1 -0.173 0.161
50.1 -0.173 0.161
50.1 -0.173 0.161
50.1 -0.173 0.161
50.1 -0.173 0.161
50.1 -0.173 0.16
50.1 -0.173 0.16
50.1 -0.172 0.16
50.1 -0.172 0.16
50.1 -0.172 0.16
50.1 -0.172 0.16
50.1 -0.172 0.16
50.1 -0.172 0.16
50.1 -0.171 0.159
50.1 -0.171 0.159
50.1 -0.171 0.159
50.1 -0.171 0.159
50.1 -0.171 0.159
50.1 -0.171 0.159
50.1 -0.171 0.16
50.1 -0.171 0.16
50.1 -0.17 0.16
50.1 -0.17 0.16
50.1 -0.171 0.159
50.1 -0.171 0.159
50.1 -0.171 0.159
50.1 -0.171 0.159
50.1 -0.171 0.159
50.1 -0.171 0.159
50.1 -0.17 0.159
50.1 -0.17 0.159
50.1 -0.17 0.159
50.1 -0.17 0.159
50.1 -0.171 0.159
50.1 -0.171 0.159
50.1 -0.171 0.159
50.1 -0.171 0.159
50.2 -0.17 0.159
50.2 -0.17 0.159
50.2 -0.17 0.159
50.2 -0.17 0.159
50.2 -0.17 0.159
50.2 -0.17 0.159
50.2 -0.17 0.159
50.2 -0.17 0.159
50.2 -0.17 0.159
50.2 -0.17 0.159
50.2 -0.169 0.159
50.2 -0.169 0.159
50.2 -0.169 0.159
50.2 -0.169 0.159
50.2 -0.169 0.159
50.2 -0.169 0.159
50.2 -0.169 0.159
50.2 -0.169 0.159
50.2 -0.168 0.159
50.2 -0.168 0.159
50.2 -0.167 0.158
50.2 -0.167 0.158
50.2 -0.167 0.158
50.2 -0.167 0.158
50.2 -0.167 0.158
50.2 -0.167 0.158
50.2 -0.166 0.157
50.2 -0.166 0.157
50.2 -0.166 0.157
50.2 -0.166 0.157
50.2 -0.167 0.157
50.2 -0.167 0.157
50.2 -0.167 0.157
50.2 -0.167 0.157
50.2 -0.167 0.157
50.2 -0.167 0.157
50.2 -0.166 0.156
50.2 -0.166 0.156
50.2 -0.166 0.156
50.2 -0.166 0.156
50.2 -0.166 0.155
50.2 -0.166 0.155
50.2 -0.166 0.155
50.2 -0.166 0.155
50.2 -0.166 0.157
50.2 -0.166 0.157
50.2 -0.166 0.156
50.2 -0.166 0.156
50.3 -0.165 0.156
50.3 -0.165 0.156
50.3 -0.164 0.155
50.3 -0.164 0.155
50.3 -0.165 0.155
50.3 -0.165 0.155
50.3 -0.164 0.155
50.3 -0.164 0.155
50.3 -0.164 0.155
50.3 -0.164 0.155
50.3 -0.164 0.155
50.3 -0.164 0.155
50.3 -0.164 0.155
50.3 -0.164 0.155
50.3 -0.164 0.155
50.3 -0.164 0.155
50.3 -0.164 0.155
50.3 -0.164 0.155
50.3 -0.165 0.155
50.3 -0.165 0.155
50.3 -0.165 0.155
50.3 -0.165 0.155
50.3 -0.165 0.155
50.3 -0.165 0.155
50.3 -0.165 0.155
50.3 -0.165 0.155
50.3 -0.165 0.155
50.3 -0.165 0.155
50.3 -0.165 0.155
50.3 -0.165 0.155
50.3 -0.165 0.155
50.3 -0.165 0.155
50.3 -0.166 0.155
50.3 -0.166 0.155
50.3 -0.166 0.155
50.3 -0.166 0.155
50.3 -0.166 0.155
50.3 -0.166 0.155
50.3 -0.166 0.155
50.3 -0.166 0.155
50.3 -0.165 0.155
50.3 -0.165 0.155
50.3 -0.165 0.155
50.3 -0.165 0.155
50.3 -0.165 0.155
50.3 -0.165 0.155
50.3 -0.165 0.155
50.3 -0.165 0.155
50.3 -0.165 0.154
50.3 -0.165 0.154
50.3 -0.165 0.154
50.3 -0.165 0.154
50.3 -0.165 0.156
50.3 -0.165 0.156
50.3 -0.165 0.158
50.3 -0.165 0.158
50.3 -0.165 0.157
50.3 -0.165 0.157
50.3 -0.165 0.157
50.3 -0.165 0.157
50.3 -0.164 0.157
50.3 -0.164 0.157
50.3 -0.164 0.157
50.3 -0.164 0.157
50.3 -0.164 0.156
50.3 -0.164 0.156
50.3 -0.164 0.157
50.3 -0.164 0.157
50.3 -0.164 0.159
50.3 -0.164 0.159
50.3 -0.164 0.159
50.3 -0.164 0.159
50.3 -0.163 0.158
50.3 -0.163 0.158
50.3 -0.163 0.158
50.3 -0.163 0.158
50.3 -0.163 0.158
50.3 -0.163 0.158
50.3 -0.163 0.158
50.3 -0.163 0.158
50.3 -0.163 0.158
50.3 -0.163 0.158
50.3 -0.163 0.157
50.3 -0.163 0.157
50.3 -0.163 0.157
50.3 -0.163 0.157
50.3 -0.163 0.157
50.3 -0.163 0.157
50.3 -0.163 0.157
50.3 -0.163 0.157
50.3 -0.163 0.156
50.3 -0.163 0.156
50.3 -0.163 0.156
50.3 -0.163 0.156
50.3 -0.164 0.153
50.3 -0.164 0.153
50.3 -0.163 0.154
50.3 -0.163 0.154
50.3 -0.163 0.153
50.3 -0.163 0.153
50.3 -0.163 0.154
50.3 -0.163 0.154
50.3 -0.162 0.153
50.3 -0.162 0.153
50.3 -0.162 0.153
50.3 -0.162 0.153
50.3 -0.162 0.153
50.3 -0.162 0.153
50.3 -0.162 0.152
50.3 -0.162 0.152
50.3 -0.162 0.152
50.3 -0.162 0.152
50.3 -0.162 0.15
50.3 -0.162 0.15
50.3 -0.162 0.15
50.3 -0.162 0.15
50.3 -0.162 0.151
50.3 -0.162 0.151
50.3 -0.163 0.148
50.3 -0.163 0.148
50.3 -0.163 0.148
50.3 -0.163 0.148
50.3 -0.163 0.148
50.3 -0.163 0.148
50.3 -0.162 0.15
50.3 -0.162 0.15
50.3 -0.162 0.15
50.3 -0.162 0.15
50.4 -0.162 0.15
50.4 -0.162 0.15
50.4 -0.162 0.15
50.4 -0.162 0.15
50.4 -0.161 0.153
50.4 -0.161 0.153
50.4 -0.161 0.153
50.4 -0.161 0.153
50.4 -0.161 0.153
50.4 -0.161 0.153
50.4 -0.161 0.153
50.4 -0.161 0.153
50.4 -0.161 0.153
50.4 -0.161 0.153
50.4 -0.161 0.153
50.4 -0.161 0.153
50.4 -0.161 0.155
50.4 -0.161 0.155
50.4 -0.161 0.155
50.4 -0.161 0.155
50.4 -0.161 0.155
50.4 -0.161 0.155
50.4 -0.161 0.156
50.4 -0.161 0.156
50.4 -0.161 0.156
50.4 -0.161 0.156
50.4 -0.161 0.156
50.4 -0.161 0.156
50.4 -0.161 0.154
50.4 -0.161 0.154
50.4 -0.161 0.154
50.4 -0.161 0.154
50.4 -0.161 0.148
50.4 -0.161 0.148
50.4 -0.161 0.144
50.4 -0.161 0.144
50.4 -0.161 0.144
50.4 -0.161 0.144
50.4 -0.161 0.145
50.4 -0.161 0.145
50.4 -0.161 0.142
50.4 -0.161 0.142
50.4 -0.161 0.142
50.4 -0.161 0.142
50.4 -0.161 0.141
50.4 -0.161 0.141
50.4 -0.161 0.142
50.4 -0.161 0.142
50.4 -0.16 0.139
50.4 -0.16 0.139
50.4 -0.16 0.139
50.4 -0.16 0.139
50.4 -0.16 0.138
50.4 -0.16 0.138
50.4 -0.16 0.138
50.4 -0.16 0.138
50.4 -0.16 0.137
50.4 -0.16 0.137
50.4 -0.16 0.137
50.4 -0.16 0.137
50.4 -0.159 0.136
50.4 -0.159 0.136
50.4 -0.159 0.136
50.4 -0.159 0.136
50.4 -0.159 0.137
50.4 -0.159 0.137
50.4 -0.159 0.137
50.4 -0.159 0.137
50.4 -0.159 0.137
50.4 -0.159 0.137
50.4 -0.159 0.137
50.4 -0.159 0.137
50.4 -0.159 0.136
50.4 -0.159 0.136
50.4 -0.159 0.136
50.4 -0.159 0.136
50.4 -0.159 0.136
50.4 -0.159 0.136
50.4 -0.159 0.135
50.4 -0.159 0.135
50.4 -0.159 0.136
50.4 -0.159 0.136
50.4 -0.158 0.135
50.4 -0.158 0.135
50.4 -0.158 0.135
50.4 -0.158 0.135
50.4 -0.157 0.136
50.4 -0.157 0.136
50.4 -0.157 0.136
50.4 -0.157 0.136
50.4 -0.157 0.136
50.4 -0.157 0.136
50.4 -0.157 0.136
50.4 -0.157 0.136
50.4 -0.157 0.136
50.4 -0.157 0.136
50.4 -0.157 0.136
50.4 -0.157 0.136
50.4 -0.156 0.136
50.4 -0.156 0.136
50.4 -0.156 0.136
50.4 -0.156 0.136
50.4 -0.156 0.136
50.4 -0.156 0.136
50.4 -0.156 0.136
50.4 -0.156 0.136
50.4 -0.154 0.137
50.4 -0.154 0.137
50.4 -0.155 0.138
50.4 -0.155 0.138
50.4 -0.155 0.138
50.4 -0.155 0.138
50.4 -0.155 0.138
50.4 -0.155 0.138
50.4 -0.155 0.136
50.4 -0.155 0.136
50.4 -0.155 0.136
50.4 -0.155 0.136
50.4 -0.155 0.136
50.4 -0.155 0.136
50.4 -0.155 0.136
50.4 -0.155 0.136
50.4 -0.156 0.136
50.4 -0.156 0.136
50.4 -0.156 0.135
50.4 -0.156 0.135
50.4 -0.155 0.135
50.4 -0.155 0.135
50.4 -0.155 0.135
50.4 -0.155 0.135
50.4 -0.155 0.135
50.4 -0.155 0.135
50.4 -0.153 0.135
50.4 -0.153 0.135
50.4 -0.153 0.135
50.4 -0.153 0.135
50.4 -0.153 0.135
50.4 -0.153 0.135
50.4 -0.152 0.136
50.4 -0.152 0.136
50.4 -0.152 0.137
50.4 -0.152 0.137
50.5 -0.152 0.136
50.5 -0.152 0.136
50.5 -0.15 0.136
50.5 -0.15 0.136
50.5 -0.15 0.136
50.5 -0.15 0.136
50.5 -0.148 0.136
50.5 -0.148 0.136
50.5 -0.147 0.134
50.5 -0.147 0.134
50.5 -0.145 0.133
50.5 -0.145 0.133
50.5 -0.143 0.131
50.5 -0.143 0.131
50.5 -0.141 0.131
50.5 -0.141 0.131
50.5 -0.139 0.13
50.5 -0.139 0.13
50.6 -0.136 0.13
50.6 -0.136 0.13
50.6 -0.133 0.13
50.6 -0.133 0.13
50.6 -0.131 0.13
50.6 -0.131 0.13
50.6 -0.129 0.13
50.6 -0.129 0.13
50.6 -0.128 0.13
50.6 -0.128 0.13
50.6 -0.126 0.13
50.6 -0.126 0.13
50.6 -0.124 0.13
50.6 -0.124 0.13
50.6 -0.125 0.13
50.6 -0.125 0.13
50.6 -0.123 0.13
50.6 -0.123 0.13
50.6 -0.122 0.13
50.6 -0.122 0.13
50.6 -0.121 0.13
50.6 -0.121 0.13
50.6 -0.121 0.13
50.6 -0.121 0.13
50.6 -0.121 0.13
50.6 -0.121 0.13
50.6 -0.121 0.13
50.6 -0.121 0.13
50.7 -0.12 0.13
50.7 -0.12 0.13
50.7 -0.12 0.13
50.7 -0.12 0.13
50.7 -0.12 0.13
50.7 -0.12 0.13
50.7 -0.12 0.13
50.7 -0.12 0.13
50.7 -0.119 0.13
50.7 -0.119 0.13
50.7 -0.119 0.13
50.7 -0.119 0.13
50.7 -0.119 0.13
50.7 -0.119 0.13
50.7 -0.12 0.13
50.7 -0.12 0.13
50.7 -0.12 0.13
50.7 -0.12 0.13
50.7 -0.12 0.129
50.7 -0.12 0.129
50.7 -0.12 0.129
50.7 -0.12 0.129
50.7 -0.119 0.129
50.7 -0.119 0.129
50.7 -0.12 0.13
50.7 -0.12 0.13
50.7 -0.119 0.129
50.7 -0.119 0.129
50.7 -0.119 0.128
50.7 -0.119 0.128
50.7 -0.119 0.128
50.7 -0.119 0.128
50.7 -0.118 0.128
50.7 -0.118 0.128
50.7 -0.118 0.128
50.7 -0.118 0.128
50.7 -0.117 0.127
50.7 -0.117 0.127
50.7 -0.118 0.127
50.7 -0.118 0.127
50.8 -0.117 0.126
50.8 -0.117 0.126
50.8 -0.117 0.126
50.8 -0.117 0.126
50.8 -0.117 0.126
50.8 -0.117 0.126
50.8 -0.117 0.126
50.8 -0.117 0.126
50.8 -0.116 0.126
50.8 -0.116 0.126
50.8 -0.116 0.126
50.8 -0.116 0.126
50.8 -0.115 0.126
50.8 -0.115 0.126
50.8 -0.115 0.126
50.8 -0.115 0.126
50.8 -0.114 0.127
50.8 -0.114 0.127
50.8 -0.114 0.127
50.8 -0.114 0.127
50.8 -0.114 0.127
50.8 -0.114 0.127
50.8 -0.114 0.127
50.8 -0.114 0.127
50.8 -0.114 0.127
50.8 -0.114 0.127
50.8 -0.113 0.127
50.8 -0.113 0.127
50.8 -0.113 0.127
50.8 -0.113 0.127
50.8 -0.113 0.127
50.8 -0.113 0.127
50.8 -0.112 0.128
50.8 -0.112 0.128
50.8 -0.112 0.128
50.8 -0.112 0.128
50.8 -0.112 0.128
50.8 -0.112 0.128
50.9 -0.111 0.129
50.9 -0.111 0.129
50.9 -0.112 0.129
50.9 -0.112 0.129
50.9 -0.112 0.129
50.9 -0.112 0.129
50.9 -0.111 0.129
50.9 -0.111 0.129
50.9 -0.111 0.129
50.9 -0.111 0.129
50.9 -0.112 0.129
50.9 -0.112 0.129
50.9 -0.111 0.13
50.9 -0.111 0.13
50.9 -0.112 0.13
50.9 -0.112 0.13
50.9 -0.112 0.13
50.9 -0.112 0.13
50.9 -0.112 0.131
50.9 -0.112 0.131
50.9 -0.112 0.13
50.9 -0.112 0.13
50.9 -0.112 0.13
50.9 -0.112 0.13
50.9 -0.112 0.13
50.9 -0.112 0.13
50.9 -0.112 0.13
50.9 -0.112 0.13
50.9 -0.112 0.131
50.9 -0.112 0.131
50.9 -0.112 0.131
50.9 -0.112 0.131
50.9 -0.112 0.131
50.9 -0.112 0.131
50.9 -0.112 0.131
50.9 -0.112 0.131
50.9 -0.111 0.131
50.9 -0.111 0.131
50.9 -0.112 0.131
50.9 -0.112 0.131
50.9 -0.112 0.131
50.9 -0.112 0.131
50.9 -0.112 0.131
50.9 -0.112 0.131
50.9 -0.112 0.132
50.9 -0.112 0.132
50.9 -0.112 0.132
50.9 -0.112 0.132
51 -0.112 0.132
51 -0.112 0.132
51 -0.112 0.132
51 -0.112 0.132
51 -0.112 0.13
51 -0.112 0.13
51 -0.113 0.131
51 -0.113 0.131
51 -0.113 0.131
51 -0.113 0.131
51 -0.113 0.13
51 -0.113 0.13
51 -0.109 0.134
51 -0.109 0.134
51 -0.113 0.131
51 -0.113 0.131
51 -0.114 0.131
51 -0.114 0.131
51 -0.114 0.131
51 -0.114 0.131
51 -0.11 0.133
51 -0.11 0.133
51 -0.114 0.131
51 -0.114 0.131
51 -0.114 0.13
51 -0.114 0.13
51 -0.114 0.13
51 -0.114 0.13
51 -0.114 0.13
51 -0.114 0.13
51 -0.114 0.13
51 -0.114 0.13
51 -0.114 0.13
51 -0.114 0.13
51 -0.114 0.13
51 -0.114 0.13
51 -0.114 0.129
51 -0.114 0.129
51 -0.114 0.129
51 -0.114 0.129
51 -0.114 0.13
51 -0.114 0.13
51 -0.114 0.13
51 -0.114 0.13
51 -0.114 0.13
51 -0.114 0.13
51 -0.114 0.13
51 -0.114 0.13
51 -0.114 0.131
51 -0.114 0.131
51 -0.114 0.131
51 -0.114 0.131
51 -0.111 0.133
51 -0.111 0.133
51 -0.113 0.131
51 -0.113 0.131
51 -0.113 0.131
51 -0.113 0.131
51 -0.113 0.131
51 -0.113 0.131
51 -0.113 0.131
51 -0.113 0.131
51 -0.113 0.131
51 -0.113 0.131
51 -0.114 0.131
51 -0.114 0.131
51 -0.114 0.131
51 -0.114 0.131
51 -0.114 0.131
51 -0.114 0.131
51 -0.114 0.131
51 -0.114 0.131
51 -0.114 0.131
51 -0.114 0.131
51 -0.114 0.131
51 -0.114 0.131
51 -0.114 0.131
51 -0.114 0.131
51 -0.114 0.132
51 -0.114 0.132
51 -0.114 0.132
51 -0.114 0.132
51 -0.114 0.132
51 -0.114 0.132
51 -0.114 0.132
51 -0.114 0.132
51.1 -0.115 0.132
51.1 -0.115 0.132
51.1 -0.115 0.133
51.1 -0.115 0.133
51.1 -0.115 0.133
51.1 -0.115 0.133
51.1 -0.115 0.133
51.1 -0.115 0.133
51.1 -0.115 0.134
51.1 -0.115 0.134
51.1 -0.116 0.134
51.1 -0.116 0.134
51.1 -0.116 0.135
51.1 -0.116 0.135
51.1 -0.117 0.135
51.1 -0.117 0.135
51.1 -0.117 0.135
51.1 -0.117 0.135
51.1 -0.113 0.138
51.1 -0.113 0.138
51.1 -0.118 0.135
51.1 -0.118 0.135
51.1 -0.118 0.135
51.1 -0.118 0.135
51.1 -0.113 0.138
51.1 -0.113 0.138
51.1 -0.117 0.135
51.1 -0.117 0.135
51.1 -0.113 0.138
51.1 -0.113 0.138
51.2 -0.117 0.135
51.2 -0.117 0.135
51.2 -0.117 0.135
51.2 -0.117 0.135
51.1 -0.117 0.135
51.1 -0.117 0.135
51.1 -0.116 0.135
51.1 -0.116 0.135
51.1 -0.117 0.135
51.1 -0.117 0.135
51.1 -0.116 0.134
51.1 -0.116 0.134
51.2 -0.116 0.134
51.2 -0.116 0.134
51.2 -0.112 0.137
51.2 -0.112 0.137
51.2 -0.116 0.134
51.2 -0.116 0.134
51.2 -0.116 0.134
51.2 -0.116 0.134
51.2 -0.113 0.137
51.2 -0.113 0.137
51.2 -0.116 0.135
51.2 -0.116 0.135
51.2 -0.113 0.137
51.2 -0.113 0.137
51.2 -0.116 0.136
51.2 -0.116 0.136
51.2 -0.116 0.137
51.2 -0.116 0.137
51.2 -0.117 0.137
51.2 -0.117 0.137
51.2 -0.117 0.138
51.2 -0.117 0.138
51.2 -0.117 0.139
51.2 -0.117 0.139
51.2 -0.117 0.139
51.2 -0.117 0.139
51.2 -0.117 0.139
51.2 -0.117 0.139
51.2 -0.117 0.138
51.2 -0.117 0.138
51.2 -0.116 0.138
51.2 -0.116 0.138
51.2 -0.116 0.138
51.2 -0.116 0.138
51.2 -0.115 0.138
51.2 -0.115 0.138
51.2 -0.116 0.138
51.2 -0.116 0.138
51.2 -0.116 0.138
51.2 -0.116 0.138
51.3 -0.116 0.138
51.3 -0.116 0.138
51.3 -0.116 0.138
51.3 -0.116 0.138
51.3 -0.117 0.138
51.3 -0.117 0.138
51.3 -0.117 0.138
51.3 -0.117 0.138
51.3 -0.117 0.138
51.3 -0.117 0.138
51.3 -0.118 0.139
51.3 -0.118 0.139
51.3 -0.118 0.139
51.3 -0.118 0.139
51.3 -0.118 0.139
51.3 -0.118 0.139
51.3 -0.119 0.139
51.3 -0.119 0.139
51.3 -0.12 0.14
51.3 -0.12 0.14
51.3 -0.12 0.14
51.3 -0.12 0.14
51.3 -0.121 0.139
51.3 -0.121 0.139
51.3 -0.121 0.139
51.3 -0.121 0.139
51.3 -0.121 0.14
51.3 -0.121 0.14
51.3 -0.121 0.14
51.3 -0.121 0.14
51.3 -0.122 0.14
51.3 -0.122 0.14
51.3 -0.122 0.14
51.3 -0.122 0.14
51.3 -0.122 0.14
51.3 -0.122 0.14
51.3 -0.123 0.14
51.3 -0.123 0.14
51.3 -0.123 0.14
51.3 -0.123 0.14
51.4 -0.121 0.139
51.4 -0.121 0.139
51.4 -0.121 0.14
51.4 -0.121 0.14
51.4 -0.121 0.14
51.4 -0.121 0.14
51.4 -0.121 0.14
51.4 -0.121 0.14
51.4 -0.121 0.14
51.4 -0.121 0.14
51.4 -0.122 0.14
51.4 -0.122 0.14
51.4 -0.124 0.141
51.4 -0.124 0.141
51.4 -0.125 0.14
51.4 -0.125 0.14
51.4 -0.125 0.141
51.4 -0.125 0.141
51.4 -0.125 0.14
51.4 -0.125 0.14
51.4 -0.125 0.14
51.4 -0.125 0.14
51.4 -0.125 0.141
51.4 -0.125 0.141
51.4 -0.125 0.141
51.4 -0.125 0.141
51.4 -0.125 0.141
51.4 -0.125 0.141
51.4 -0.125 0.142
51.4 -0.125 0.142
51.4 -0.125 0.142
51.4 -0.125 0.142
51.4 -0.125 0.143
51.4 -0.125 0.143
51.4 -0.125 0.143
51.4 -0.125 0.143
51.4 -0.125 0.143
51.4 -0.125 0.143
51.4 -0.125 0.143
51.4 -0.125 0.143
51.4 -0.125 0.143
51.4 -0.125 0.143
51.4 -0.125 0.143
51.4 -0.125 0.143
51.4 -0.125 0.144
51.4 -0.125 0.144
51.4 -0.125 0.144
51.4 -0.125 0.144
51.4 -0.126 0.144
51.4 -0.126 0.144
51.4 -0.126 0.144
51.4 -0.126 0.144
51.4 -0.126 0.145
51.4 -0.126 0.145
51.4 -0.126 0.145
51.4 -0.126 0.145
51.4 -0.129 0.145
51.4 -0.129 0.145
51.4 -0.126 0.145
51.4 -0.126 0.145
51.5 -0.126 0.144
51.5 -0.126 0.144
51.5 -0.127 0.145
51.5 -0.127 0.145
51.5 -0.127 0.144
51.5 -0.127 0.144
51.5 -0.127 0.144
51.5 -0.127 0.144
51.5 -0.127 0.144
51.5 -0.127 0.144
51.5 -0.127 0.144
51.5 -0.127 0.144
51.5 -0.127 0.144
51.5 -0.127 0.144
51.5 -0.127 0.144
51.5 -0.127 0.144
51.5 -0.128 0.143
51.5 -0.128 0.143
51.5 -0.127 0.143
51.5 -0.127 0.143
51.5 -0.127 0.143
51.5 -0.127 0.143
51.5 -0.127 0.143
51.5 -0.127 0.143
51.5 -0.127 0.143
51.5 -0.127 0.143
51.5 -0.127 0.143
51.5 -0.127 0.143
51.5 -0.128 0.143
51.5 -0.128 0.143
51.5 -0.128 0.143
51.5 -0.128 0.143
51.5 -0.128 0.143
51.5 -0.128 0.143
51.5 -0.128 0.143
51.5 -0.128 0.143
51.5 -0.128 0.144
51.5 -0.128 0.144
51.5 -0.128 0.143
51.5 -0.128 0.143
51.5 -0.129 0.143
51.5 -0.129 0.143
51.5 -0.129 0.143
51.5 -0.129 0.143
51.5 -0.129 0.143
51.5 -0.129 0.143
51.5 -0.129 0.144
51.5 -0.129 0.144
51.5 -0.129 0.144
51.5 -0.129 0.144
51.5 -0.129 0.144
51.5 -0.129 0.144
51.5 -0.129 0.144
51.5 -0.129 0.144
51.5 -0.129 0.144
51.5 -0.129 0.144
51.5 -0.129 0.143
51.5 -0.129 0.143
51.5 -0.129 0.143
51.5 -0.129 0.143
51.5 -0.129 0.143
51.5 -0.129 0.143
51.5 -0.13 0.143
51.5 -0.13 0.143
51.5 -0.13 0.143
51.5 -0.13 0.143
51.5 -0.13 0.143
51.5 -0.13 0.143
51.5 -0.129 0.143
51.5 -0.129 0.143
51.5 -0.129 0.143
51.5 -0.129 0.143
51.5 -0.129 0.143
51.5 -0.129 0.143
51.5 -0.129 0.143
51.5 -0.129 0.143
51.5 -0.129 0.144
51.5 -0.129 0.144
51.5 -0.129 0.143
51.5 -0.129 0.143
51.5 -0.129 0.143
51.5 -0.129 0.143
51.5 -0.129 0.143
51.5 -0.129 0.143
51.5 -0.129 0.143
51.5 -0.129 0.143
51.5 -0.129 0.143
51.5 -0.129 0.143
51.5 -0.129 0.143
51.5 -0.129 0.143
51.5 -0.128 0.142
51.5 -0.128 0.142
51.5 -0.128 0.142
51.5 -0.128 0.142
51.5 -0.129 0.142
51.5 -0.129 0.142
51.5 -0.129 0.142
51.5 -0.129 0.142
51.5 -0.131 0.142
51.5 -0.131 0.142
51.5 -0.131 0.142
51.5 -0.131 0.142
51.5 -0.131 0.142
51.5 -0.131 0.142
51.5 -0.131 0.142
51.5 -0.131 0.142
51.5 -0.131 0.141
51.5 -0.131 0.141
51.5 -0.131 0.142
51.5 -0.131 0.142
51.5 -0.131 0.143
51.5 -0.131 0.143
51.5 -0.131 0.141
51.5 -0.131 0.141
51.6 -0.132 0.141
51.6 -0.132 0.141
51.6 -0.132 0.141
51.6 -0.132 0.141
51.6 -0.133 0.141
51.6 -0.133 0.141
51.6 -0.132 0.141
51.6 -0.132 0.141
51.6 -0.134 0.141
51.6 -0.134 0.141
51.6 -0.135 0.141
51.6 -0.135 0.141
51.6 -0.136 0.141
51.6 -0.136 0.141
51.6 -0.138 0.141
51.6 -0.138 0.141
51.6 -0.137 0.141
51.6 -0.137 0.141
51.6 -0.137 0.142
51.6 -0.137 0.142
51.6 -0.138 0.142
51.6 -0.138 0.142
51.6 -0.14 0.142
51.6 -0.14 0.142
51.6 -0.139 0.142
51.6 -0.139 0.142
51.6 -0.139 0.142
51.6 -0.139 0.142
51.6 -0.139 0.142
51.6 -0.139 0.142
51.6 -0.139 0.147
51.6 -0.139 0.147
51.6 -0.14 0.143
51.6 -0.14 0.143
51.6 -0.14 0.143
51.6 -0.14 0.143
51.6 -0.14 0.143
51.6 -0.14 0.143
51.6 -0.14 0.143
51.6 -0.14 0.143
51.6 -0.14 0.143
51.6 -0.14 0.143
51.7 -0.141 0.143
51.7 -0.141 0.143
51.7 -0.141 0.143
51.7 -0.141 0.143
51.7 -0.141 0.143
51.7 -0.141 0.143
51.7 -0.141 0.143
51.7 -0.141 0.143
51.7 -0.141 0.143
51.7 -0.141 0.143
51.7 -0.141 0.143
51.7 -0.141 0.143
51.7 -0.141 0.143
51.7 -0.141 0.143
51.7 -0.141 0.143
51.7 -0.141 0.143
51.7 -0.142 0.143
51.7 -0.142 0.143
51.7 -0.142 0.143
51.7 -0.142 0.143
51.7 -0.142 0.143
51.7 -0.142 0.143
51.7 -0.142 0.143
51.7 -0.142 0.143
51.7 -0.142 0.143
51.7 -0.142 0.143
51.7 -0.142 0.143
51.7 -0.142 0.143
51.7 -0.142 0.143
51.7 -0.142 0.143
51.7 -0.142 0.143
51.7 -0.142 0.143
51.7 -0.142 0.143
51.7 -0.142 0.143
51.7 -0.143 0.143
51.7 -0.143 0.143
51.7 -0.143 0.143
51.7 -0.143 0.143
51.7 -0.143 0.143
51.7 -0.143 0.143
51.7 -0.143 0.142
51.7 -0.143 0.142
51.7 -0.143 0.142
51.7 -0.143 0.142
51.7 -0.143 0.142
51.7 -0.143 0.142
51.7 -0.143 0.142
51.7 -0.143 0.142
51.7 -0.143 0.142
51.7 -0.143 0.142
51.7 -0.143 0.142
51.7 -0.143 0.142
51.7 -0.143 0.142
51.7 -0.143 0.142
51.7 -0.143 0.142
51.7 -0.143 0.142
51.7 -0.143 0.142
51.7 -0.143 0.142
51.7 -0.143 0.141
51.7 -0.143 0.141
51.7 -0.144 0.141
51.7 -0.144 0.141
51.7 -0.144 0.141
51.7 -0.144 0.141
51.7 -0.144 0.14
51.7 -0.144 0.14
51.7 -0.144 0.14
51.7 -0.144 0.14
51.7 -0.144 0.14
51.7 -0.144 0.14
51.7 -0.144 0.139
51.7 -0.144 0.139
51.7 -0.144 0.139
51.7 -0.144 0.139
51.7 -0.144 0.139
51.7 -0.144 0.139
51.7 -0.144 0.139
51.7 -0.144 0.139
51.7 -0.144 0.138
51.7 -0.144 0.138
51.7 -0.144 0.138
51.7 -0.144 0.138
51.7 -0.144 0.138
51.7 -0.144 0.138
51.7 -0.145 0.138
51.7 -0.145 0.138
51.7 -0.145 0.137
51.7 -0.145 0.137
51.7 -0.145 0.137
51.7 -0.145 0.137
51.7 -0.145 0.137
51.7 -0.145 0.137
51.7 -0.145 0.137
51.7 -0.145 0.137
51.7 -0.145 0.137
51.7 -0.145 0.137
51.7 -0.145 0.137
51.7 -0.145 0.137
51.7 -0.146 0.137
51.7 -0.146 0.137
51.7 -0.146 0.137
51.7 -0.146 0.137
51.7 -0.146 0.137
51.7 -0.146 0.137
51.7 -0.146 0.137
51.7 -0.146 0.137
51.7 -0.146 0.137
51.7 -0.146 0.137
51.8 -0.146 0.137
51.8 -0.146 0.137
51.8 -0.147 0.137
51.8 -0.147 0.137
51.8 -0.147 0.137
51.8 -0.147 0.137
51.8 -0.147 0.137
51.8 -0.147 0.137
51.8 -0.147 0.137
51.8 -0.147 0.137
51.8 -0.147 0.137
51.8 -0.147 0.137
51.8 -0.147 0.137
51.8 -0.147 0.137
51.8 -0.147 0.137
51.8 -0.147 0.137
51.8 -0.147 0.137
51.8 -0.147 0.137
51.8 -0.147 0.137
51.8 -0.147 0.137
51.8 -0.147 0.137
51.8 -0.147 0.137
51.8 -0.147 0.137
51.8 -0.147 0.137
51.8 -0.147 0.136
51.8 -0.147 0.136
51.8 -0.147 0.137
51.8 -0.147 0.137
51.8 -0.147 0.136
51.8 -0.147 0.136
51.8 -0.147 0.136
51.8 -0.147 0.136
51.8 -0.147 0.137
51.8 -0.147 0.137
51.8 -0.147 0.136
51.8 -0.147 0.136
51.8 -0.147 0.136
51.8 -0.147 0.136
51.8 -0.147 0.137
51.8 -0.147 0.137
51.8 -0.147 0.137
51.8 -0.147 0.137
51.8 -0.147 0.137
51.8 -0.147 0.137
51.8 -0.147 0.137
51.8 -0.147 0.137
51.8 -0.147 0.136
51.8 -0.147 0.136
51.8 -0.147 0.136
51.8 -0.147 0.136
51.8 -0.147 0.136
51.8 -0.147 0.136
51.8 -0.147 0.136
51.8 -0.147 0.136
51.8 -0.148 0.137
51.8 -0.148 0.137
51.8 -0.147 0.137
51.8 -0.147 0.137
51.8 -0.147 0.137
51.8 -0.147 0.137
51.8 -0.148 0.137
51.8 -0.148 0.137
51.8 -0.148 0.137
51.8 -0.148 0.137
51.8 -0.148 0.137
51.8 -0.148 0.137
51.8 -0.148 0.137
51.8 -0.148 0.137
51.8 -0.148 0.137
51.8 -0.148 0.137
51.8 -0.148 0.137
51.8 -0.148 0.137
51.8 -0.148 0.137
51.8 -0.148 0.137
51.8 -0.148 0.137
51.8 -0.148 0.137
51.8 -0.148 0.137
51.8 -0.148 0.137
51.8 -0.148 0.137
51.8 -0.148 0.137
51.8 -0.147 0.137
51.8 -0.147 0.137
51.8 -0.147 0.137
51.8 -0.147 0.137
51.8 -0.147 0.137
51.8 -0.147 0.137
51.8 -0.147 0.137
51.8 -0.147 0.137
51.8 -0.147 0.138
51.8 -0.147 0.138
51.8 -0.148 0.138
51.8 -0.148 0.138
51.8 -0.148 0.138
51.8 -0.148 0.138
51.8 -0.148 0.138
51.8 -0.148 0.138
51.8 -0.147 0.138
51.8 -0.147 0.138
51.8 -0.147 0.138
51.8 -0.147 0.138
51.8 -0.148 0.138
51.8 -0.148 0.138
51.8 -0.148 0.138
51.8 -0.148 0.138
51.8 -0.148 0.138
51.8 -0.148 0.138
51.8 -0.148 0.138
51.8 -0.148 0.138
51.8 -0.147 0.138
51.8 -0.147 0.138
51.8 -0.148 0.138
51.8 -0.148 0.138
51.8 -0.148 0.138
51.8 -0.148 0.138
51.8 -0.148 0.139
51.8 -0.148 0.139
51.8 -0.148 0.139
51.8 -0.148 0.139
51.8 -0.148 0.139
51.8 -0.148 0.139
51.8 -0.148 0.138
51.8 -0.148 0.138
51.8 -0.148 0.139
51.8 -0.148 0.139
51.8 -0.148 0.139
51.8 -0.148 0.139
51.8 -0.148 0.139
51.8 -0.148 0.139
51.8 -0.148 0.139
51.8 -0.148 0.139
51.9 -0.149 0.139
51.9 -0.149 0.139
51.9 -0.149 0.139
51.9 -0.149 0.139
51.9 -0.149 0.139
51.9 -0.149 0.139
51.9 -0.149 0.139
51.9 -0.149 0.139
51.9 -0.149 0.139
51.9 -0.149 0.139
51.9 -0.149 0.139
51.9 -0.149 0.139
51.9 -0.149 0.139
51.9 -0.149 0.139
51.9 -0.149 0.139
51.9 -0.149 0.139
51.9 -0.149 0.139
51.9 -0.149 0.139
51.9 -0.149 0.14
51.9 -0.149 0.14
51.9 -0.149 0.14
51.9 -0.149 0.14
51.9 -0.149 0.14
51.9 -0.149 0.14
51.9 -0.149 0.14
51.9 -0.149 0.14
51.9 -0.149 0.14
51.9 -0.149 0.14
51.9 -0.149 0.14
51.9 -0.149 0.14
51.9 -0.149 0.14
51.9 -0.149 0.14
51.9 -0.149 0.14
51.9 -0.149 0.14
51.9 -0.149 0.14
51.9 -0.149 0.14
51.9 -0.149 0.14
51.9 -0.149 0.14
51.9 -0.149 0.14
51.9 -0.149 0.14
51.9 -0.149 0.14
51.9 -0.149 0.14
51.9 -0.149 0.14
51.9 -0.149 0.14
51.9 -0.149 0.14
51.9 -0.149 0.14
51.9 -0.149 0.14
51.9 -0.149 0.14
51.9 -0.149 0.14
51.9 -0.149 0.14
51.9 -0.149 0.14
51.9 -0.149 0.14
51.9 -0.149 0.14
51.9 -0.149 0.14
51.9 -0.149 0.14
51.9 -0.149 0.14
51.9 -0.149 0.14
51.9 -0.149 0.14
51.9 -0.149 0.14
51.9 -0.149 0.14
52 -0.151 0.141
52 -0.151 0.141
52 -0.151 0.141
52 -0.151 0.141
52 -0.151 0.142
52 -0.151 0.142
52 -0.151 0.141
52 -0.151 0.141
52 -0.151 0.142
52 -0.151 0.142
52 -0.152 0.142
52 -0.152 0.142
52 -0.151 0.142
52 -0.151 0.142
52 -0.148 0.141
52 -0.148 0.141
52 -0.148 0.141
52 -0.148 0.141
51.9 -0.148 0.141
51.9 -0.148 0.141
51.9 -0.148 0.14
51.9 -0.148 0.14
51.9 -0.148 0.141
51.9 -0.148 0.141
52 -0.148 0.141
52 -0.148 0.141
52 -0.148 0.141
52 -0.148 0.141
52 -0.148 0.14
52 -0.148 0.14
52 -0.148 0.14
52 -0.148 0.14
52 -0.148 0.141
52 -0.148 0.141
52 -0.148 0.14
52 -0.148 0.14
52 -0.148 0.14
52 -0.148 0.14
52 -0.148 0.14
52 -0.148 0.14
52 -0.148 0.14
52 -0.148 0.14
52 -0.148 0.14
52 -0.148 0.14
52 -0.148 0.14
52 -0.148 0.14
52 -0.148 0.14
52 -0.148 0.14
52 -0.148 0.14
52 -0.148 0.14
52 -0.148 0.14
52 -0.148 0.14
52 -0.149 0.14
52 -0.149 0.14
52 -0.148 0.14
52 -0.148 0.14
52 -0.148 0.14
52 -0.148 0.14
52 -0.148 0.14
52 -0.148 0.14
52 -0.148 0.14
52 -0.148 0.14
52 -0.149 0.14
52 -0.149 0.14
52 -0.149 0.14
52 -0.149 0.14
52 -0.149 0.14
52 -0.149 0.14
52 -0.148 0.14
52 -0.148 0.14
52 -0.148 0.14
52 -0.148 0.14
52 -0.148 0.14
52 -0.148 0.14
52 -0.148 0.14
52 -0.148 0.14
52 -0.148 0.14
52 -0.148 0.14
52 -0.148 0.14
52 -0.148 0.14
52 -0.148 0.14
52 -0.148 0.14
52 -0.148 0.14
52 -0.148 0.14
52 -0.148 0.14
52 -0.148 0.14
52 -0.148 0.14
52 -0.148 0.14
52 -0.148 0.14
52 -0.148 0.14
52 -0.148 0.14
52 -0.148 0.14
52 -0.148 0.14
52 -0.148 0.14
52 -0.148 0.14
52 -0.148 0.14
52 -0.148 0.14
52 -0.148 0.14
52 -0.149 0.14
52 -0.149 0.14
52 -0.148 0.14
52 -0.148 0.14
52 -0.148 0.14
52 -0.148 0.14
52 -0.148 0.14
52 -0.148 0.14
52 -0.148 0.14
52 -0.148 0.14
52 -0.149 0.14
52 -0.149 0.14
52 -0.149 0.14
52 -0.149 0.14
52 -0.149 0.14
52 -0.149 0.14
52 -0.149 0.14
52 -0.149 0.14
52.1 -0.149 0.14
52.1 -0.149 0.14
52.1 -0.149 0.14
52.1 -0.149 0.14
52.1 -0.149 0.14
52.1 -0.149 0.14
52.1 -0.149 0.14
52.1 -0.149 0.14
52.1 -0.15 0.14
52.1 -0.15 0.14
52.1 -0.15 0.14
52.1 -0.15 0.14
52.1 -0.15 0.14
52.1 -0.15 0.14
52.1 -0.15 0.14
52.1 -0.15 0.14
52.1 -0.15 0.14
52.1 -0.15 0.14
52.1 -0.15 0.14
52.1 -0.15 0.14
52.1 -0.15 0.14
52.1 -0.15 0.14
52.1 -0.15 0.141
52.1 -0.15 0.141
52.1 -0.15 0.14
52.1 -0.15 0.14
52.1 -0.15 0.14
52.1 -0.15 0.14
52.1 -0.15 0.14
52.1 -0.15 0.14
52.1 -0.15 0.141
52.1 -0.15 0.141
52.1 -0.15 0.141
52.1 -0.15 0.141
52.1 -0.15 0.14
52.1 -0.15 0.14
52.1 -0.15 0.14
52.1 -0.15 0.14
52.1 -0.15 0.141
52.1 -0.15 0.141
52.1 -0.15 0.14
52.1 -0.15 0.14
52.1 -0.15 0.141
52.1 -0.15 0.141
52.1 -0.15 0.14
52.1 -0.15 0.14
52.1 -0.15 0.14
52.1 -0.15 0.14
52.1 -0.15 0.14
52.1 -0.15 0.14
52.1 -0.15 0.14
52.1 -0.15 0.14
52.1 -0.15 0.14
52.1 -0.15 0.14
52.1 -0.15 0.14
52.1 -0.15 0.14
52.1 -0.15 0.14
52.1 -0.15 0.14
52.1 -0.15 0.14
52.1 -0.15 0.14
52.1 -0.15 0.14
52.1 -0.15 0.14
52.2 -0.15 0.14
52.2 -0.15 0.14
52.2 -0.15 0.14
52.2 -0.15 0.14
52.2 -0.15 0.14
52.2 -0.15 0.14
52.2 -0.149 0.139
52.2 -0.149 0.139
52.2 -0.149 0.139
52.2 -0.149 0.139
52.2 -0.149 0.139
52.2 -0.149 0.139
52.2 -0.149 0.139
52.2 -0.149 0.139
52.2 -0.149 0.139
52.2 -0.149 0.139
52.2 -0.149 0.139
52.2 -0.149 0.139
52.2 -0.149 0.138
52.2 -0.149 0.138
52.2 -0.149 0.138
52.2 -0.149 0.138
52.2 -0.149 0.138
52.2 -0.149 0.138
52.2 -0.149 0.138
52.2 -0.149 0.138
52.2 -0.149 0.138
52.2 -0.149 0.138
52.2 -0.149 0.138
52.2 -0.149 0.138
52.2 -0.148 0.138
52.2 -0.148 0.138
52.2 -0.148 0.138
52.2 -0.148 0.138
52.2 -0.148 0.138
52.2 -0.148 0.138
52.2 -0.148 0.138
52.2 -0.148 0.138
52.2 -0.148 0.138
52.2 -0.148 0.138
52.2 -0.148 0.138
52.2 -0.148 0.138
52.2 -0.148 0.138
52.2 -0.148 0.138
52.2 -0.147 0.138
52.2 -0.147 0.138
52.2 -0.147 0.138
52.2 -0.147 0.138
52.2 -0.147 0.138
52.2 -0.147 0.138
52.2 -0.147 0.138
52.2 -0.147 0.138
52.2 -0.147 0.138
52.2 -0.147 0.138
52.2 -0.147 0.138
52.2 -0.147 0.138
52.2 -0.147 0.138
52.2 -0.147 0.138
52.2 -0.147 0.138
52.2 -0.147 0.138
52.2 -0.147 0.138
52.2 -0.147 0.138
52.2 -0.146 0.137
52.2 -0.146 0.137
52.2 -0.146 0.137
52.2 -0.146 0.137
52.2 -0.146 0.137
52.2 -0.146 0.137
52.2 -0.146 0.137
52.2 -0.146 0.137
52.2 -0.146 0.137
52.2 -0.146 0.137
52.2 -0.146 0.137
52.2 -0.146 0.137
52.2 -0.146 0.137
52.2 -0.146 0.137
52.2 -0.147 0.137
52.2 -0.147 0.137
52.2 -0.146 0.137
52.2 -0.146 0.137
52.2 -0.146 0.137
52.2 -0.146 0.137
52.2 -0.146 0.137
52.2 -0.146 0.137
52.2 -0.146 0.137
52.2 -0.146 0.137
52.2 -0.146 0.136
52.2 -0.146 0.136
52.2 -0.146 0.136
52.2 -0.146 0.136
52.2 -0.146 0.135
52.2 -0.146 0.135
52.2 -0.146 0.135
52.2 -0.146 0.135
52.2 -0.146 0.135
52.2 -0.146 0.135
52.2 -0.146 0.134
52.2 -0.146 0.134
52.2 -0.147 0.134
52.2 -0.147 0.134
52.2 -0.147 0.133
52.2 -0.147 0.133
52.2 -0.15 0.133
52.2 -0.15 0.133
52.2 -0.149 0.133
52.2 -0.149 0.133
52.2 -0.147 0.133
52.2 -0.147 0.133
52.2 -0.146 0.132
52.2 -0.146 0.132
52.2 -0.146 0.132
52.2 -0.146 0.132
52.2 -0.146 0.132
52.2 -0.146 0.132
52.2 -0.145 0.132
52.2 -0.145 0.132
52.2 -0.145 0.132
52.2 -0.145 0.132
52.2 -0.145 0.132
52.2 -0.145 0.132
52.2 -0.145 0.132
52.2 -0.145 0.132
52.2 -0.145 0.131
52.2 -0.145 0.131
52.2 -0.145 0.131
52.2 -0.145 0.131
52.2 -0.145 0.131
52.2 -0.145 0.131
52.2 -0.145 0.131
52.2 -0.145 0.131
52.2 -0.145 0.13
52.2 -0.145 0.13
52.2 -0.145 0.13
52.2 -0.145 0.13
52.2 -0.145 0.13
52.2 -0.145 0.13
52.2 -0.144 0.13
52.2 -0.144 0.13
52.2 -0.144 0.129
52.2 -0.144 0.129
52.2 -0.144 0.129
52.2 -0.144 0.129
52.2 -0.144 0.129
52.2 -0.144 0.129
52.2 -0.144 0.129
52.2 -0.144 0.129
52.2 -0.144 0.129
52.2 -0.144 0.129
52.2 -0.144 0.129
52.2 -0.144 0.129
52.2 -0.144 0.128
52.2 -0.144 0.128
52.2 -0.144 0.128
52.2 -0.144 0.128
52.2 -0.144 0.129
52.2 -0.144 0.129
52.2 -0.144 0.129
52.2 -0.144 0.129
52.2 -0.144 0.129
52.2 -0.144 0.129
52.2 -0.143 0.129
52.2 -0.143 0.129
52.2 -0.143 0.129
52.2 -0.143 0.129
52.2 -0.143 0.13
52.2 -0.143 0.13
52.1 -0.143 0.13
52.1 -0.143 0.13
52.1 -0.143 0.13
52.1 -0.143 0.13
52.1 -0.143 0.13
52.1 -0.143 0.13
52.1 -0.143 0.131
52.1 -0.143 0.131
52.1 -0.144 0.131
52.1 -0.144 0.131
52.1 -0.144 0.131
52.1 -0.144 0.131
52.2 -0.144 0.132
52.2 -0.144 0.132
52.2 -0.144 0.132
52.2 -0.144 0.132
52.2 -0.144 0.132
52.2 -0.144 0.132
52.2 -0.145 0.133
52.2 -0.145 0.133
52.2 -0.145 0.133
52.2 -0.145 0.133
52.2 -0.145 0.133
52.2 -0.145 0.133
52.2 -0.145 0.133
52.2 -0.145 0.133
52.2 -0.145 0.133
52.2 -0.145 0.133
52.2 -0.145 0.133
52.2 -0.145 0.133
52.2 -0.145 0.133
52.2 -0.145 0.133
52.2 -0.145 0.133
52.2 -0.145 0.133
52.2 -0.145 0.133
52.2 -0.145 0.133
52.2 -0.145 0.133
52.2 -0.145 0.133
52.2 -0.146 0.132
52.2 -0.146 0.132
52.2 -0.146 0.133
52.2 -0.146 0.133
52.2 -0.146 0.132
52.2 -0.146 0.132
52.2 -0.146 0.132
52.2 -0.146 0.132
52.2 -0.146 0.132
52.2 -0.146 0.132
52.2 -0.146 0.132
52.2 -0.146 0.132
52.2 -0.146 0.133
52.2 -0.146 0.133
52.2 -0.146 0.133
52.2 -0.146 0.133
52.2 -0.146 0.133
52.2 -0.146 0.133
52.2 -0.146 0.133
52.2 -0.146 0.133
52.2 -0.147 0.133
52.2 -0.147 0.133
52.2 -0.147 0.133
52.2 -0.147 0.133
52.2 -0.147 0.133
52.2 -0.147 0.133
52.2 -0.147 0.133
52.2 -0.147 0.133
52.2 -0.147 0.132
52.2 -0.147 0.132
52.2 -0.147 0.132
52.2 -0.147 0.132
52.2 -0.147 0.132
52.2 -0.147 0.132
52.2 -0.146 0.132
52.2 -0.146 0.132
52.2 -0.147 0.132
52.2 -0.147 0.132
52.2 -0.146 0.132
52.2 -0.146 0.132
52.2 -0.146 0.132
52.2 -0.146 0.132
52.3 -0.145 0.131
52.3 -0.145 0.131
52.3 -0.144 0.131
52.3 -0.144 0.131
52.3 -0.144 0.13
52.3 -0.144 0.13
52.3 -0.144 0.13
52.3 -0.144 0.13
52.3 -0.144 0.13
52.3 -0.144 0.13
52.3 -0.144 0.13
52.3 -0.144 0.13
52.3 -0.144 0.13
52.3 -0.144 0.13
52.3 -0.144 0.13
52.3 -0.144 0.13
52.3 -0.144 0.131
52.3 -0.144 0.131
52.3 -0.144 0.131
52.3 -0.144 0.131
52.3 -0.144 0.131
52.3 -0.144 0.131
52.3 -0.144 0.132
52.3 -0.144 0.132
52.3 -0.144 0.131
52.3 -0.144 0.131
52.3 -0.144 0.131
52.3 -0.144 0.131
52.3 -0.144 0.131
52.3 -0.144 0.131
52.3 -0.143 0.131
52.3 -0.143 0.131
52.3 -0.143 0.131
52.3 -0.143 0.131
52.3 -0.142 0.13
52.3 -0.142 0.13
52.3 -0.142 0.13
52.3 -0.142 0.13
52.3 -0.142 0.13
52.3 -0.142 0.13
52.3 -0.141 0.13
52.3 -0.141 0.13
52.3 -0.142 0.129
52.3 -0.142 0.129
52.3 -0.142 0.129
52.3 -0.142 0.129
52.3 -0.141 0.128
52.3 -0.141 0.128
52.3 -0.141 0.128
52.3 -0.141 0.128
52.3 -0.141 0.128
52.3 -0.141 0.128
52.3 -0.141 0.128
52.3 -0.141 0.128
52.3 -0.14 0.128
52.3 -0.14 0.128
52.3 -0.14 0.128
52.3 -0.14 0.128
52.3 -0.14 0.128
52.3 -0.14 0.128
52.3 -0.14 0.127
52.3 -0.14 0.127
52.3 -0.14 0.127
52.3 -0.14 0.127
52.3 -0.14 0.127
52.3 -0.14 0.127
52.3 -0.14 0.127
52.3 -0.14 0.127
52.3 -0.14 0.128
52.3 -0.14 0.128
52.3 -0.139 0.127
52.3 -0.139 0.127
52.3 -0.139 0.127
52.3 -0.139 0.127
52.3 -0.14 0.127
52.3 -0.14 0.127
52.3 -0.14 0.127
52.3 -0.14 0.127
52.3 -0.14 0.127
52.3 -0.14 0.127
52.3 -0.14 0.127
52.3 -0.14 0.127
52.3 -0.14 0.127
52.3 -0.14 0.127
52.4 -0.141 0.127
52.4 -0.141 0.127
52.4 -0.141 0.128
52.4 -0.141 0.128
52.4 -0.141 0.128
52.4 -0.141 0.128
52.4 -0.142 0.128
52.4 -0.142 0.128
52.4 -0.142 0.128
52.4 -0.142 0.128
52.4 -0.142 0.128
52.4 -0.142 0.128
52.4 -0.142 0.129
52.4 -0.142 0.129
52.4 -0.142 0.129
52.4 -0.142 0.129
52.4 -0.142 0.129
52.4 -0.142 0.129
52.4 -0.142 0.129
52.4 -0.142 0.129
52.4 -0.142 0.129
52.4 -0.142 0.129
52.4 -0.142 0.13
52.4 -0.142 0.13
52.4 -0.142 0.129
52.4 -0.142 0.129
52.4 -0.142 0.129
52.4 -0.142 0.129
52.4 -0.143 0.129
52.4 -0.143 0.129
52.4 -0.142 0.128
52.4 -0.142 0.128
52.4 -0.142 0.128
52.4 -0.142 0.128
52.4 -0.142 0.129
52.4 -0.142 0.129
52.4 -0.142 0.129
52.4 -0.142 0.129
52.4 -0.142 0.129
52.4 -0.142 0.129
52.4 -0.143 0.129
52.4 -0.143 0.129
52.4 -0.142 0.129
52.4 -0.142 0.129
52.4 -0.143 0.129
52.4 -0.143 0.129
52.4 -0.143 0.129
52.4 -0.143 0.129
52.4 -0.143 0.129
52.4 -0.143 0.129
52.4 -0.143 0.128
52.4 -0.143 0.128
52.4 -0.143 0.128
52.4 -0.143 0.128
52.4 -0.143 0.128
52.4 -0.143 0.128
52.4 -0.143 0.128
52.4 -0.143 0.128
52.4 -0.142 0.128
52.4 -0.142 0.128
52.4 -0.143 0.128
52.4 -0.143 0.128
52.4 -0.143 0.128
52.4 -0.143 0.128
52.4 -0.143 0.128
52.4 -0.143 0.128
52.4 -0.142 0.128
52.4 -0.142 0.128
52.5 -0.142 0.128
52.5 -0.142 0.128
52.4 -0.142 0.128
52.4 -0.142 0.128
52.4 -0.141 0.128
52.4 -0.141 0.128
52.4 -0.141 0.127
52.4 -0.141 0.127
52.4 -0.14 0.127
52.4 -0.14 0.127
52.4 -0.139 0.127
52.4 -0.139 0.127
52.4 -0.139 0.127
52.4 -0.139 0.127
52.4 -0.139 0.127
52.4 -0.139 0.127
52.4 -0.139 0.127
52.4 -0.139 0.127
52.4 -0.138 0.126
52.4 -0.138 0.126
52.4 -0.138 0.126
52.4 -0.138 0.126
52.4 -0.138 0.126
52.4 -0.138 0.126
52.4 -0.138 0.126
52.4 -0.138 0.126
52.4 -0.137 0.126
52.4 -0.137 0.126
52.4 -0.137 0.126
52.4 -0.137 0.126
52.4 -0.137 0.125
52.4 -0.137 0.125
52.4 -0.137 0.125
52.4 -0.137 0.125
52.4 -0.137 0.125
52.4 -0.137 0.125
52.4 -0.138 0.124
