19.8 -0.56 -0.544 
19.3 -1.36 -1.16 
18.8 -1.3 -1.41 
19.1 -2.03 -1.47 
20 -1.65 -0.79 
20.7 -0.98 -0.217 
22.5 -0.767 0.698 
24.6 -0.244 1.82 
25.1 0.135 2.21 
25.3 0.459 2.42 
26.6 0.419 3.03 
28.5 0.563 3.95 
32.5 0.819 6.08 
34.6 0.825 7.23 
34.8 0.693 7.23 
35.2 0.783 7.51 
33.6 0.55 6.54 
33.3 0.458 6.33 
30.9 0.305 5.11 
30.8 0.211 5 
29.9 0.192 4.61 
25.7 -0.091 2.63 
18.9 -0.914 -0.299 
18.6 -0.894 -0.377 
18.8 -0.828 -0.279 
20.1 -0.783 0.235 
21.7 -0.688 0.888 
22.5 -0.702 1.18 
22.9 -0.663 1.37 
23.7 -0.599 1.72 
23.7 -0.584 1.72 
23.6 -0.537 1.69 
23.3 -0.536 1.56 
22.7 -0.558 1.33 
22.6 -0.579 1.25 
22.4 -0.638 1.19 
22.3 -0.719 1.12 
22 -0.814 1.02 
22.7 -0.78 1.2 
21.3 -1.04 0.746 
21 -1.14 0.595 
20.4 -1.31 0.363 
20.2 -1.37 0.278 
19.9 -1.38 0.19 
19.7 -1.36 0.0988 
19.4 -1.38 -0.0327 
18.7 -1.43 -0.277 
18.7 -1.41 -0.298 
18.5 -1.39 -0.375 
18.2 -1.4 -0.465 
18 -1.4 -0.552 
17.5 -1.42 -0.758 
17.5 -1.4 -0.767 
17.1 -1.41 -0.934 
17 -1.42 -0.968 
16.7 -1.43 -1.06 
16.8 -1.4 -1.05 
16.8 -1.35 -1.05 
16.9 -1.32 -1.03 
17 -1.3 -0.985 
17 -1.28 -0.984 
16.9 -1.31 -1.03 
16.8 -1.33 -1.08 
16.8 -1.33 -1.07 
16.6 -1.39 -1.13 
16.6 -1.39 -1.13 
16.6 -1.39 -1.13 
16.6 -1.39 -1.13 
16.6 -1.39 -1.13 
16.6 -1.39 -1.13 
16.6 -1.39 -1.13 
16.6 -1.39 -1.13 
16.6 -1.39 -1.13 
16.6 -1.39 -1.13 
16.6 -1.39 -1.13 
16.6 -1.39 -1.13 
16.6 -1.39 -1.13 
16.6 -1.39 -1.13 
16.6 -1.39 -1.13 
16.6 -1.39 -1.13 
16.6 -1.39 -1.13 
16.6 -1.39 -1.13 
16.6 -1.39 -1.13 
16.6 -1.39 -1.13 
16.6 -1.39 -1.13 
16.6 -1.39 -1.13 
16.6 -1.39 -1.13 
16.6 -1.39 -1.13 
16.6 -1.39 -1.13 
16.6 -1.39 -1.13 
16.6 -1.39 -1.13 
16.6 -1.39 -1.13 
16.6 -1.39 -1.13 
16.6 -1.39 -1.13 
16.6 -1.39 -1.13 
16.6 -1.39 -1.13 
16.6 -1.39 -1.13 
16.6 -1.39 -1.13 
16.6 -1.39 -1.13 
16.6 -1.39 -1.13 
16.6 -1.39 -1.13 
16.6 -1.39 -1.13 
16.6 -1.39 -1.13 
16.6 -1.39 -1.13 
16.6 -1.39 -1.13 
16.6 -1.39 -1.13 
16.6 -1.39 -1.13 
16.6 -1.39 -1.13 
16.6 -1.39 -1.13 
16.6 -1.39 -1.13 
16.6 -1.39 -1.13 
16.6 -1.39 -1.13 
16.6 -1.39 -1.13 
16.6 -1.39 -1.13 
16.6 -1.39 -1.13 
16.6 -1.39 -1.13 
16.6 -1.39 -1.13 
16.6 -1.39 -1.13 
16.6 -1.39 -1.13 
16.6 -1.39 -1.13 
16.6 -1.39 -1.13 
16.6 -1.39 -1.13 
16.6 -1.39 -1.13 
16.6 -1.39 -1.13 
16.6 -1.39 -1.13 
16.6 -1.39 -1.13 
16.6 -1.39 -1.13 
16.6 -1.39 -1.13 
16.6 -1.39 -1.13 
16.6 -1.39 -1.13 
16.6 -1.39 -1.13 
16.6 -1.39 -1.13 
16.6 -1.39 -1.13 
16.6 -1.39 -1.13 
16.6 -1.39 -1.13 
16.6 -1.39 -1.13 
16.6 -1.39 -1.13 
16.6 -1.39 -1.13 
16.6 -1.39 -1.13 
16.6 -1.39 -1.13 
16.6 -1.39 -1.13 
16.6 -1.39 -1.13 
16.6 -1.39 -1.13 
16.6 -1.39 -1.13 
16.6 -1.39 -1.13 
16.6 -1.39 -1.13 
16.6 -1.39 -1.13 
16.6 -1.39 -1.13 
16.6 -1.39 -1.13 
16.6 -1.39 -1.13 
16.6 -1.39 -1.13 
16.6 -1.39 -1.13 
16.6 -1.39 -1.13 
16.6 -1.39 -1.13 
16.6 -1.39 -1.13 
16.6 -1.39 -1.13 
16.6 -1.39 -1.13 
16.6 -1.39 -1.13 
16.6 -1.39 -1.13 
16.6 -1.39 -1.13 
16.6 -1.39 -1.13 
16.6 -1.39 -1.13 
16.6 -1.39 -1.13 
16.6 -1.39 -1.13 
16.6 -1.39 -1.13 
16.6 -1.39 -1.13 
16.6 -1.39 -1.13 
16.6 -1.39 -1.13 
16.6 -1.39 -1.13 
16.6 -1.39 -1.13 
16.6 -1.39 -1.13 
16.6 -1.39 -1.13 
16.6 -1.39 -1.13 
16.6 -1.39 -1.13 
16.6 -1.39 -1.13 
16.6 -1.39 -1.13 
16.6 -1.39 -1.13 
16.6 -1.39 -1.13 
16.6 -1.39 -1.13 
16.6 -1.39 -1.13 
16.6 -1.39 -1.13 
16.6 -1.39 -1.13 
16.6 -1.39 -1.13 
16.6 -1.39 -1.13 
16.6 -1.39 -1.13 
16.6 -1.39 -1.13 
16.6 -1.39 -1.13 
16.6 -1.39 -1.13 
16.6 -1.39 -1.13 
16.6 -1.39 -1.13 
16.6 -1.39 -1.13 
16.6 -1.39 -1.13 
16.6 -1.39 -1.13 
16.6 -1.39 -1.13 
16.6 -1.39 -1.13 
16.6 -1.39 -1.13 
16.6 -1.39 -1.13 
16.6 -1.39 -1.13 
16.6 -1.39 -1.13 
16.6 -1.39 -1.13 
16.6 -1.39 -1.13 
16.6 -1.39 -1.13 
16.6 -1.39 -1.13 
16.6 -1.39 -1.13 
16.6 -1.39 -1.13 
16.6 -1.39 -1.13 
16.6 -1.39 -1.13 
16.6 -1.39 -1.13 
16.6 -1.39 -1.13 
16.6 -1.39 -1.13 
16.6 -1.39 -1.13 
16.6 -1.39 -1.13 
16.6 -1.39 -1.13 
16.6 -1.39 -1.13 
16.6 -1.39 -1.13 
16.6 -1.39 -1.13 
16.6 -1.39 -1.13 
16.6 -1.39 -1.13 
16.6 -1.39 -1.13 
16.6 -1.39 -1.13 
16.6 -1.39 -1.13 
16.6 -1.39 -1.13 
16.6 -1.39 -1.13 
16.6 -1.39 -1.13 
16.6 -1.39 -1.13 
16.6 -1.39 -1.13 
16.6 -1.39 -1.13 
16.6 -1.39 -1.13 
16.6 -1.39 -1.13 
16.6 -1.39 -1.13 
16.6 -1.39 -1.13 
16.6 -1.39 -1.13 
16.6 -1.39 -1.13 
16.6 -1.39 -1.13 
16.6 -1.39 -1.13 
16.6 -1.39 -1.13 
16.6 -1.39 -1.13 
16.6 -1.39 -1.13 
16.6 -1.39 -1.13 
16.6 -1.39 -1.13 
16.6 -1.39 -1.13 
16.6 -1.39 -1.13 
16.6 -1.39 -1.13 
16.6 -1.39 -1.13 
16.6 -1.39 -1.13 
16.6 -1.39 -1.13 
16.6 -1.39 -1.13 
16.6 -1.39 -1.13 
16.6 -1.39 -1.13 
16.6 -1.39 -1.13 
16.6 -1.39 -1.13 
16.6 -1.39 -1.13 
16.6 -1.39 -1.13 
16.6 -1.39 -1.13 
16.6 -1.39 -1.13 
16.6 -1.39 -1.13 
16.6 -1.39 -1.13 
16.6 -1.39 -1.13 
16.6 -1.39 -1.13 
16.6 -1.39 -1.13 
16.6 -1.39 -1.13 
16.6 -1.39 -1.13 
16.6 -1.39 -1.13 
16.6 -1.39 -1.13 
16.6 -1.39 -1.13 
16.6 -1.39 -1.13 
16.6 -1.39 -1.13 
16.6 -1.39 -1.13 
16.6 -1.39 -1.13 
16.6 -1.39 -1.13 
16.6 -1.39 -1.13 
16.6 -1.39 -1.13 
16.6 -1.39 -1.13 
16.6 -1.39 -1.13 
16.6 -1.39 -1.13 
16.6 -1.39 -1.13 
16.6 -1.39 -1.13 
16.6 -1.39 -1.13 
16.6 -1.39 -1.13 
16.6 -1.39 -1.13 
16.6 -1.39 -1.13 
16.6 -1.39 -1.13 
16.6 -1.39 -1.13 
16.6 -1.39 -1.13 
16.6 -1.39 -1.13 
16.6 -1.39 -1.13 
16.6 -1.39 -1.13 
16.6 -1.39 -1.13 
16.6 -1.39 -1.13 
16.6 -1.39 -1.13 
16.6 -1.39 -1.13 
16.6 -1.39 -1.13 
16.6 -1.39 -1.13 
16.6 -1.39 -1.13 
16.6 -1.39 -1.13 
16.6 -1.39 -1.13 
16.6 -1.39 -1.13 
16.6 -1.39 -1.13 
16.6 -1.39 -1.13 
16.6 -1.39 -1.13 
16.6 -1.39 -1.13 
16.6 -1.39 -1.13 
16.6 -1.39 -1.13 
16.6 -1.39 -1.13 
16.6 -1.39 -1.13 
16.6 -1.39 -1.13 
16.6 -1.39 -1.13 
16.6 -1.39 -1.13 
16.6 -1.39 -1.13 
16.6 -1.39 -1.13 
16.6 -1.39 -1.13 
16.6 -1.39 -1.13 
16.6 -1.39 -1.13 
16.6 -1.39 -1.13 
16.6 -1.39 -1.13 
16.6 -1.39 -1.13 
16.6 -1.39 -1.13 
16.6 -1.39 -1.13 
16.6 -1.39 -1.13 
16.6 -1.39 -1.13 
16.6 -1.39 -1.13 
16.6 -1.39 -1.13 
16.6 -1.39 -1.13 
16.6 -1.39 -1.13 
16.6 -1.39 -1.13 
16.6 -1.39 -1.13 
16.6 -1.39 -1.13 
16.6 -1.39 -1.13 
16.6 -1.39 -1.13 
16.6 -1.39 -1.13 
16.6 -1.39 -1.13 
16.6 -1.39 -1.13 
16.6 -1.39 -1.13 
16.6 -1.39 -1.13 
16.6 -1.39 -1.13 
16.6 -1.39 -1.13 
16.6 -1.39 -1.13 
16.6 -1.39 -1.13 
16.6 -1.39 -1.13 
16.6 -1.39 -1.13 
16.6 -1.39 -1.13 
16.6 -1.39 -1.13 
16.6 -1.39 -1.13 
16.6 -1.39 -1.13 
16.6 -1.39 -1.13 
16.6 -1.39 -1.13 
16.6 -1.39 -1.13 
16.6 -1.39 -1.13 
16.6 -1.39 -1.13 
16.6 -1.39 -1.13 
16.6 -1.39 -1.13 
16.6 -1.39 -1.13 
16.6 -1.39 -1.13 
16.6 -1.39 -1.13 
16.6 -1.39 -1.13 
16.6 -1.39 -1.13 
16.6 -1.39 -1.13 
16.6 -1.39 -1.13 
16.6 -1.39 -1.13 
16.6 -1.39 -1.13 
16.6 -1.39 -1.13 
16.6 -1.39 -1.13 
16.6 -1.39 -1.13 
16.6 -1.39 -1.13 
16.6 -1.39 -1.13 
16.6 -1.39 -1.13 
16.6 -1.39 -1.13 
16.6 -1.39 -1.13 
16.6 -1.39 -1.13 
16.6 -1.39 -1.13 
16.6 -1.39 -1.13 
16.6 -1.39 -1.13 
16.6 -1.39 -1.13 
16.6 -1.39 -1.13 
16.6 -1.39 -1.13 
16.6 -1.39 -1.13 
16.6 -1.39 -1.13 
16.6 -1.39 -1.13 
16.6 -1.39 -1.13 
16.6 -1.39 -1.13 
16.6 -1.39 -1.13 
16.6 -1.39 -1.13 
16.6 -1.39 -1.13 
16.6 -1.39 -1.13 
16.6 -1.39 -1.13 
16.6 -1.39 -1.13 
16.6 -1.39 -1.13 
16.6 -1.39 -1.13 
16.6 -1.39 -1.13 
16.6 -1.39 -1.13 
16.6 -1.39 -1.13 
16.6 -1.39 -1.13 
16.6 -1.39 -1.13 
16.6 -1.39 -1.13 
16.6 -1.39 -1.13 
16.6 -1.39 -1.13 
16.6 -1.39 -1.13 
16.6 -1.39 -1.13 
16.6 -1.39 -1.13 
16.6 -1.39 -1.13 
16.6 -1.39 -1.13 
16.6 -1.39 -1.13 
16.6 -1.39 -1.13 
16.6 -1.39 -1.13 
16.6 -1.39 -1.13 
16.6 -1.39 -1.13 
16.6 -1.39 -1.13 
16.6 -1.39 -1.13 
16.6 -1.39 -1.13 
16.6 -1.39 -1.13 
16.6 -1.39 -1.13 
16.6 -1.39 -1.13 
16.6 -1.39 -1.13 
16.6 -1.39 -1.13 
16.6 -1.39 -1.13 
16.6 -1.39 -1.13 
16.6 -1.39 -1.13 
16.6 -1.39 -1.13 
16.6 -1.39 -1.13 
16.6 -1.39 -1.13 
16.6 -1.39 -1.13 
16.6 -1.39 -1.13 
16.6 -1.39 -1.13 
16.6 -1.39 -1.13 
16.6 -1.39 -1.13 
16.6 -1.39 -1.13 
16.6 -1.39 -1.13 
16.6 -1.39 -1.13 
16.6 -1.39 -1.13 
16.6 -1.39 -1.13 
16.6 -1.39 -1.13 
16.6 -1.39 -1.13 
16.6 -1.39 -1.13 
16.6 -1.39 -1.13 
16.6 -1.39 -1.13 
16.6 -1.39 -1.13 
16.6 -1.39 -1.13 
16.6 -1.39 -1.13 
16.6 -1.39 -1.13 
16.6 -1.39 -1.13 
16.6 -1.39 -1.13 
16.6 -1.39 -1.13 
16.6 -1.39 -1.13 
16.6 -1.39 -1.13 
16.6 -1.39 -1.13 
16.6 -1.39 -1.13 
16.6 -1.39 -1.13 
16.6 -1.39 -1.13 
16.6 -1.39 -1.13 
16.6 -1.39 -1.13 
16.6 -1.39 -1.13 
16.6 -1.39 -1.13 
16.6 -1.39 -1.13 
16.6 -1.39 -1.13 
16.6 -1.39 -1.13 
16.6 -1.39 -1.13 
16.6 -1.39 -1.13 
16.6 -1.39 -1.13 
16.6 -1.39 -1.13 
16.6 -1.39 -1.13 
16.6 -1.39 -1.13 
16.6 -1.39 -1.13 
16.6 -1.39 -1.13 
16.6 -1.39 -1.13 
16.6 -1.39 -1.13 
16.6 -1.39 -1.13 
16.6 -1.39 -1.13 
16.6 -1.39 -1.13 
16.6 -1.39 -1.13 
16.6 -1.39 -1.13 
16.6 -1.39 -1.13 
16.6 -1.39 -1.13 
16.6 -1.39 -1.13 
16.6 -1.39 -1.13 
16.6 -1.39 -1.13 
16.6 -1.39 -1.13 
16.6 -1.39 -1.13 
16.6 -1.39 -1.13 
16.6 -1.39 -1.13 
16.6 -1.39 -1.13 
16.6 -1.39 -1.13 
16.6 -1.39 -1.13 
16.6 -1.39 -1.13 
16.6 -1.39 -1.13 
16.6 -1.39 -1.13 
16.6 -1.39 -1.13 
16.6 -1.39 -1.13 
16.6 -1.39 -1.13 
16.6 -1.39 -1.13 
16.6 -1.39 -1.13 
16.6 -1.39 -1.13 
16.6 -1.39 -1.13 
16.6 -1.39 -1.13 
16.6 -1.39 -1.13 
16.6 -1.39 -1.13 
16.6 -1.39 -1.13 
16.6 -1.39 -1.13 
16.6 -1.39 -1.13 
16.6 -1.39 -1.13 
16.6 -1.39 -1.13 
16.6 -1.39 -1.13 
16.6 -1.39 -1.13 
16.6 -1.39 -1.13 
16.6 -1.39 -1.13 
16.6 -1.39 -1.13 
16.6 -1.39 -1.13 
16.6 -1.39 -1.13 
16.6 -1.39 -1.13 
16.6 -1.39 -1.13 
16.6 -1.39 -1.13 
16.6 -1.39 -1.13 
16.6 -1.39 -1.13 
16.6 -1.39 -1.13 
16.6 -1.39 -1.13 
16.6 -1.39 -1.13 
16.6 -1.39 -1.13 
16.6 -1.39 -1.13 
16.6 -1.39 -1.13 
16.6 -1.39 -1.13 
16.6 -1.39 -1.13 
16.6 -1.39 -1.13 
16.6 -1.39 -1.13 
16.6 -1.39 -1.13 
16.6 -1.39 -1.13 
16.6 -1.39 -1.13 
16.6 -1.39 -1.13 
16.6 -1.39 -1.13 
16.6 -1.39 -1.13 
16.6 -1.39 -1.13 
16.6 -1.39 -1.13 
16.6 -1.39 -1.13 
16.6 -1.39 -1.13 
16.6 -1.39 -1.13 
16.6 -1.39 -1.13 
16.6 -1.39 -1.13 
16.6 -1.39 -1.13 
16.6 -1.39 -1.13 
16.6 -1.39 -1.13 
16.6 -1.39 -1.13 
16.6 -1.39 -1.13 
16.6 -1.39 -1.13 
16.6 -1.39 -1.13 
16.6 -1.39 -1.13 
16.6 -1.39 -1.13 
16.6 -1.39 -1.13 
16.6 -1.39 -1.13 
16.6 -1.39 -1.13 
16.6 -1.39 -1.13 
16.6 -1.39 -1.13 
16.6 -1.39 -1.13 
16.6 -1.39 -1.13 
16.6 -1.39 -1.13 
16.6 -1.39 -1.13 
16.6 -1.39 -1.13 
16.6 -1.39 -1.13 
16.6 -1.39 -1.13 
16.6 -1.39 -1.13 
16.6 -1.39 -1.13 
16.6 -1.39 -1.13 
16.6 -1.39 -1.13 
16.6 -1.39 -1.13 
16.6 -1.39 -1.13 
16.6 -1.39 -1.13 
16.6 -1.39 -1.13 
16.6 -1.39 -1.13 
16.6 -1.39 -1.13 
16.6 -1.39 -1.13 
16.6 -1.39 -1.13 
16.6 -1.39 -1.13 
16.6 -1.39 -1.13 
16.6 -1.39 -1.13 
16.6 -1.39 -1.13 
16.6 -1.39 -1.13 
16.6 -1.39 -1.13 
16.6 -1.39 -1.13 
16.6 -1.39 -1.13 
16.6 -1.39 -1.13 
16.6 -1.39 -1.13 
16.6 -1.39 -1.13 
16.6 -1.39 -1.13 
16.6 -1.39 -1.13 
16.6 -1.39 -1.13 
16.6 -1.39 -1.13 
16.6 -1.39 -1.13 
16.6 -1.39 -1.13 
16.6 -1.39 -1.13 
16.6 -1.39 -1.13 
16.6 -1.39 -1.13 
16.6 -1.39 -1.13 
16.6 -1.39 -1.13 
16.6 -1.39 -1.13 
16.6 -1.39 -1.13 
16.6 -1.39 -1.13 
16.6 -1.39 -1.13 
16.6 -1.39 -1.13 
16.6 -1.39 -1.13 
16.6 -1.39 -1.13 
16.6 -1.39 -1.13 
16.6 -1.39 -1.13 
16.6 -1.39 -1.13 
16.6 -1.39 -1.13 
16.6 -1.39 -1.13 
16.6 -1.39 -1.13 
16.6 -1.39 -1.13 
16.6 -1.39 -1.13 
16.6 -1.39 -1.13 
16.6 -1.39 -1.13 
16.6 -1.39 -1.13 
16.6 -1.39 -1.13 
16.6 -1.39 -1.13 
16.6 -1.39 -1.13 
16.6 -1.39 -1.13 
16.6 -1.39 -1.13 
16.6 -1.39 -1.13 
16.6 -1.39 -1.13 
16.6 -1.39 -1.13 
16.6 -1.39 -1.13 
16.6 -1.39 -1.13 
16.6 -1.39 -1.13 
16.6 -1.39 -1.13 
16.6 -1.39 -1.13 
16.6 -1.39 -1.13 
16.6 -1.39 -1.13 
16.6 -1.39 -1.13 
16.6 -1.39 -1.13 
16.6 -1.39 -1.13 
16.6 -1.39 -1.13 
16.6 -1.39 -1.13 
16.6 -1.39 -1.13 
16.6 -1.39 -1.13 
16.6 -1.39 -1.13 
16.6 -1.39 -1.13 
16.6 -1.39 -1.13 
16.6 -1.39 -1.13 
16.6 -1.39 -1.13 
16.6 -1.39 -1.13 
16.6 -1.39 -1.13 
16.6 -1.39 -1.13 
16.6 -1.39 -1.13 
16.6 -1.39 -1.13 
16.6 -1.39 -1.13 
16.6 -1.39 -1.13 
16.6 -1.39 -1.13 
16.6 -1.39 -1.13 
16.6 -1.39 -1.13 
16.6 -1.39 -1.13 
16.6 -1.39 -1.13 
16.6 -1.39 -1.13 
16.6 -1.39 -1.13 
16.6 -1.39 -1.13 
16.6 -1.39 -1.13 
16.6 -1.39 -1.13 
16.6 -1.39 -1.13 
16.6 -1.39 -1.13 
16.6 -1.39 -1.13 
16.6 -1.39 -1.13 
16.6 -1.39 -1.13 
16.6 -1.39 -1.13 
16.6 -1.39 -1.13 
16.6 -1.39 -1.13 
16.6 -1.39 -1.13 
16.6 -1.39 -1.13 
16.6 -1.39 -1.13 
16.6 -1.39 -1.13 
16.6 -1.39 -1.13 
16.6 -1.39 -1.13 
16.6 -1.39 -1.13 
16.6 -1.39 -1.13 
16.6 -1.39 -1.13 
16.6 -1.39 -1.13 
16.6 -1.39 -1.13 
16.6 -1.39 -1.13 
16.6 -1.39 -1.13 
16.6 -1.39 -1.13 
16.6 -1.39 -1.13 
16.6 -1.39 -1.13 
16.6 -1.39 -1.13 
16.6 -1.39 -1.13 
16.6 -1.39 -1.13 
16.6 -1.39 -1.13 
16.6 -1.39 -1.13 
16.6 -1.39 -1.13 
16.6 -1.39 -1.13 
16.6 -1.39 -1.13 
16.6 -1.39 -1.13 
16.6 -1.39 -1.13 
16.6 -1.39 -1.13 
16.6 -1.39 -1.13 
16.6 -1.39 -1.13 
16.6 -1.39 -1.13 
16.6 -1.39 -1.13 
16.6 -1.39 -1.13 
16.6 -1.39 -1.13 
16.6 -1.39 -1.13 
16.6 -1.39 -1.13 
16.6 -1.39 -1.13 
16.6 -1.39 -1.13 
16.6 -1.39 -1.13 
16.6 -1.39 -1.13 
16.6 -1.39 -1.13 
16.6 -1.39 -1.13 
16.6 -1.39 -1.13 
16.6 -1.39 -1.13 
16.6 -1.39 -1.13 
16.6 -1.39 -1.13 
16.6 -1.39 -1.13 
16.6 -1.39 -1.13 
16.6 -1.39 -1.13 
16.6 -1.39 -1.13 
16.6 -1.39 -1.13 
16.6 -1.39 -1.13 
16.6 -1.39 -1.13 
16.6 -1.39 -1.13 
16.6 -1.39 -1.13 
16.6 -1.39 -1.13 
16.6 -1.39 -1.13 
16.6 -1.39 -1.13 
16.6 -1.39 -1.13 
16.6 -1.39 -1.13 
16.6 -1.39 -1.13 
16.6 -1.39 -1.13 
16.6 -1.39 -1.13 
16.6 -1.39 -1.13 
16.6 -1.39 -1.13 
16.6 -1.39 -1.13 
16.6 -1.39 -1.13 
16.6 -1.39 -1.13 
16.6 -1.39 -1.13 
16.6 -1.39 -1.13 
16.6 -1.39 -1.13 
16.6 -1.39 -1.13 
16.6 -1.39 -1.13 
16.6 -1.39 -1.13 
16.6 -1.39 -1.13 
16.6 -1.39 -1.13 
16.6 -1.39 -1.13 
16.6 -1.39 -1.13 
16.6 -1.39 -1.13 
16.6 -1.39 -1.13 
16.6 -1.39 -1.13 
16.6 -1.39 -1.13 
16.6 -1.39 -1.13 
16.6 -1.39 -1.13 
16.6 -1.39 -1.13 
16.6 -1.39 -1.13 
16.6 -1.39 -1.13 
16.6 -1.39 -1.13 
16.6 -1.39 -1.13 
16.6 -1.39 -1.13 
16.6 -1.39 -1.13 
16.6 -1.39 -1.13 
16.6 -1.39 -1.13 
16.6 -1.39 -1.13 
16.6 -1.39 -1.13 
16.6 -1.39 -1.13 
16.6 -1.39 -1.13 
16.6 -1.39 -1.13 
16.6 -1.39 -1.13 
16.6 -1.39 -1.13 
16.6 -1.39 -1.13 
16.6 -1.39 -1.13 
16.6 -1.39 -1.13 
16.6 -1.39 -1.13 
16.6 -1.39 -1.13 
16.6 -1.39 -1.13 
16.6 -1.39 -1.13 
16.6 -1.39 -1.13 
16.6 -1.39 -1.13 
16.6 -1.39 -1.13 
16.6 -1.39 -1.13 
16.6 -1.39 -1.13 
16.6 -1.39 -1.13 
16.6 -1.39 -1.13 
16.6 -1.39 -1.13 
16.6 -1.39 -1.13 
16.6 -1.39 -1.13 
16.6 -1.39 -1.13 
16.6 -1.39 -1.13 
16.6 -1.39 -1.13 
16.6 -1.39 -1.13 
16.6 -1.39 -1.13 
16.6 -1.39 -1.13 
16.6 -1.39 -1.13 
16.6 -1.39 -1.13 
16.6 -1.39 -1.13 
16.6 -1.39 -1.13 
16.6 -1.39 -1.13 
16.6 -1.39 -1.13 
16.6 -1.39 -1.13 
16.6 -1.39 -1.13 
16.6 -1.39 -1.13 
16.6 -1.39 -1.13 
16.6 -1.39 -1.13 
16.6 -1.39 -1.13 
16.6 -1.39 -1.13 
16.6 -1.39 -1.13 
16.6 -1.39 -1.13 
16.6 -1.39 -1.13 
16.6 -1.39 -1.13 
16.6 -1.39 -1.13 
16.6 -1.39 -1.13 
16.6 -1.39 -1.13 
16.6 -1.39 -1.13 
16.6 -1.39 -1.13 
16.6 -1.39 -1.13 
16.6 -1.39 -1.13 
16.6 -1.39 -1.13 
16.6 -1.39 -1.13 
16.6 -1.39 -1.13 
16.6 -1.39 -1.13 
16.6 -1.39 -1.13 
16.6 -1.39 -1.13 
16.6 -1.39 -1.13 
16.6 -1.39 -1.13 
16.6 -1.39 -1.13 
16.6 -1.39 -1.13 
16.6 -1.39 -1.13 
16.6 -1.39 -1.13 
16.6 -1.39 -1.13 
16.6 -1.39 -1.13 
16.6 -1.39 -1.13 
16.6 -1.39 -1.13 
16.6 -1.39 -1.13 
16.6 -1.39 -1.13 
16.6 -1.39 -1.13 
16.6 -1.39 -1.13 
16.6 -1.39 -1.13 
16.6 -1.39 -1.13 
16.6 -1.39 -1.13 
16.6 -1.39 -1.13 
16.6 -1.39 -1.13 
16.6 -1.39 -1.13 
16.6 -1.39 -1.13 
16.6 -1.39 -1.13 
16.6 -1.39 -1.13 
16.6 -1.39 -1.13 
16.6 -1.39 -1.13 
16.6 -1.39 -1.13 
16.6 -1.39 -1.13 
16.6 -1.39 -1.13 
16.6 -1.39 -1.13 
16.6 -1.39 -1.13 
16.6 -1.39 -1.13 
16.6 -1.39 -1.13 
16.6 -1.39 -1.13 
16.6 -1.39 -1.13 
16.6 -1.39 -1.13 
16.6 -1.39 -1.13 
16.6 -1.39 -1.13 
16.6 -1.39 -1.13 
16.6 -1.39 -1.13 
16.6 -1.39 -1.13 
16.6 -1.39 -1.13 
16.6 -1.39 -1.13 
16.6 -1.39 -1.13 
16.6 -1.39 -1.13 
16.6 -1.39 -1.13 
16.6 -1.39 -1.13 
16.6 -1.39 -1.13 
16.6 -1.39 -1.13 
16.6 -1.39 -1.13 
16.6 -1.39 -1.13 
16.6 -1.39 -1.13 
16.6 -1.39 -1.13 
16.6 -1.39 -1.13 
16.6 -1.39 -1.13 
16.6 -1.39 -1.13 
16.6 -1.39 -1.13 
16.6 -1.39 -1.13 
16.6 -1.39 -1.13 
16.6 -1.39 -1.13 
16.6 -1.39 -1.13 
16.6 -1.39 -1.13 
16.6 -1.39 -1.13 
16.6 -1.39 -1.13 
16.6 -1.39 -1.13 
16.6 -1.39 -1.13 
16.6 -1.39 -1.13 
16.6 -1.39 -1.13 
16.6 -1.39 -1.13 
16.6 -1.39 -1.13 
16.6 -1.39 -1.13 
16.6 -1.39 -1.13 
16.6 -1.39 -1.13 
16.6 -1.39 -1.13 
16.6 -1.39 -1.13 
16.6 -1.39 -1.13 
16.6 -1.39 -1.13 
16.6 -1.39 -1.13 
16.6 -1.39 -1.13 
16.6 -1.39 -1.13 
16.6 -1.39 -1.13 
16.6 -1.39 -1.13 
16.6 -1.39 -1.13 
16.6 -1.39 -1.13 
16.6 -1.39 -1.13 
16.6 -1.39 -1.13 
16.6 -1.39 -1.13 
16.6 -1.39 -1.13 
16.6 -1.39 -1.13 
16.6 -1.39 -1.13 
16.6 -1.39 -1.13 
16.6 -1.39 -1.13 
16.6 -1.39 -1.13 
16.6 -1.39 -1.13 
16.6 -1.39 -1.13 
16.6 -1.39 -1.13 
16.6 -1.39 -1.13 
16.6 -1.39 -1.13 
16.6 -1.39 -1.13 
16.6 -1.39 -1.13 
16.6 -1.39 -1.13 
16.6 -1.39 -1.13 
16.6 -1.39 -1.13 
16.6 -1.39 -1.13 
16.6 -1.39 -1.13 
16.6 -1.39 -1.13 
16.6 -1.39 -1.13 
16.6 -1.39 -1.13 
16.6 -1.39 -1.13 
16.6 -1.39 -1.13 
16.6 -1.39 -1.13 
16.6 -1.39 -1.13 
16.6 -1.39 -1.13 
16.6 -1.39 -1.13 
16.6 -1.39 -1.13 
16.6 -1.39 -1.13 
16.6 -1.39 -1.13 
16.6 -1.39 -1.13 
16.6 -1.39 -1.13 
16.6 -1.39 -1.13 
16.6 -1.39 -1.13 
16.6 -1.39 -1.13 
16.6 -1.39 -1.13 
16.6 -1.39 -1.13 
16.6 -1.39 -1.13 
16.6 -1.39 -1.13 
16.6 -1.39 -1.13 
16.6 -1.39 -1.13 
16.6 -1.39 -1.13 
16.6 -1.39 -1.13 
16.6 -1.39 -1.13 
16.6 -1.39 -1.13 
16.6 -1.39 -1.13 
16.6 -1.39 -1.13 
16.6 -1.39 -1.13 
16.6 -1.39 -1.13 
16.6 -1.39 -1.13 
16.6 -1.39 -1.13 
16.6 -1.39 -1.13 
16.6 -1.39 -1.13 
16.6 -1.39 -1.13 
16.6 -1.39 -1.13 
16.6 -1.39 -1.13 
16.6 -1.39 -1.13 
16.6 -1.39 -1.13 
16.6 -1.39 -1.13 
16.6 -1.39 -1.13 
16.6 -1.39 -1.13 
16.6 -1.39 -1.13 
16.6 -1.39 -1.13 
16.6 -1.39 -1.13 
16.6 -1.39 -1.13 
16.6 -1.39 -1.13 
16.6 -1.39 -1.13 
16.6 -1.39 -1.13 
16.6 -1.39 -1.13 
16.6 -1.39 -1.13 
16.6 -1.39 -1.13 
16.6 -1.39 -1.13 
16.6 -1.39 -1.13 
16.6 -1.39 -1.13 
16.6 -1.39 -1.13 
16.6 -1.39 -1.13 
16.6 -1.39 -1.13 
16.6 -1.39 -1.13 
16.6 -1.39 -1.13 
16.6 -1.39 -1.13 
16.6 -1.39 -1.13 
16.6 -1.39 -1.13 
16.6 -1.39 -1.13 
16.6 -1.39 -1.13 
16.6 -1.39 -1.13 
16.6 -1.39 -1.13 
16.6 -1.39 -1.13 
16.6 -1.39 -1.13 
16.6 -1.39 -1.13 
16.6 -1.39 -1.13 
16.6 -1.39 -1.13 
16.6 -1.39 -1.13 
16.6 -1.39 -1.13 
16.6 -1.39 -1.13 
16.6 -1.39 -1.13 
16.6 -1.39 -1.13 
16.6 -1.39 -1.13 
16.6 -1.39 -1.13 
16.6 -1.39 -1.13 
16.6 -1.39 -1.13 
16.6 -1.39 -1.13 
16.6 -1.39 -1.13 
16.6 -1.39 -1.13 
16.6 -1.39 -1.13 
16.6 -1.39 -1.13 
16.6 -1.39 -1.13 
16.6 -1.39 -1.13 
16.6 -1.39 -1.13 
16.6 -1.39 -1.13 
16.6 -1.39 -1.13 
16.6 -1.39 -1.13 
16.6 -1.39 -1.13 
16.6 -1.39 -1.13 
16.6 -1.39 -1.13 
16.6 -1.39 -1.13 
16.6 -1.39 -1.13 
16.6 -1.39 -1.13 
16.6 -1.39 -1.13 
16.6 -1.39 -1.13 
16.6 -1.39 -1.13 
16.6 -1.39 -1.13 
16.6 -1.39 -1.13 
16.6 -1.39 -1.13 
16.6 -1.39 -1.13 
16.6 -1.39 -1.13 
16.6 -1.39 -1.13 
16.6 -1.39 -1.13 
16.6 -1.39 -1.13 
16.6 -1.39 -1.13 
16.6 -1.39 -1.13 
16.6 -1.39 -1.13 
16.6 -1.39 -1.13 
16.6 -1.39 -1.13 
16.6 -1.39 -1.13 
16.6 -1.39 -1.13 
16.6 -1.39 -1.13 
16.6 -1.39 -1.13 
16.6 -1.39 -1.13 
16.6 -1.39 -1.13 
16.6 -1.39 -1.13 
16.6 -1.39 -1.13 
16.6 -1.39 -1.13 
16.6 -1.39 -1.13 
16.6 -1.39 -1.13 
16.6 -1.39 -1.13 
16.6 -1.39 -1.13 
16.6 -1.39 -1.13 
16.6 -1.39 -1.13 
16.6 -1.39 -1.13 
16.6 -1.39 -1.13 
16.6 -1.39 -1.13 
16.6 -1.39 -1.13 
16.6 -1.39 -1.13 
16.6 -1.39 -1.13 
16.6 -1.39 -1.13 
16.6 -1.39 -1.13 
16.6 -1.39 -1.13 
16.6 -1.39 -1.13 
16.6 -1.39 -1.13 
16.6 -1.39 -1.13 
16.6 -1.39 -1.13 
16.6 -1.39 -1.13 
16.6 -1.39 -1.13 
16.6 -1.39 -1.13 
16.6 -1.39 -1.13 
16.6 -1.39 -1.13 
16.6 -1.39 -1.13 
16.6 -1.39 -1.13 
16.6 -1.39 -1.13 
16.6 -1.39 -1.13 
16.6 -1.39 -1.13 
16.6 -1.39 -1.13 
16.6 -1.39 -1.13 
16.6 -1.39 -1.13 
16.6 -1.39 -1.13 
16.6 -1.39 -1.13 
16.6 -1.39 -1.13 
16.6 -1.39 -1.13 
16.6 -1.39 -1.13 
16.6 -1.39 -1.13 
16.6 -1.39 -1.13 
16.6 -1.39 -1.13 
16.6 -1.39 -1.13 
16.6 -1.39 -1.13 
16.6 -1.39 -1.13 
16.6 -1.39 -1.13 
16.6 -1.39 -1.13 
16.6 -1.39 -1.13 
16.6 -1.39 -1.13 
16.6 -1.39 -1.13 
16.6 -1.39 -1.13 
16.6 -1.39 -1.13 
16.6 -1.39 -1.13 
16.6 -1.39 -1.13 
16.6 -1.39 -1.13 
16.6 -1.39 -1.13 
16.6 -1.39 -1.13 
16.6 -1.39 -1.13 
16.6 -1.39 -1.13 
16.6 -1.39 -1.13 
16.6 -1.39 -1.13 
16.6 -1.39 -1.13 
16.6 -1.39 -1.13 
16.6 -1.39 -1.13 
16.6 -1.39 -1.13 
16.6 -1.39 -1.13 
16.6 -1.39 -1.13 
16.6 -1.39 -1.13 
16.6 -1.39 -1.13 
16.6 -1.39 -1.13 
16.6 -1.39 -1.13 
16.6 -1.39 -1.13 
16.6 -1.39 -1.13 
16.6 -1.39 -1.13 
16.6 -1.39 -1.13 
16.6 -1.39 -1.13 
16.6 -1.39 -1.13 
16.6 -1.39 -1.13 
16.6 -1.39 -1.13 
16.6 -1.39 -1.13 
16.6 -1.39 -1.13 
16.6 -1.39 -1.13 
16.6 -1.39 -1.13 
16.6 -1.39 -1.13 
16.6 -1.39 -1.13 
16.6 -1.39 -1.13 
16.6 -1.39 -1.13 
16.6 -1.39 -1.13 
16.6 -1.39 -1.13 
16.6 -1.39 -1.13 
16.6 -1.39 -1.13 
16.6 -1.39 -1.13 
16.6 -1.39 -1.13 
16.6 -1.39 -1.13 
16.6 -1.39 -1.13 
16.6 -1.39 -1.13 
16.6 -1.39 -1.13 
16.6 -1.39 -1.13 
16.6 -1.39 -1.13 
16.6 -1.39 -1.13 
16.6 -1.39 -1.13 
16.6 -1.39 -1.13 
16.6 -1.39 -1.13 
16.6 -1.39 -1.13 
16.6 -1.39 -1.13 
16.6 -1.39 -1.13 
16.6 -1.39 -1.13 
16.6 -1.39 -1.13 
16.6 -1.39 -1.13 
16.6 -1.39 -1.13 
16.6 -1.39 -1.13 
16.6 -1.39 -1.13 
16.6 -1.39 -1.13 
16.6 -1.39 -1.13 
16.6 -1.39 -1.13 
16.6 -1.39 -1.13 
16.6 -1.39 -1.13 
16.6 -1.39 -1.13 
16.6 -1.39 -1.13 
16.6 -1.39 -1.13 
16.6 -1.39 -1.13 
16.6 -1.39 -1.13 
16.6 -1.39 -1.13 
16.6 -1.39 -1.13 
16.6 -1.39 -1.13 
16.6 -1.39 -1.13 
16.6 -1.39 -1.13 
16.6 -1.39 -1.13 
16.6 -1.39 -1.13 
16.6 -1.39 -1.13 
16.6 -1.39 -1.13 
16.6 -1.39 -1.13 
16.6 -1.39 -1.13 
16.6 -1.39 -1.13 
16.6 -1.39 -1.13 
16.6 -1.39 -1.13 
16.6 -1.39 -1.13 
16.6 -1.39 -1.13 
16.6 -1.39 -1.13 
16.6 -1.39 -1.13 
16.6 -1.39 -1.13 
16.6 -1.39 -1.13 
16.6 -1.39 -1.13 
16.6 -1.39 -1.13 
16.6 -1.39 -1.13 
16.6 -1.39 -1.13 
16.6 -1.39 -1.13 
16.6 -1.39 -1.13 
16.6 -1.39 -1.13 
16.6 -1.39 -1.13 
16.6 -1.39 -1.13 
16.6 -1.39 -1.13 
16.6 -1.39 -1.13 
16.6 -1.39 -1.13 
16.6 -1.39 -1.13 
16.6 -1.39 -1.13 
16.6 -1.39 -1.13 
16.6 -1.39 -1.13 
16.6 -1.39 -1.13 
16.6 -1.39 -1.13 
16.6 -1.39 -1.13 
16.6 -1.39 -1.13 
16.6 -1.39 -1.13 
16.6 -1.39 -1.13 
16.6 -1.39 -1.13 
16.6 -1.39 -1.13 
16.6 -1.39 -1.13 
16.6 -1.39 -1.13 
16.6 -1.39 -1.13 
16.6 -1.39 -1.13 
16.6 -1.39 -1.13 
16.6 -1.39 -1.13 
16.6 -1.39 -1.13 
16.6 -1.39 -1.13 
16.6 -1.39 -1.13 
16.6 -1.39 -1.13 
16.6 -1.39 -1.13 
16.6 -1.39 -1.13 
16.6 -1.39 -1.13 
16.6 -1.39 -1.13 
16.6 -1.39 -1.13 
16.6 -1.39 -1.13 
16.6 -1.39 -1.13 
16.6 -1.39 -1.13 
16.6 -1.39 -1.13 
16.6 -1.39 -1.13 
16.6 -1.39 -1.13 
16.6 -1.39 -1.13 
16.6 -1.39 -1.13 
16.6 -1.39 -1.13 
16.6 -1.39 -1.13 
16.6 -1.39 -1.13 
16.6 -1.39 -1.13 
16.6 -1.39 -1.13 
16.6 -1.39 -1.13 
16.6 -1.39 -1.13 
16.6 -1.39 -1.13 
16.6 -1.39 -1.13 
16.6 -1.39 -1.13 
16.6 -1.39 -1.13 
16.6 -1.39 -1.13 
16.6 -1.39 -1.13 
16.6 -1.39 -1.13 
16.6 -1.39 -1.13 
16.6 -1.39 -1.13 
16.6 -1.39 -1.13 
16.6 -1.39 -1.13 
16.6 -1.39 -1.13 
16.6 -1.39 -1.13 
16.6 -1.39 -1.13 
16.6 -1.39 -1.13 
16.6 -1.39 -1.13 
16.6 -1.39 -1.13 
16.6 -1.39 -1.13 
16.6 -1.39 -1.13 
16.6 -1.39 -1.13 
16.6 -1.39 -1.13 
16.6 -1.39 -1.13 
16.6 -1.39 -1.13 
16.6 -1.39 -1.13 
16.6 -1.39 -1.13 
16.6 -1.39 -1.13 
16.6 -1.39 -1.13 
16.6 -1.39 -1.13 
16.6 -1.39 -1.13 
16.6 -1.39 -1.13 
16.6 -1.39 -1.13 
16.6 -1.39 -1.13 
16.6 -1.39 -1.13 
16.6 -1.39 -1.13 
16.6 -1.39 -1.13 
16.6 -1.39 -1.13 
16.6 -1.39 -1.13 
16.6 -1.39 -1.13 
16.6 -1.39 -1.13 
16.6 -1.39 -1.13 
16.6 -1.39 -1.13 
16.6 -1.39 -1.13 
16.6 -1.39 -1.13 
16.6 -1.39 -1.13 
16.6 -1.39 -1.13 
16.6 -1.39 -1.13 
16.6 -1.39 -1.13 
16.6 -1.39 -1.13 
16.6 -1.39 -1.13 
16.6 -1.39 -1.13 
16.6 -1.39 -1.13 
16.6 -1.39 -1.13 
16.6 -1.39 -1.13 
16.6 -1.39 -1.13 
16.6 -1.39 -1.13 
16.6 -1.39 -1.13 
16.6 -1.39 -1.13 
16.6 -1.39 -1.13 
16.6 -1.39 -1.13 
16.6 -1.39 -1.13 
16.6 -1.39 -1.13 
16.6 -1.39 -1.13 
16.6 -1.39 -1.13 
16.6 -1.39 -1.13 
16.6 -1.39 -1.13 
16.6 -1.39 -1.13 
16.6 -1.39 -1.13 
16.6 -1.39 -1.13 
16.6 -1.39 -1.13 
16.6 -1.39 -1.13 
16.6 -1.39 -1.13 
16.6 -1.39 -1.13 
16.6 -1.39 -1.13 
16.6 -1.39 -1.13 
16.6 -1.39 -1.13 
16.6 -1.39 -1.13 
16.6 -1.39 -1.13 
16.6 -1.39 -1.13 
16.6 -1.39 -1.13 
16.6 -1.39 -1.13 
16.6 -1.39 -1.13 
16.6 -1.39 -1.13 
16.6 -1.39 -1.13 
16.6 -1.39 -1.13 
16.6 -1.39 -1.13 
16.6 -1.39 -1.13 
16.6 -1.39 -1.13 
16.6 -1.39 -1.13 
16.6 -1.39 -1.13 
16.6 -1.39 -1.13 
16.6 -1.39 -1.13 
16.6 -1.39 -1.13 
16.6 -1.39 -1.13 
16.6 -1.39 -1.13 
16.6 -1.39 -1.13 
16.6 -1.39 -1.13 
16.6 -1.39 -1.13 
16.6 -1.39 -1.13 
16.6 -1.39 -1.13 
16.6 -1.39 -1.13 
16.6 -1.39 -1.13 
16.6 -1.39 -1.13 
16.6 -1.39 -1.13 
16.6 -1.39 -1.13 
16.6 -1.39 -1.13 
16.6 -1.39 -1.13 
16.6 -1.39 -1.13 
16.6 -1.39 -1.13 
16.6 -1.39 -1.13 
16.6 -1.39 -1.13 
16.6 -1.39 -1.13 
16.6 -1.39 -1.13 
16.6 -1.39 -1.13 
16.6 -1.39 -1.13 
16.6 -1.39 -1.13 
16.6 -1.39 -1.13 
16.6 -1.39 -1.13 
16.6 -1.39 -1.13 
16.6 -1.39 -1.13 
16.6 -1.39 -1.13 
16.6 -1.39 -1.13 
16.6 -1.39 -1.13 
16.6 -1.39 -1.13 
16.6 -1.39 -1.13 
16.6 -1.39 -1.13 
16.6 -1.39 -1.13 
16.6 -1.39 -1.13 
16.6 -1.39 -1.13 
16.6 -1.39 -1.13 
16.6 -1.39 -1.13 
16.6 -1.39 -1.13 
16.6 -1.39 -1.13 
16.6 -1.39 -1.13 
16.6 -1.39 -1.13 
16.6 -1.39 -1.13 
16.6 -1.39 -1.13 
16.6 -1.39 -1.13 
16.6 -1.39 -1.13 
16.6 -1.39 -1.13 
16.6 -1.39 -1.13 
16.6 -1.39 -1.13 
16.6 -1.39 -1.13 
16.6 -1.39 -1.13 
16.6 -1.39 -1.13 
16.6 -1.39 -1.13 
16.6 -1.39 -1.13 
16.6 -1.39 -1.13 
16.6 -1.39 -1.13 
16.6 -1.39 -1.13 
16.6 -1.39 -1.13 
16.6 -1.39 -1.13 
16.6 -1.39 -1.13 
16.6 -1.39 -1.13 
16.6 -1.39 -1.13 
16.6 -1.39 -1.13 
16.6 -1.39 -1.13 
16.6 -1.39 -1.13 
16.6 -1.39 -1.13 
16.6 -1.39 -1.13 
16.6 -1.39 -1.13 
16.6 -1.39 -1.13 
16.6 -1.39 -1.13 
16.6 -1.39 -1.13 
16.6 -1.39 -1.13 
16.6 -1.39 -1.13 
16.6 -1.39 -1.13 
16.6 -1.39 -1.13 
16.6 -1.39 -1.13 
16.6 -1.39 -1.13 
16.6 -1.39 -1.13 
16.6 -1.39 -1.13 
16.6 -1.39 -1.13 
16.6 -1.39 -1.13 
16.6 -1.39 -1.13 
16.6 -1.39 -1.13 
16.6 -1.39 -1.13 
16.6 -1.39 -1.13 
16.6 -1.39 -1.13 
16.6 -1.39 -1.13 
16.6 -1.39 -1.13 
16.6 -1.39 -1.13 
16.6 -1.39 -1.13 
16.6 -1.39 -1.13 
16.6 -1.39 -1.13 
16.6 -1.39 -1.13 
16.6 -1.39 -1.13 
16.6 -1.39 -1.13 
16.6 -1.39 -1.13 
16.6 -1.39 -1.13 
16.6 -1.39 -1.13 
16.6 -1.39 -1.13 
16.6 -1.39 -1.13 
16.6 -1.39 -1.13 
16.6 -1.39 -1.13 
16.6 -1.39 -1.13 
16.6 -1.39 -1.13 
16.6 -1.39 -1.13 
16.6 -1.39 -1.13 
16.6 -1.39 -1.13 
16.6 -1.39 -1.13 
16.6 -1.39 -1.13 
16.6 -1.39 -1.13 
16.6 -1.39 -1.13 
16.6 -1.39 -1.13 
16.6 -1.39 -1.13 
16.6 -1.39 -1.13 
16.6 -1.39 -1.13 
16.6 -1.39 -1.13 
16.6 -1.39 -1.13 
16.6 -1.39 -1.13 
16.6 -1.39 -1.13 
16.6 -1.39 -1.13 
16.6 -1.39 -1.13 
16.6 -1.39 -1.13 
16.6 -1.39 -1.13 
16.6 -1.39 -1.13 
16.6 -1.39 -1.13 
16.6 -1.39 -1.13 
16.6 -1.39 -1.13 
16.6 -1.39 -1.13 
16.6 -1.39 -1.13 
16.6 -1.39 -1.13 
16.6 -1.39 -1.13 
16.6 -1.39 -1.13 
16.6 -1.39 -1.13 
16.6 -1.39 -1.13 
16.6 -1.39 -1.13 
16.6 -1.39 -1.13 
16.6 -1.39 -1.13 
16.6 -1.39 -1.13 
16.6 -1.39 -1.13 
16.6 -1.39 -1.13 
16.6 -1.39 -1.13 
16.6 -1.39 -1.13 
16.6 -1.39 -1.13 
16.6 -1.39 -1.13 
16.6 -1.39 -1.13 
16.6 -1.39 -1.13 
16.6 -1.39 -1.13 
16.6 -1.39 -1.13 
16.6 -1.39 -1.13 
16.6 -1.39 -1.13 
16.6 -1.39 -1.13 
16.6 -1.39 -1.13 
16.6 -1.39 -1.13 
16.6 -1.39 -1.13 
16.6 -1.39 -1.13 
16.6 -1.39 -1.13 
16.6 -1.39 -1.13 
16.6 -1.39 -1.13 
16.6 -1.39 -1.13 
16.6 -1.39 -1.13 
16.6 -1.39 -1.13 
16.6 -1.39 -1.13 
16.6 -1.39 -1.13 
16.6 -1.39 -1.13 
16.6 -1.39 -1.13 
16.6 -1.39 -1.13 
16.6 -1.39 -1.13 
16.6 -1.39 -1.13 
16.6 -1.39 -1.13 
16.6 -1.39 -1.13 
16.6 -1.39 -1.13 
16.6 -1.39 -1.13 
16.6 -1.39 -1.13 
16.6 -1.39 -1.13 
16.6 -1.39 -1.13 
16.6 -1.39 -1.13 
16.6 -1.39 -1.13 
16.6 -1.39 -1.13 
16.6 -1.39 -1.13 
16.6 -1.39 -1.13 
16.6 -1.39 -1.13 
16.6 -1.39 -1.13 
16.6 -1.39 -1.13 
16.6 -1.39 -1.13 
16.6 -1.39 -1.13 
16.6 -1.39 -1.13 
16.6 -1.39 -1.13 
16.6 -1.39 -1.13 
16.6 -1.39 -1.13 
16.6 -1.39 -1.13 
16.6 -1.39 -1.13 
16.6 -1.39 -1.13 
16.6 -1.39 -1.13 
16.6 -1.39 -1.13 
16.6 -1.39 -1.13 
16.6 -1.39 -1.13 
16.6 -1.39 -1.13 
16.6 -1.39 -1.13 
16.6 -1.39 -1.13 
16.6 -1.39 -1.13 
16.6 -1.39 -1.13 
16.6 -1.39 -1.13 
16.6 -1.39 -1.13 
16.6 -1.39 -1.13 
16.6 -1.39 -1.13 
16.6 -1.39 -1.13 
16.6 -1.39 -1.13 
16.6 -1.39 -1.13 
16.6 -1.39 -1.13 
16.6 -1.39 -1.13 
16.6 -1.39 -1.13 
16.6 -1.39 -1.13 
16.6 -1.39 -1.13 
16.6 -1.39 -1.13 
16.6 -1.39 -1.13 
16.6 -1.39 -1.13 
16.6 -1.39 -1.13 
16.6 -1.39 -1.13 
16.6 -1.39 -1.13 
16.6 -1.39 -1.13 
16.6 -1.39 -1.13 
16.6 -1.39 -1.13 
16.6 -1.39 -1.13 
16.6 -1.39 -1.13 
16.6 -1.39 -1.13 
16.6 -1.39 -1.13 
16.6 -1.39 -1.13 
16.6 -1.39 -1.13 
16.6 -1.39 -1.13 
16.6 -1.39 -1.13 
16.6 -1.39 -1.13 
16.6 -1.39 -1.13 
16.6 -1.39 -1.13 
16.6 -1.39 -1.13 
16.6 -1.39 -1.13 
16.6 -1.39 -1.13 
16.6 -1.39 -1.13 
16.6 -1.39 -1.13 
16.6 -1.39 -1.13 
16.6 -1.39 -1.13 
16.6 -1.39 -1.13 
16.6 -1.39 -1.13 
16.6 -1.39 -1.13 
16.6 -1.39 -1.13 
16.6 -1.39 -1.13 
16.6 -1.39 -1.13 
16.6 -1.39 -1.13 
16.6 -1.39 -1.13 
16.6 -1.39 -1.13 
16.6 -1.39 -1.13 
16.6 -1.39 -1.13 
16.6 -1.39 -1.13 
16.6 -1.39 -1.13 
16.6 -1.39 -1.13 
16.6 -1.39 -1.13 
16.6 -1.39 -1.13 
16.6 -1.39 -1.13 
16.6 -1.39 -1.13 
16.6 -1.39 -1.13 
16.6 -1.39 -1.13 
16.6 -1.39 -1.13 
16.6 -1.39 -1.13 
16.6 -1.39 -1.13 
16.6 -1.39 -1.13 
16.6 -1.39 -1.13 
16.6 -1.39 -1.13 
16.6 -1.39 -1.13 
16.6 -1.39 -1.13 
16.6 -1.39 -1.13 
16.6 -1.39 -1.13 
16.6 -1.39 -1.13 
16.6 -1.39 -1.13 
16.6 -1.39 -1.13 
16.6 -1.39 -1.13 
16.6 -1.39 -1.13 
16.6 -1.39 -1.13 
16.6 -1.39 -1.13 
16.6 -1.39 -1.13 
16.6 -1.39 -1.13 
16.6 -1.39 -1.13 
16.6 -1.39 -1.13 
16.6 -1.39 -1.13 
16.6 -1.39 -1.13 
16.6 -1.39 -1.13 
16.6 -1.39 -1.13 
16.6 -1.39 -1.13 
16.6 -1.39 -1.13 
16.6 -1.39 -1.13 
16.6 -1.39 -1.13 
16.6 -1.39 -1.13 
16.6 -1.39 -1.13 
16.6 -1.39 -1.13 
16.6 -1.39 -1.13 
16.6 -1.39 -1.13 
16.6 -1.39 -1.13 
16.6 -1.39 -1.13 
16.6 -1.39 -1.13 
16.6 -1.39 -1.13 
16.6 -1.39 -1.13 
16.6 -1.39 -1.13 
16.6 -1.39 -1.13 
16.6 -1.39 -1.13 
16.6 -1.39 -1.13 
16.6 -1.39 -1.13 
16.6 -1.39 -1.13 
16.6 -1.39 -1.13 
16.6 -1.39 -1.13 
16.6 -1.39 -1.13 
16.6 -1.39 -1.13 
16.6 -1.39 -1.13 
16.6 -1.39 -1.13 
16.6 -1.39 -1.13 
16.6 -1.39 -1.13 
16.6 -1.39 -1.13 
16.6 -1.39 -1.13 
16.6 -1.39 -1.13 
16.6 -1.39 -1.13 
16.6 -1.39 -1.13 
16.6 -1.39 -1.13 
16.6 -1.39 -1.13 
16.6 -1.39 -1.13 
16.6 -1.39 -1.13 
16.6 -1.39 -1.13 
16.6 -1.39 -1.13 
16.6 -1.39 -1.13 
16.6 -1.39 -1.13 
16.6 -1.39 -1.13 
16.6 -1.39 -1.13 
16.6 -1.39 -1.13 
16.6 -1.39 -1.13 
16.6 -1.39 -1.13 
16.6 -1.39 -1.13 
16.6 -1.39 -1.13 
16.6 -1.39 -1.13 
16.6 -1.39 -1.13 
16.6 -1.39 -1.13 
16.6 -1.39 -1.13 
16.6 -1.39 -1.13 
16.6 -1.39 -1.13 
16.6 -1.39 -1.13 
16.6 -1.39 -1.13 
16.6 -1.39 -1.13 
16.6 -1.39 -1.13 
16.6 -1.39 -1.13 
16.6 -1.39 -1.13 
16.6 -1.39 -1.13 
16.6 -1.39 -1.13 
16.6 -1.39 -1.13 
16.6 -1.39 -1.13 
16.6 -1.39 -1.13 
16.6 -1.39 -1.13 
16.6 -1.39 -1.13 
16.6 -1.39 -1.13 
16.6 -1.39 -1.13 
16.6 -1.39 -1.13 
16.6 -1.39 -1.13 
16.6 -1.39 -1.13 
16.6 -1.39 -1.13 
16.6 -1.39 -1.13 
16.6 -1.39 -1.13 
16.6 -1.39 -1.13 
16.6 -1.39 -1.13 
16.6 -1.39 -1.13 
16.6 -1.39 -1.13 
16.6 -1.39 -1.13 
16.6 -1.39 -1.13 
16.6 -1.39 -1.13 
16.6 -1.39 -1.13 
16.6 -1.39 -1.13 
16.6 -1.39 -1.13 
16.6 -1.39 -1.13 
16.6 -1.39 -1.13 
16.6 -1.39 -1.13 
16.6 -1.39 -1.13 
16.6 -1.39 -1.13 
16.6 -1.39 -1.13 
16.6 -1.39 -1.13 
16.6 -1.39 -1.13 
16.6 -1.39 -1.13 
16.6 -1.39 -1.13 
16.6 -1.39 -1.13 
16.6 -1.39 -1.13 
16.6 -1.39 -1.13 
16.6 -1.39 -1.13 
16.6 -1.39 -1.13 
16.6 -1.39 -1.13 
16.6 -1.39 -1.13 
16.6 -1.39 -1.13 
16.6 -1.39 -1.13 
16.6 -1.39 -1.13 
16.6 -1.39 -1.13 
16.6 -1.39 -1.13 
16.6 -1.39 -1.13 
16.6 -1.39 -1.13 
16.6 -1.39 -1.13 
16.6 -1.39 -1.13 
16.6 -1.39 -1.13 
