-17.5 3.5 -0.742 
-17.4 3.56 -0.751 
-17.5 3.53 -0.818 
-17.6 3.45 -0.821 
-17.5 3.2 -0.677 
-17.6 3.05 -0.775 
-17.4 2.82 -0.598 
-17.4 2.76 -0.594 
-17.3 2.41 -0.49 
-17.6 2.29 -0.625 
-17.8 2.21 -0.695 
-17.8 2.1 -0.665 
-18 1.98 -0.709 
-18.3 1.88 -0.831 
-18.3 1.88 -0.838 
-18.6 1.86 -0.972 
-18.9 1.77 -1.07 
-19 1.79 -1.08 
-19.2 1.71 -1.17 
-19.3 1.7 -1.16 
-19.3 1.7 -1.19 
-19.4 1.71 -1.2 
-19.3 1.74 -1.18 
-19.4 1.73 -1.22 
-19.5 1.78 -1.24 
-19.5 1.81 -1.25 
-19.4 1.82 -1.23 
-19.5 1.75 -1.24 
-19.5 1.75 -1.25 
-19.5 1.69 -1.26 
-19.3 1.81 -1.15 
-19.3 1.78 -1.16 
-20.1 0.979 -1.47 
-20.2 1.15 -1.49 
-20.3 1.26 -1.5 
-20.2 1.22 -1.47 
-20 1.23 -1.43 
-20.1 1.32 -1.45 
-20.1 1.34 -1.49 
-20 1.33 -1.45 
-20.1 1.27 -1.44 
-20 1.28 -1.42 
-20 1.28 -1.42 
-20 1.28 -1.42 
-20 1.28 -1.42 
-20 1.28 -1.42 
-20 1.28 -1.42 
-20 1.28 -1.42 
-20 1.28 -1.42 
-20 1.28 -1.42 
-20 1.28 -1.42 
-20 1.28 -1.42 
-20 1.28 -1.42 
-20 1.28 -1.42 
-20 1.28 -1.42 
-20 1.28 -1.42 
-20 1.28 -1.42 
-20 1.28 -1.42 
-20 1.28 -1.42 
-20 1.28 -1.42 
-20 1.28 -1.42 
-20 1.28 -1.42 
-20 1.28 -1.42 
-20 1.28 -1.42 
-20 1.28 -1.42 
-20 1.28 -1.42 
-20 1.28 -1.42 
-20 1.28 -1.42 
-20 1.28 -1.42 
-20 1.28 -1.42 
-20 1.28 -1.42 
-20 1.28 -1.42 
-20 1.28 -1.42 
-20 1.28 -1.42 
-20 1.28 -1.42 
-20 1.28 -1.42 
-20 1.28 -1.42 
-20 1.28 -1.42 
-20 1.28 -1.42 
-20 1.28 -1.42 
-20 1.28 -1.42 
-20 1.28 -1.42 
-20 1.28 -1.42 
-20 1.28 -1.42 
-20 1.28 -1.42 
-20 1.28 -1.42 
-20 1.28 -1.42 
-20 1.28 -1.42 
-20 1.28 -1.42 
-20 1.28 -1.42 
-20 1.28 -1.42 
-20 1.28 -1.42 
-20 1.28 -1.42 
-20 1.28 -1.42 
-20 1.28 -1.42 
-20 1.28 -1.42 
-20 1.28 -1.42 
-20 1.28 -1.42 
-20 1.28 -1.42 
-20 1.28 -1.42 
-20 1.28 -1.42 
-20 1.28 -1.42 
-20 1.28 -1.42 
-20 1.28 -1.42 
-20 1.28 -1.42 
-20 1.28 -1.42 
-20 1.28 -1.42 
-20 1.28 -1.42 
-20 1.28 -1.42 
-20 1.28 -1.42 
-20 1.28 -1.42 
-20 1.28 -1.42 
-20 1.28 -1.42 
-20 1.28 -1.42 
-20 1.28 -1.42 
-20 1.28 -1.42 
-20 1.28 -1.42 
-20 1.28 -1.42 
-20 1.28 -1.42 
-20 1.28 -1.42 
-20 1.28 -1.42 
-20 1.28 -1.42 
-20 1.28 -1.42 
-20 1.28 -1.42 
-20 1.28 -1.42 
-20 1.28 -1.42 
-20 1.28 -1.42 
-20 1.28 -1.42 
-20 1.28 -1.42 
-20 1.28 -1.42 
-20 1.28 -1.42 
-20 1.28 -1.42 
-20 1.28 -1.42 
-20 1.28 -1.42 
-20 1.28 -1.42 
-20 1.28 -1.42 
-20 1.28 -1.42 
-20 1.28 -1.42 
-20 1.28 -1.42 
-20 1.28 -1.42 
-20 1.28 -1.42 
-20 1.28 -1.42 
-20 1.28 -1.42 
-20 1.28 -1.42 
-20 1.28 -1.42 
-20 1.28 -1.42 
-20 1.28 -1.42 
-20 1.28 -1.42 
-20 1.28 -1.42 
-20 1.28 -1.42 
-20 1.28 -1.42 
-20 1.28 -1.42 
-20 1.28 -1.42 
-20 1.28 -1.42 
-20 1.28 -1.42 
-20 1.28 -1.42 
-20 1.28 -1.42 
-20 1.28 -1.42 
-20 1.28 -1.42 
-20 1.28 -1.42 
-20 1.28 -1.42 
-20 1.28 -1.42 
-20 1.28 -1.42 
-20 1.28 -1.42 
-20 1.28 -1.42 
-20 1.28 -1.42 
-20 1.28 -1.42 
-20 1.28 -1.42 
-20 1.28 -1.42 
-20 1.28 -1.42 
-20 1.28 -1.42 
-20 1.28 -1.42 
-20 1.28 -1.42 
-20 1.28 -1.42 
-20 1.28 -1.42 
-20 1.28 -1.42 
-20 1.28 -1.42 
-20 1.28 -1.42 
-20 1.28 -1.42 
-20 1.28 -1.42 
-20 1.28 -1.42 
-20 1.28 -1.42 
-20 1.28 -1.42 
-20 1.28 -1.42 
-20 1.28 -1.42 
-20 1.28 -1.42 
-20 1.28 -1.42 
-20 1.28 -1.42 
-20 1.28 -1.42 
-20 1.28 -1.42 
-20 1.28 -1.42 
-20 1.28 -1.42 
-20 1.28 -1.42 
-20 1.28 -1.42 
-20 1.28 -1.42 
-20 1.28 -1.42 
-20 1.28 -1.42 
-20 1.28 -1.42 
-20 1.28 -1.42 
-20 1.28 -1.42 
-20 1.28 -1.42 
-20 1.28 -1.42 
-20 1.28 -1.42 
-20 1.28 -1.42 
-20 1.28 -1.42 
-20 1.28 -1.42 
-20 1.28 -1.42 
-20 1.28 -1.42 
-20 1.28 -1.42 
-20 1.28 -1.42 
-20 1.28 -1.42 
-20 1.28 -1.42 
-20 1.28 -1.42 
-20 1.28 -1.42 
-20 1.28 -1.42 
-20 1.28 -1.42 
-20 1.28 -1.42 
-20 1.28 -1.42 
-20 1.28 -1.42 
-20 1.28 -1.42 
-20 1.28 -1.42 
-20 1.28 -1.42 
-20 1.28 -1.42 
-20 1.28 -1.42 
-20 1.28 -1.42 
-20 1.28 -1.42 
-20 1.28 -1.42 
-20 1.28 -1.42 
-20 1.28 -1.42 
-20 1.28 -1.42 
-20 1.28 -1.42 
-20 1.28 -1.42 
-20 1.28 -1.42 
-20 1.28 -1.42 
-20 1.28 -1.42 
-20 1.28 -1.42 
-20 1.28 -1.42 
-20 1.28 -1.42 
-20 1.28 -1.42 
-20 1.28 -1.42 
-20 1.28 -1.42 
-20 1.28 -1.42 
-20 1.28 -1.42 
-20 1.28 -1.42 
-20 1.28 -1.42 
-20 1.28 -1.42 
-20 1.28 -1.42 
-20 1.28 -1.42 
-20 1.28 -1.42 
-20 1.28 -1.42 
-20 1.28 -1.42 
-20 1.28 -1.42 
-20 1.28 -1.42 
-20 1.28 -1.42 
-20 1.28 -1.42 
-20 1.28 -1.42 
-20 1.28 -1.42 
-20 1.28 -1.42 
-20 1.28 -1.42 
-20 1.28 -1.42 
-20 1.28 -1.42 
-20 1.28 -1.42 
-20 1.28 -1.42 
-20 1.28 -1.42 
-20 1.28 -1.42 
-20 1.28 -1.42 
-20 1.28 -1.42 
-20 1.28 -1.42 
-20 1.28 -1.42 
-20 1.28 -1.42 
-20 1.28 -1.42 
-20 1.28 -1.42 
-20 1.28 -1.42 
-20 1.28 -1.42 
-20 1.28 -1.42 
-20 1.28 -1.42 
-20 1.28 -1.42 
-20 1.28 -1.42 
-20 1.28 -1.42 
-20 1.28 -1.42 
-20 1.28 -1.42 
-20 1.28 -1.42 
-20 1.28 -1.42 
-20 1.28 -1.42 
-20 1.28 -1.42 
-20 1.28 -1.42 
-20 1.28 -1.42 
-20 1.28 -1.42 
-20 1.28 -1.42 
-20 1.28 -1.42 
-20 1.28 -1.42 
-20 1.28 -1.42 
-20 1.28 -1.42 
-20 1.28 -1.42 
-20 1.28 -1.42 
-20 1.28 -1.42 
-20 1.28 -1.42 
-20 1.28 -1.42 
-20 1.28 -1.42 
-20 1.28 -1.42 
-20 1.28 -1.42 
-20 1.28 -1.42 
-20 1.28 -1.42 
-20 1.28 -1.42 
-20 1.28 -1.42 
-20 1.28 -1.42 
-20 1.28 -1.42 
-20 1.28 -1.42 
-20 1.28 -1.42 
-20 1.28 -1.42 
-20 1.28 -1.42 
-20 1.28 -1.42 
-20 1.28 -1.42 
-20 1.28 -1.42 
-20 1.28 -1.42 
-20 1.28 -1.42 
-20 1.28 -1.42 
-20 1.28 -1.42 
-20 1.28 -1.42 
-20 1.28 -1.42 
-20 1.28 -1.42 
-20 1.28 -1.42 
-20 1.28 -1.42 
-20 1.28 -1.42 
-20 1.28 -1.42 
-20 1.28 -1.42 
-20 1.28 -1.42 
-20 1.28 -1.42 
-20 1.28 -1.42 
-20 1.28 -1.42 
-20 1.28 -1.42 
-20 1.28 -1.42 
-20 1.28 -1.42 
-20 1.28 -1.42 
-20 1.28 -1.42 
-20 1.28 -1.42 
-20 1.28 -1.42 
-20 1.28 -1.42 
-20 1.28 -1.42 
-20 1.28 -1.42 
-20 1.28 -1.42 
-20 1.28 -1.42 
-20 1.28 -1.42 
-20 1.28 -1.42 
-20 1.28 -1.42 
-20 1.28 -1.42 
-20 1.28 -1.42 
-20 1.28 -1.42 
-20 1.28 -1.42 
-20 1.28 -1.42 
-20 1.28 -1.42 
-20 1.28 -1.42 
-20 1.28 -1.42 
-20 1.28 -1.42 
-20 1.28 -1.42 
-20 1.28 -1.42 
-20 1.28 -1.42 
-20 1.28 -1.42 
-20 1.28 -1.42 
-20 1.28 -1.42 
-20 1.28 -1.42 
-20 1.28 -1.42 
-20 1.28 -1.42 
-20 1.28 -1.42 
-20 1.28 -1.42 
-20 1.28 -1.42 
-20 1.28 -1.42 
-20 1.28 -1.42 
-20 1.28 -1.42 
-20 1.28 -1.42 
-20 1.28 -1.42 
-20 1.28 -1.42 
-20 1.28 -1.42 
-20 1.28 -1.42 
-20 1.28 -1.42 
-20 1.28 -1.42 
-20 1.28 -1.42 
-20 1.28 -1.42 
-20 1.28 -1.42 
-20 1.28 -1.42 
-20 1.28 -1.42 
-20 1.28 -1.42 
-20 1.28 -1.42 
-20 1.28 -1.42 
-20 1.28 -1.42 
-20 1.28 -1.42 
-20 1.28 -1.42 
-20 1.28 -1.42 
-20 1.28 -1.42 
-20 1.28 -1.42 
-20 1.28 -1.42 
-20 1.28 -1.42 
-20 1.28 -1.42 
-20 1.28 -1.42 
-20 1.28 -1.42 
-20 1.28 -1.42 
-20 1.28 -1.42 
-20 1.28 -1.42 
-20 1.28 -1.42 
-20 1.28 -1.42 
-20 1.28 -1.42 
-20 1.28 -1.42 
-20 1.28 -1.42 
-20 1.28 -1.42 
-20 1.28 -1.42 
-20 1.28 -1.42 
-20 1.28 -1.42 
-20 1.28 -1.42 
-20 1.28 -1.42 
-20 1.28 -1.42 
-20 1.28 -1.42 
-20 1.28 -1.42 
-20 1.28 -1.42 
-20 1.28 -1.42 
-20 1.28 -1.42 
-20 1.28 -1.42 
-20 1.28 -1.42 
-20 1.28 -1.42 
-20 1.28 -1.42 
-20 1.28 -1.42 
-20 1.28 -1.42 
-20 1.28 -1.42 
-20 1.28 -1.42 
-20 1.28 -1.42 
-20 1.28 -1.42 
-20 1.28 -1.42 
-20 1.28 -1.42 
-20 1.28 -1.42 
-20 1.28 -1.42 
-20 1.28 -1.42 
-20 1.28 -1.42 
-20 1.28 -1.42 
-20 1.28 -1.42 
-20 1.28 -1.42 
-20 1.28 -1.42 
-20 1.28 -1.42 
-20 1.28 -1.42 
-20 1.28 -1.42 
-20 1.28 -1.42 
-20 1.28 -1.42 
-20 1.28 -1.42 
-20 1.28 -1.42 
-20 1.28 -1.42 
-20 1.28 -1.42 
-20 1.28 -1.42 
-20 1.28 -1.42 
-20 1.28 -1.42 
-20 1.28 -1.42 
-20 1.28 -1.42 
-20 1.28 -1.42 
-20 1.28 -1.42 
-20 1.28 -1.42 
-20 1.28 -1.42 
-20 1.28 -1.42 
-20 1.28 -1.42 
-20 1.28 -1.42 
-20 1.28 -1.42 
-20 1.28 -1.42 
-20 1.28 -1.42 
-20 1.28 -1.42 
-20 1.28 -1.42 
-20 1.28 -1.42 
-20 1.28 -1.42 
-20 1.28 -1.42 
-20 1.28 -1.42 
-20 1.28 -1.42 
-20 1.28 -1.42 
-20 1.28 -1.42 
-20 1.28 -1.42 
-20 1.28 -1.42 
-20 1.28 -1.42 
-20 1.28 -1.42 
-20 1.28 -1.42 
-20 1.28 -1.42 
-20 1.28 -1.42 
-20 1.28 -1.42 
-20 1.28 -1.42 
-20 1.28 -1.42 
-20 1.28 -1.42 
-20 1.28 -1.42 
-20 1.28 -1.42 
-20 1.28 -1.42 
-20 1.28 -1.42 
-20 1.28 -1.42 
-20 1.28 -1.42 
-20 1.28 -1.42 
-20 1.28 -1.42 
-20 1.28 -1.42 
-20 1.28 -1.42 
-20 1.28 -1.42 
-20 1.28 -1.42 
-20 1.28 -1.42 
-20 1.28 -1.42 
-20 1.28 -1.42 
-20 1.28 -1.42 
-20 1.28 -1.42 
-20 1.28 -1.42 
-20 1.28 -1.42 
-20 1.28 -1.42 
-20 1.28 -1.42 
-20 1.28 -1.42 
-20 1.28 -1.42 
-20 1.28 -1.42 
-20 1.28 -1.42 
-20 1.28 -1.42 
-20 1.28 -1.42 
-20 1.28 -1.42 
-20 1.28 -1.42 
-20 1.28 -1.42 
-20 1.28 -1.42 
-20 1.28 -1.42 
-20 1.28 -1.42 
-20 1.28 -1.42 
-20 1.28 -1.42 
-20 1.28 -1.42 
-20 1.28 -1.42 
-20 1.28 -1.42 
-20 1.28 -1.42 
-20 1.28 -1.42 
-20 1.28 -1.42 
-20 1.28 -1.42 
-20 1.28 -1.42 
-20 1.28 -1.42 
-20 1.28 -1.42 
-20 1.28 -1.42 
-20 1.28 -1.42 
-20 1.28 -1.42 
-20 1.28 -1.42 
-20 1.28 -1.42 
-20 1.28 -1.42 
-20 1.28 -1.42 
-20 1.28 -1.42 
-20 1.28 -1.42 
-20 1.28 -1.42 
-20 1.28 -1.42 
-20 1.28 -1.42 
-20 1.28 -1.42 
-20 1.28 -1.42 
-20 1.28 -1.42 
-20 1.28 -1.42 
-20 1.28 -1.42 
-20 1.28 -1.42 
-20 1.28 -1.42 
-20 1.28 -1.42 
-20 1.28 -1.42 
-20 1.28 -1.42 
-20 1.28 -1.42 
-20 1.28 -1.42 
-20 1.28 -1.42 
-20 1.28 -1.42 
-20 1.28 -1.42 
-20 1.28 -1.42 
-20 1.28 -1.42 
-20 1.28 -1.42 
-20 1.28 -1.42 
-20 1.28 -1.42 
-20 1.28 -1.42 
-20 1.28 -1.42 
-20 1.28 -1.42 
-20 1.28 -1.42 
-20 1.28 -1.42 
-20 1.28 -1.42 
-20 1.28 -1.42 
-20 1.28 -1.42 
-20 1.28 -1.42 
-20 1.28 -1.42 
-20 1.28 -1.42 
-20 1.28 -1.42 
-20 1.28 -1.42 
-20 1.28 -1.42 
-20 1.28 -1.42 
-20 1.28 -1.42 
-20 1.28 -1.42 
-20 1.28 -1.42 
-20 1.28 -1.42 
-20 1.28 -1.42 
-20 1.28 -1.42 
-20 1.28 -1.42 
-20 1.28 -1.42 
-20 1.28 -1.42 
-20 1.28 -1.42 
-20 1.28 -1.42 
-20 1.28 -1.42 
-20 1.28 -1.42 
-20 1.28 -1.42 
-20 1.28 -1.42 
-20 1.28 -1.42 
-20 1.28 -1.42 
-20 1.28 -1.42 
-20 1.28 -1.42 
-20 1.28 -1.42 
-20 1.28 -1.42 
-20 1.28 -1.42 
-20 1.28 -1.42 
-20 1.28 -1.42 
-20 1.28 -1.42 
-20 1.28 -1.42 
-20 1.28 -1.42 
-20 1.28 -1.42 
-20 1.28 -1.42 
-20 1.28 -1.42 
-20 1.28 -1.42 
-20 1.28 -1.42 
-20 1.28 -1.42 
-20 1.28 -1.42 
-20 1.28 -1.42 
-20 1.28 -1.42 
-20 1.28 -1.42 
-20 1.28 -1.42 
-20 1.28 -1.42 
-20 1.28 -1.42 
-20 1.28 -1.42 
-20 1.28 -1.42 
-20 1.28 -1.42 
-20 1.28 -1.42 
-20 1.28 -1.42 
-20 1.28 -1.42 
-20 1.28 -1.42 
-20 1.28 -1.42 
-20 1.28 -1.42 
-20 1.28 -1.42 
-20 1.28 -1.42 
-20 1.28 -1.42 
-20 1.28 -1.42 
-20 1.28 -1.42 
-20 1.28 -1.42 
-20 1.28 -1.42 
-20 1.28 -1.42 
-20 1.28 -1.42 
-20 1.28 -1.42 
-20 1.28 -1.42 
-20 1.28 -1.42 
-20 1.28 -1.42 
-20 1.28 -1.42 
-20 1.28 -1.42 
-20 1.28 -1.42 
-20 1.28 -1.42 
-20 1.28 -1.42 
-20 1.28 -1.42 
-20 1.28 -1.42 
-20 1.28 -1.42 
-20 1.28 -1.42 
-20 1.28 -1.42 
-20 1.28 -1.42 
-20 1.28 -1.42 
-20 1.28 -1.42 
-20 1.28 -1.42 
-20 1.28 -1.42 
-20 1.28 -1.42 
-20 1.28 -1.42 
-20 1.28 -1.42 
-20 1.28 -1.42 
-20 1.28 -1.42 
-20 1.28 -1.42 
-20 1.28 -1.42 
-20 1.28 -1.42 
-20 1.28 -1.42 
-20 1.28 -1.42 
-20 1.28 -1.42 
-20 1.28 -1.42 
-20 1.28 -1.42 
-20 1.28 -1.42 
-20 1.28 -1.42 
-20 1.28 -1.42 
-20 1.28 -1.42 
-20 1.28 -1.42 
-20 1.28 -1.42 
-20 1.28 -1.42 
-20 1.28 -1.42 
-20 1.28 -1.42 
-20 1.28 -1.42 
-20 1.28 -1.42 
-20 1.28 -1.42 
-20 1.28 -1.42 
-20 1.28 -1.42 
-20 1.28 -1.42 
-20 1.28 -1.42 
-20 1.28 -1.42 
-20 1.28 -1.42 
-20 1.28 -1.42 
-20 1.28 -1.42 
-20 1.28 -1.42 
-20 1.28 -1.42 
-20 1.28 -1.42 
-20 1.28 -1.42 
-20 1.28 -1.42 
-20 1.28 -1.42 
-20 1.28 -1.42 
-20 1.28 -1.42 
-20 1.28 -1.42 
-20 1.28 -1.42 
-20 1.28 -1.42 
-20 1.28 -1.42 
-20 1.28 -1.42 
-20 1.28 -1.42 
-20 1.28 -1.42 
-20 1.28 -1.42 
-20 1.28 -1.42 
-20 1.28 -1.42 
-20 1.28 -1.42 
-20 1.28 -1.42 
-20 1.28 -1.42 
-20 1.28 -1.42 
-20 1.28 -1.42 
-20 1.28 -1.42 
-20 1.28 -1.42 
-20 1.28 -1.42 
-20 1.28 -1.42 
-20 1.28 -1.42 
-20 1.28 -1.42 
-20 1.28 -1.42 
-20 1.28 -1.42 
-20 1.28 -1.42 
-20 1.28 -1.42 
-20 1.28 -1.42 
-20 1.28 -1.42 
-20 1.28 -1.42 
-20 1.28 -1.42 
-20 1.28 -1.42 
-20 1.28 -1.42 
-20 1.28 -1.42 
-20 1.28 -1.42 
-20 1.28 -1.42 
-20 1.28 -1.42 
-20 1.28 -1.42 
-20 1.28 -1.42 
-20 1.28 -1.42 
-20 1.28 -1.42 
-20 1.28 -1.42 
-20 1.28 -1.42 
-20 1.28 -1.42 
-20 1.28 -1.42 
-20 1.28 -1.42 
-20 1.28 -1.42 
-20 1.28 -1.42 
-20 1.28 -1.42 
-20 1.28 -1.42 
-20 1.28 -1.42 
-20 1.28 -1.42 
-20 1.28 -1.42 
-20 1.28 -1.42 
-20 1.28 -1.42 
-20 1.28 -1.42 
-20 1.28 -1.42 
-20 1.28 -1.42 
-20 1.28 -1.42 
-20 1.28 -1.42 
-20 1.28 -1.42 
-20 1.28 -1.42 
-20 1.28 -1.42 
-20 1.28 -1.42 
-20 1.28 -1.42 
-20 1.28 -1.42 
-20 1.28 -1.42 
-20 1.28 -1.42 
-20 1.28 -1.42 
-20 1.28 -1.42 
-20 1.28 -1.42 
-20 1.28 -1.42 
-20 1.28 -1.42 
-20 1.28 -1.42 
-20 1.28 -1.42 
-20 1.28 -1.42 
-20 1.28 -1.42 
-20 1.28 -1.42 
-20 1.28 -1.42 
-20 1.28 -1.42 
-20 1.28 -1.42 
-20 1.28 -1.42 
-20 1.28 -1.42 
-20 1.28 -1.42 
-20 1.28 -1.42 
-20 1.28 -1.42 
-20 1.28 -1.42 
-20 1.28 -1.42 
-20 1.28 -1.42 
-20 1.28 -1.42 
-20 1.28 -1.42 
-20 1.28 -1.42 
-20 1.28 -1.42 
-20 1.28 -1.42 
-20 1.28 -1.42 
-20 1.28 -1.42 
-20 1.28 -1.42 
-20 1.28 -1.42 
-20 1.28 -1.42 
-20 1.28 -1.42 
-20 1.28 -1.42 
-20 1.28 -1.42 
-20 1.28 -1.42 
-20 1.28 -1.42 
-20 1.28 -1.42 
-20 1.28 -1.42 
-20 1.28 -1.42 
-20 1.28 -1.42 
-20 1.28 -1.42 
-20 1.28 -1.42 
-20 1.28 -1.42 
-20 1.28 -1.42 
-20 1.28 -1.42 
-20 1.28 -1.42 
-20 1.28 -1.42 
-20 1.28 -1.42 
-20 1.28 -1.42 
-20 1.28 -1.42 
-20 1.28 -1.42 
-20 1.28 -1.42 
-20 1.28 -1.42 
-20 1.28 -1.42 
-20 1.28 -1.42 
-20 1.28 -1.42 
-20 1.28 -1.42 
-20 1.28 -1.42 
-20 1.28 -1.42 
-20 1.28 -1.42 
-20 1.28 -1.42 
-20 1.28 -1.42 
-20 1.28 -1.42 
-20 1.28 -1.42 
-20 1.28 -1.42 
-20 1.28 -1.42 
-20 1.28 -1.42 
-20 1.28 -1.42 
-20 1.28 -1.42 
-20 1.28 -1.42 
-20 1.28 -1.42 
-20 1.28 -1.42 
-20 1.28 -1.42 
-20 1.28 -1.42 
-20 1.28 -1.42 
-20 1.28 -1.42 
-20 1.28 -1.42 
-20 1.28 -1.42 
-20 1.28 -1.42 
-20 1.28 -1.42 
-20 1.28 -1.42 
-20 1.28 -1.42 
-20 1.28 -1.42 
-20 1.28 -1.42 
-20 1.28 -1.42 
-20 1.28 -1.42 
-20 1.28 -1.42 
-20 1.28 -1.42 
-20 1.28 -1.42 
-20 1.28 -1.42 
-20 1.28 -1.42 
-20 1.28 -1.42 
-20 1.28 -1.42 
-20 1.28 -1.42 
-20 1.28 -1.42 
-20 1.28 -1.42 
-20 1.28 -1.42 
-20 1.28 -1.42 
-20 1.28 -1.42 
-20 1.28 -1.42 
-20 1.28 -1.42 
-20 1.28 -1.42 
-20 1.28 -1.42 
-20 1.28 -1.42 
-20 1.28 -1.42 
-20 1.28 -1.42 
-20 1.28 -1.42 
-20 1.28 -1.42 
-20 1.28 -1.42 
-20 1.28 -1.42 
-20 1.28 -1.42 
-20 1.28 -1.42 
-20 1.28 -1.42 
-20 1.28 -1.42 
-20 1.28 -1.42 
-20 1.28 -1.42 
-20 1.28 -1.42 
-20 1.28 -1.42 
-20 1.28 -1.42 
-20 1.28 -1.42 
-20 1.28 -1.42 
-20 1.28 -1.42 
-20 1.28 -1.42 
-20 1.28 -1.42 
-20 1.28 -1.42 
-20 1.28 -1.42 
-20 1.28 -1.42 
-20 1.28 -1.42 
-20 1.28 -1.42 
-20 1.28 -1.42 
-20 1.28 -1.42 
-20 1.28 -1.42 
-20 1.28 -1.42 
-20 1.28 -1.42 
-20 1.28 -1.42 
-20 1.28 -1.42 
-20 1.28 -1.42 
-20 1.28 -1.42 
-20 1.28 -1.42 
-20 1.28 -1.42 
-20 1.28 -1.42 
-20 1.28 -1.42 
-20 1.28 -1.42 
-20 1.28 -1.42 
-20 1.28 -1.42 
-20 1.28 -1.42 
-20 1.28 -1.42 
-20 1.28 -1.42 
-20 1.28 -1.42 
-20 1.28 -1.42 
-20 1.28 -1.42 
-20 1.28 -1.42 
-20 1.28 -1.42 
-20 1.28 -1.42 
-20 1.28 -1.42 
-20 1.28 -1.42 
-20 1.28 -1.42 
-20 1.28 -1.42 
-20 1.28 -1.42 
-20 1.28 -1.42 
-20 1.28 -1.42 
-20 1.28 -1.42 
-20 1.28 -1.42 
-20 1.28 -1.42 
-20 1.28 -1.42 
-20 1.28 -1.42 
-20 1.28 -1.42 
-20 1.28 -1.42 
-20 1.28 -1.42 
-20 1.28 -1.42 
-20 1.28 -1.42 
-20 1.28 -1.42 
-20 1.28 -1.42 
-20 1.28 -1.42 
-20 1.28 -1.42 
-20 1.28 -1.42 
-20 1.28 -1.42 
-20 1.28 -1.42 
-20 1.28 -1.42 
-20 1.28 -1.42 
-20 1.28 -1.42 
-20 1.28 -1.42 
-20 1.28 -1.42 
-20 1.28 -1.42 
-20 1.28 -1.42 
-20 1.28 -1.42 
-20 1.28 -1.42 
-20 1.28 -1.42 
-20 1.28 -1.42 
-20 1.28 -1.42 
-20 1.28 -1.42 
-20 1.28 -1.42 
-20 1.28 -1.42 
-20 1.28 -1.42 
-20 1.28 -1.42 
-20 1.28 -1.42 
-20 1.28 -1.42 
-20 1.28 -1.42 
-20 1.28 -1.42 
-20 1.28 -1.42 
-20 1.28 -1.42 
-20 1.28 -1.42 
-20 1.28 -1.42 
-20 1.28 -1.42 
-20 1.28 -1.42 
-20 1.28 -1.42 
-20 1.28 -1.42 
-20 1.28 -1.42 
-20 1.28 -1.42 
-20 1.28 -1.42 
-20 1.28 -1.42 
-20 1.28 -1.42 
-20 1.28 -1.42 
-20 1.28 -1.42 
-20 1.28 -1.42 
-20 1.28 -1.42 
-20 1.28 -1.42 
-20 1.28 -1.42 
-20 1.28 -1.42 
-20 1.28 -1.42 
-20 1.28 -1.42 
-20 1.28 -1.42 
-20 1.28 -1.42 
-20 1.28 -1.42 
-20 1.28 -1.42 
-20 1.28 -1.42 
-20 1.28 -1.42 
-20 1.28 -1.42 
-20 1.28 -1.42 
-20 1.28 -1.42 
-20 1.28 -1.42 
-20 1.28 -1.42 
-20 1.28 -1.42 
-20 1.28 -1.42 
-20 1.28 -1.42 
-20 1.28 -1.42 
-20 1.28 -1.42 
-20 1.28 -1.42 
-20 1.28 -1.42 
-20 1.28 -1.42 
-20 1.28 -1.42 
-20 1.28 -1.42 
-20 1.28 -1.42 
-20 1.28 -1.42 
-20 1.28 -1.42 
-20 1.28 -1.42 
-20 1.28 -1.42 
-20 1.28 -1.42 
-20 1.28 -1.42 
-20 1.28 -1.42 
-20 1.28 -1.42 
-20 1.28 -1.42 
-20 1.28 -1.42 
-20 1.28 -1.42 
-20 1.28 -1.42 
-20 1.28 -1.42 
-20 1.28 -1.42 
-20 1.28 -1.42 
-20 1.28 -1.42 
-20 1.28 -1.42 
-20 1.28 -1.42 
-20 1.28 -1.42 
-20 1.28 -1.42 
-20 1.28 -1.42 
-20 1.28 -1.42 
-20 1.28 -1.42 
-20 1.28 -1.42 
-20 1.28 -1.42 
-20 1.28 -1.42 
-20 1.28 -1.42 
-20 1.28 -1.42 
-20 1.28 -1.42 
-20 1.28 -1.42 
-20 1.28 -1.42 
-20 1.28 -1.42 
-20 1.28 -1.42 
-20 1.28 -1.42 
-20 1.28 -1.42 
-20 1.28 -1.42 
-20 1.28 -1.42 
-20 1.28 -1.42 
-20 1.28 -1.42 
-20 1.28 -1.42 
-20 1.28 -1.42 
-20 1.28 -1.42 
-20 1.28 -1.42 
-20 1.28 -1.42 
-20 1.28 -1.42 
-20 1.28 -1.42 
-20 1.28 -1.42 
-20 1.28 -1.42 
-20 1.28 -1.42 
-20 1.28 -1.42 
-20 1.28 -1.42 
-20 1.28 -1.42 
-20 1.28 -1.42 
-20 1.28 -1.42 
-20 1.28 -1.42 
-20 1.28 -1.42 
-20 1.28 -1.42 
-20 1.28 -1.42 
-20 1.28 -1.42 
-20 1.28 -1.42 
-20 1.28 -1.42 
-20 1.28 -1.42 
-20 1.28 -1.42 
-20 1.28 -1.42 
-20 1.28 -1.42 
-20 1.28 -1.42 
-20 1.28 -1.42 
-20 1.28 -1.42 
-20 1.28 -1.42 
-20 1.28 -1.42 
-20 1.28 -1.42 
-20 1.28 -1.42 
-20 1.28 -1.42 
-20 1.28 -1.42 
-20 1.28 -1.42 
-20 1.28 -1.42 
-20 1.28 -1.42 
-20 1.28 -1.42 
-20 1.28 -1.42 
-20 1.28 -1.42 
-20 1.28 -1.42 
-20 1.28 -1.42 
-20 1.28 -1.42 
-20 1.28 -1.42 
-20 1.28 -1.42 
-20 1.28 -1.42 
-20 1.28 -1.42 
-20 1.28 -1.42 
-20 1.28 -1.42 
-20 1.28 -1.42 
-20 1.28 -1.42 
-20 1.28 -1.42 
-20 1.28 -1.42 
-20 1.28 -1.42 
-20 1.28 -1.42 
-20 1.28 -1.42 
-20 1.28 -1.42 
-20 1.28 -1.42 
-20 1.28 -1.42 
-20 1.28 -1.42 
-20 1.28 -1.42 
-20 1.28 -1.42 
-20 1.28 -1.42 
-20 1.28 -1.42 
-20 1.28 -1.42 
-20 1.28 -1.42 
-20 1.28 -1.42 
-20 1.28 -1.42 
-20 1.28 -1.42 
-20 1.28 -1.42 
-20 1.28 -1.42 
-20 1.28 -1.42 
-20 1.28 -1.42 
-20 1.28 -1.42 
-20 1.28 -1.42 
-20 1.28 -1.42 
-20 1.28 -1.42 
-20 1.28 -1.42 
-20 1.28 -1.42 
-20 1.28 -1.42 
-20 1.28 -1.42 
-20 1.28 -1.42 
-20 1.28 -1.42 
-20 1.28 -1.42 
-20 1.28 -1.42 
-20 1.28 -1.42 
-20 1.28 -1.42 
-20 1.28 -1.42 
-20 1.28 -1.42 
-20 1.28 -1.42 
-20 1.28 -1.42 
-20 1.28 -1.42 
-20 1.28 -1.42 
-20 1.28 -1.42 
-20 1.28 -1.42 
-20 1.28 -1.42 
-20 1.28 -1.42 
-20 1.28 -1.42 
-20 1.28 -1.42 
-20 1.28 -1.42 
-20 1.28 -1.42 
-20 1.28 -1.42 
-20 1.28 -1.42 
-20 1.28 -1.42 
-20 1.28 -1.42 
-20 1.28 -1.42 
-20 1.28 -1.42 
-20 1.28 -1.42 
-20 1.28 -1.42 
-20 1.28 -1.42 
-20 1.28 -1.42 
-20 1.28 -1.42 
-20 1.28 -1.42 
-20 1.28 -1.42 
-20 1.28 -1.42 
-20 1.28 -1.42 
-20 1.28 -1.42 
-20 1.28 -1.42 
-20 1.28 -1.42 
-20 1.28 -1.42 
-20 1.28 -1.42 
-20 1.28 -1.42 
-20 1.28 -1.42 
-20 1.28 -1.42 
-20 1.28 -1.42 
-20 1.28 -1.42 
-20 1.28 -1.42 
-20 1.28 -1.42 
-20 1.28 -1.42 
-20 1.28 -1.42 
-20 1.28 -1.42 
-20 1.28 -1.42 
-20 1.28 -1.42 
-20 1.28 -1.42 
-20 1.28 -1.42 
-20 1.28 -1.42 
-20 1.28 -1.42 
-20 1.28 -1.42 
-20 1.28 -1.42 
-20 1.28 -1.42 
-20 1.28 -1.42 
-20 1.28 -1.42 
-20 1.28 -1.42 
-20 1.28 -1.42 
-20 1.28 -1.42 
-20 1.28 -1.42 
-20 1.28 -1.42 
-20 1.28 -1.42 
-20 1.28 -1.42 
-20 1.28 -1.42 
-20 1.28 -1.42 
-20 1.28 -1.42 
-20 1.28 -1.42 
-20 1.28 -1.42 
-20 1.28 -1.42 
-20 1.28 -1.42 
-20 1.28 -1.42 
-20 1.28 -1.42 
-20 1.28 -1.42 
-20 1.28 -1.42 
-20 1.28 -1.42 
-20 1.28 -1.42 
-20 1.28 -1.42 
-20 1.28 -1.42 
-20 1.28 -1.42 
-20 1.28 -1.42 
-20 1.28 -1.42 
-20 1.28 -1.42 
-20 1.28 -1.42 
-20 1.28 -1.42 
-20 1.28 -1.42 
-20 1.28 -1.42 
-20 1.28 -1.42 
-20 1.28 -1.42 
-20 1.28 -1.42 
-20 1.28 -1.42 
-20 1.28 -1.42 
-20 1.28 -1.42 
-20 1.28 -1.42 
-20 1.28 -1.42 
-20 1.28 -1.42 
-20 1.28 -1.42 
-20 1.28 -1.42 
-20 1.28 -1.42 
-20 1.28 -1.42 
-20 1.28 -1.42 
-20 1.28 -1.42 
-20 1.28 -1.42 
-20 1.28 -1.42 
-20 1.28 -1.42 
-20 1.28 -1.42 
-20 1.28 -1.42 
-20 1.28 -1.42 
-20 1.28 -1.42 
-20 1.28 -1.42 
-20 1.28 -1.42 
-20 1.28 -1.42 
-20 1.28 -1.42 
-20 1.28 -1.42 
-20 1.28 -1.42 
-20 1.28 -1.42 
-20 1.28 -1.42 
-20 1.28 -1.42 
-20 1.28 -1.42 
-20 1.28 -1.42 
-20 1.28 -1.42 
-20 1.28 -1.42 
-20 1.28 -1.42 
-20 1.28 -1.42 
-20 1.28 -1.42 
-20 1.28 -1.42 
-20 1.28 -1.42 
-20 1.28 -1.42 
-20 1.28 -1.42 
-20 1.28 -1.42 
-20 1.28 -1.42 
-20 1.28 -1.42 
-20 1.28 -1.42 
-20 1.28 -1.42 
-20 1.28 -1.42 
-20 1.28 -1.42 
-20 1.28 -1.42 
-20 1.28 -1.42 
-20 1.28 -1.42 
-20 1.28 -1.42 
-20 1.28 -1.42 
-20 1.28 -1.42 
-20 1.28 -1.42 
-20 1.28 -1.42 
-20 1.28 -1.42 
-20 1.28 -1.42 
-20 1.28 -1.42 
-20 1.28 -1.42 
-20 1.28 -1.42 
-20 1.28 -1.42 
-20 1.28 -1.42 
-20 1.28 -1.42 
-20 1.28 -1.42 
-20 1.28 -1.42 
-20 1.28 -1.42 
-20 1.28 -1.42 
-20 1.28 -1.42 
-20 1.28 -1.42 
-20 1.28 -1.42 
-20 1.28 -1.42 
-20 1.28 -1.42 
-20 1.28 -1.42 
-20 1.28 -1.42 
-20 1.28 -1.42 
-20 1.28 -1.42 
-20 1.28 -1.42 
-20 1.28 -1.42 
-20 1.28 -1.42 
-20 1.28 -1.42 
-20 1.28 -1.42 
-20 1.28 -1.42 
-20 1.28 -1.42 
-20 1.28 -1.42 
-20 1.28 -1.42 
-20 1.28 -1.42 
-20 1.28 -1.42 
-20 1.28 -1.42 
-20 1.28 -1.42 
-20 1.28 -1.42 
-20 1.28 -1.42 
-20 1.28 -1.42 
-20 1.28 -1.42 
-20 1.28 -1.42 
-20 1.28 -1.42 
-20 1.28 -1.42 
-20 1.28 -1.42 
-20 1.28 -1.42 
-20 1.28 -1.42 
-20 1.28 -1.42 
-20 1.28 -1.42 
-20 1.28 -1.42 
-20 1.28 -1.42 
-20 1.28 -1.42 
-20 1.28 -1.42 
-20 1.28 -1.42 
-20 1.28 -1.42 
-20 1.28 -1.42 
-20 1.28 -1.42 
-20 1.28 -1.42 
-20 1.28 -1.42 
-20 1.28 -1.42 
-20 1.28 -1.42 
-20 1.28 -1.42 
-20 1.28 -1.42 
-20 1.28 -1.42 
-20 1.28 -1.42 
-20 1.28 -1.42 
-20 1.28 -1.42 
-20 1.28 -1.42 
-20 1.28 -1.42 
-20 1.28 -1.42 
-20 1.28 -1.42 
-20 1.28 -1.42 
-20 1.28 -1.42 
-20 1.28 -1.42 
-20 1.28 -1.42 
-20 1.28 -1.42 
-20 1.28 -1.42 
-20 1.28 -1.42 
-20 1.28 -1.42 
-20 1.28 -1.42 
-20 1.28 -1.42 
-20 1.28 -1.42 
-20 1.28 -1.42 
-20 1.28 -1.42 
-20 1.28 -1.42 
-20 1.28 -1.42 
-20 1.28 -1.42 
-20 1.28 -1.42 
-20 1.28 -1.42 
-20 1.28 -1.42 
-20 1.28 -1.42 
-20 1.28 -1.42 
-20 1.28 -1.42 
-20 1.28 -1.42 
-20 1.28 -1.42 
-20 1.28 -1.42 
-20 1.28 -1.42 
-20 1.28 -1.42 
-20 1.28 -1.42 
-20 1.28 -1.42 
-20 1.28 -1.42 
-20 1.28 -1.42 
-20 1.28 -1.42 
-20 1.28 -1.42 
-20 1.28 -1.42 
-20 1.28 -1.42 
-20 1.28 -1.42 
-20 1.28 -1.42 
-20 1.28 -1.42 
-20 1.28 -1.42 
-20 1.28 -1.42 
-20 1.28 -1.42 
-20 1.28 -1.42 
-20 1.28 -1.42 
-20 1.28 -1.42 
-20 1.28 -1.42 
-20 1.28 -1.42 
-20 1.28 -1.42 
-20 1.28 -1.42 
-20 1.28 -1.42 
-20 1.28 -1.42 
-20 1.28 -1.42 
-20 1.28 -1.42 
-20 1.28 -1.42 
-20 1.28 -1.42 
-20 1.28 -1.42 
-20 1.28 -1.42 
-20 1.28 -1.42 
-20 1.28 -1.42 
-20 1.28 -1.42 
-20 1.28 -1.42 
-20 1.28 -1.42 
-20 1.28 -1.42 
-20 1.28 -1.42 
-20 1.28 -1.42 
-20 1.28 -1.42 
-20 1.28 -1.42 
-20 1.28 -1.42 
-20 1.28 -1.42 
-20 1.28 -1.42 
-20 1.28 -1.42 
-20 1.28 -1.42 
-20 1.28 -1.42 
-20 1.28 -1.42 
-20 1.28 -1.42 
-20 1.28 -1.42 
-20 1.28 -1.42 
-20 1.28 -1.42 
-20 1.28 -1.42 
-20 1.28 -1.42 
-20 1.28 -1.42 
-20 1.28 -1.42 
-20 1.28 -1.42 
-20 1.28 -1.42 
-20 1.28 -1.42 
-20 1.28 -1.42 
-20 1.28 -1.42 
-20 1.28 -1.42 
-20 1.28 -1.42 
-20 1.28 -1.42 
-20 1.28 -1.42 
-20 1.28 -1.42 
-20 1.28 -1.42 
-20 1.28 -1.42 
-20 1.28 -1.42 
-20 1.28 -1.42 
-20 1.28 -1.42 
-20 1.28 -1.42 
-20 1.28 -1.42 
-20 1.28 -1.42 
-20 1.28 -1.42 
-20 1.28 -1.42 
-20 1.28 -1.42 
-20 1.28 -1.42 
-20 1.28 -1.42 
-20 1.28 -1.42 
-20 1.28 -1.42 
-20 1.28 -1.42 
-20 1.28 -1.42 
-20 1.28 -1.42 
-20 1.28 -1.42 
-20 1.28 -1.42 
-20 1.28 -1.42 
-20 1.28 -1.42 
-20 1.28 -1.42 
-20 1.28 -1.42 
-20 1.28 -1.42 
-20 1.28 -1.42 
-20 1.28 -1.42 
-20 1.28 -1.42 
-20 1.28 -1.42 
-20 1.28 -1.42 
-20 1.28 -1.42 
-20 1.28 -1.42 
-20 1.28 -1.42 
-20 1.28 -1.42 
-20 1.28 -1.42 
-20 1.28 -1.42 
-20 1.28 -1.42 
-20 1.28 -1.42 
-20 1.28 -1.42 
-20 1.28 -1.42 
-20 1.28 -1.42 
-20 1.28 -1.42 
-20 1.28 -1.42 
-20 1.28 -1.42 
-20 1.28 -1.42 
-20 1.28 -1.42 
-20 1.28 -1.42 
-20 1.28 -1.42 
-20 1.28 -1.42 
-20 1.28 -1.42 
-20 1.28 -1.42 
-20 1.28 -1.42 
-20 1.28 -1.42 
-20 1.28 -1.42 
-20 1.28 -1.42 
-20 1.28 -1.42 
-20 1.28 -1.42 
-20 1.28 -1.42 
-20 1.28 -1.42 
-20 1.28 -1.42 
-20 1.28 -1.42 
-20 1.28 -1.42 
-20 1.28 -1.42 
-20 1.28 -1.42 
-20 1.28 -1.42 
-20 1.28 -1.42 
-20 1.28 -1.42 
-20 1.28 -1.42 
-20 1.28 -1.42 
-20 1.28 -1.42 
-20 1.28 -1.42 
-20 1.28 -1.42 
-20 1.28 -1.42 
-20 1.28 -1.42 
-20 1.28 -1.42 
-20 1.28 -1.42 
-20 1.28 -1.42 
-20 1.28 -1.42 
-20 1.28 -1.42 
-20 1.28 -1.42 
-20 1.28 -1.42 
-20 1.28 -1.42 
-20 1.28 -1.42 
-20 1.28 -1.42 
-20 1.28 -1.42 
-20 1.28 -1.42 
-20 1.28 -1.42 
-20 1.28 -1.42 
-20 1.28 -1.42 
-20 1.28 -1.42 
-20 1.28 -1.42 
-20 1.28 -1.42 
-20 1.28 -1.42 
-20 1.28 -1.42 
-20 1.28 -1.42 
-20 1.28 -1.42 
-20 1.28 -1.42 
-20 1.28 -1.42 
-20 1.28 -1.42 
-20 1.28 -1.42 
-20 1.28 -1.42 
-20 1.28 -1.42 
-20 1.28 -1.42 
-20 1.28 -1.42 
-20 1.28 -1.42 
-20 1.28 -1.42 
-20 1.28 -1.42 
-20 1.28 -1.42 
-20 1.28 -1.42 
-20 1.28 -1.42 
-20 1.28 -1.42 
-20 1.28 -1.42 
-20 1.28 -1.42 
-20 1.28 -1.42 
-20 1.28 -1.42 
-20 1.28 -1.42 
-20 1.28 -1.42 
-20 1.28 -1.42 
-20 1.28 -1.42 
-20 1.28 -1.42 
-20 1.28 -1.42 
-20 1.28 -1.42 
-20 1.28 -1.42 
-20 1.28 -1.42 
-20 1.28 -1.42 
-20 1.28 -1.42 
-20 1.28 -1.42 
-20 1.28 -1.42 
-20 1.28 -1.42 
-20 1.28 -1.42 
-20 1.28 -1.42 
-20 1.28 -1.42 
-20 1.28 -1.42 
-20 1.28 -1.42 
-20 1.28 -1.42 
-20 1.28 -1.42 
-20 1.28 -1.42 
-20 1.28 -1.42 
-20 1.28 -1.42 
-20 1.28 -1.42 
-20 1.28 -1.42 
-20 1.28 -1.42 
-20 1.28 -1.42 
-20 1.28 -1.42 
-20 1.28 -1.42 
-20 1.28 -1.42 
-20 1.28 -1.42 
-20 1.28 -1.42 
-20 1.28 -1.42 
-20 1.28 -1.42 
-20 1.28 -1.42 
-20 1.28 -1.42 
-20 1.28 -1.42 
-20 1.28 -1.42 
-20 1.28 -1.42 
-20 1.28 -1.42 
-20 1.28 -1.42 
-20 1.28 -1.42 
-20 1.28 -1.42 
-20 1.28 -1.42 
-20 1.28 -1.42 
-20 1.28 -1.42 
-20 1.28 -1.42 
-20 1.28 -1.42 
-20 1.28 -1.42 
-20 1.28 -1.42 
-20 1.28 -1.42 
-20 1.28 -1.42 
-20 1.28 -1.42 
-20 1.28 -1.42 
-20 1.28 -1.42 
-20 1.28 -1.42 
-20 1.28 -1.42 
-20 1.28 -1.42 
-20 1.28 -1.42 
-20 1.28 -1.42 
-20 1.28 -1.42 
-20 1.28 -1.42 
-20 1.28 -1.42 
-20 1.28 -1.42 
-20 1.28 -1.42 
-20 1.28 -1.42 
-20 1.28 -1.42 
-20 1.28 -1.42 
-20 1.28 -1.42 
-20 1.28 -1.42 
-20 1.28 -1.42 
-20 1.28 -1.42 
-20 1.28 -1.42 
-20 1.28 -1.42 
-20 1.28 -1.42 
-20 1.28 -1.42 
-20 1.28 -1.42 
-20 1.28 -1.42 
-20 1.28 -1.42 
-20 1.28 -1.42 
-20 1.28 -1.42 
-20 1.28 -1.42 
-20 1.28 -1.42 
-20 1.28 -1.42 
-20 1.28 -1.42 
-20 1.28 -1.42 
-20 1.28 -1.42 
-20 1.28 -1.42 
-20 1.28 -1.42 
-20 1.28 -1.42 
-20 1.28 -1.42 
-20 1.28 -1.42 
-20 1.28 -1.42 
-20 1.28 -1.42 
-20 1.28 -1.42 
-20 1.28 -1.42 
-20 1.28 -1.42 
-20 1.28 -1.42 
-20 1.28 -1.42 
-20 1.28 -1.42 
-20 1.28 -1.42 
-20 1.28 -1.42 
-20 1.28 -1.42 
-20 1.28 -1.42 
-20 1.28 -1.42 
-20 1.28 -1.42 
-20 1.28 -1.42 
-20 1.28 -1.42 
-20 1.28 -1.42 
-20 1.28 -1.42 
-20 1.28 -1.42 
-20 1.28 -1.42 
-20 1.28 -1.42 
-20 1.28 -1.42 
-20 1.28 -1.42 
-20 1.28 -1.42 
-20 1.28 -1.42 
-20 1.28 -1.42 
-20 1.28 -1.42 
-20 1.28 -1.42 
-20 1.28 -1.42 
-20 1.28 -1.42 
-20 1.28 -1.42 
-20 1.28 -1.42 
-20 1.28 -1.42 
-20 1.28 -1.42 
-20 1.28 -1.42 
-20 1.28 -1.42 
-20 1.28 -1.42 
-20 1.28 -1.42 
-20 1.28 -1.42 
-20 1.28 -1.42 
-20 1.28 -1.42 
-20 1.28 -1.42 
-20 1.28 -1.42 
-20 1.28 -1.42 
-20 1.28 -1.42 
-20 1.28 -1.42 
-20 1.28 -1.42 
-20 1.28 -1.42 
-20 1.28 -1.42 
-20 1.28 -1.42 
-20 1.28 -1.42 
-20 1.28 -1.42 
-20 1.28 -1.42 
-20 1.28 -1.42 
-20 1.28 -1.42 
-20 1.28 -1.42 
-20 1.28 -1.42 
-20 1.28 -1.42 
-20 1.28 -1.42 
-20 1.28 -1.42 
-20 1.28 -1.42 
-20 1.28 -1.42 
-20 1.28 -1.42 
-20 1.28 -1.42 
-20 1.28 -1.42 
-20 1.28 -1.42 
-20 1.28 -1.42 
-20 1.28 -1.42 
-20 1.28 -1.42 
-20 1.28 -1.42 
-20 1.28 -1.42 
-20 1.28 -1.42 
-20 1.28 -1.42 
-20 1.28 -1.42 
-20 1.28 -1.42 
-20 1.28 -1.42 
-20 1.28 -1.42 
-20 1.28 -1.42 
-20 1.28 -1.42 
-20 1.28 -1.42 
-20 1.28 -1.42 
-20 1.28 -1.42 
-20 1.28 -1.42 
-20 1.28 -1.42 
-20 1.28 -1.42 
-20 1.28 -1.42 
-20 1.28 -1.42 
-20 1.28 -1.42 
-20 1.28 -1.42 
-20 1.28 -1.42 
-20 1.28 -1.42 
-20 1.28 -1.42 
-20 1.28 -1.42 
-20 1.28 -1.42 
-20 1.28 -1.42 
-20 1.28 -1.42 
-20 1.28 -1.42 
-20 1.28 -1.42 
-20 1.28 -1.42 
-20 1.28 -1.42 
-20 1.28 -1.42 
-20 1.28 -1.42 
-20 1.28 -1.42 
-20 1.28 -1.42 
-20 1.28 -1.42 
-20 1.28 -1.42 
-20 1.28 -1.42 
-20 1.28 -1.42 
-20 1.28 -1.42 
-20 1.28 -1.42 
-20 1.28 -1.42 
-20 1.28 -1.42 
-20 1.28 -1.42 
-20 1.28 -1.42 
-20 1.28 -1.42 
-20 1.28 -1.42 
-20 1.28 -1.42 
-20 1.28 -1.42 
-20 1.28 -1.42 
-20 1.28 -1.42 
-20 1.28 -1.42 
-20 1.28 -1.42 
-20 1.28 -1.42 
-20 1.28 -1.42 
-20 1.28 -1.42 
-20 1.28 -1.42 
-20 1.28 -1.42 
-20 1.28 -1.42 
-20 1.28 -1.42 
-20 1.28 -1.42 
-20 1.28 -1.42 
-20 1.28 -1.42 
-20 1.28 -1.42 
-20 1.28 -1.42 
-20 1.28 -1.42 
-20 1.28 -1.42 
-20 1.28 -1.42 
-20 1.28 -1.42 
-20 1.28 -1.42 
-20 1.28 -1.42 
-20 1.28 -1.42 
-20 1.28 -1.42 
-20 1.28 -1.42 
-20 1.28 -1.42 
-20 1.28 -1.42 
-20 1.28 -1.42 
-20 1.28 -1.42 
-20 1.28 -1.42 
-20 1.28 -1.42 
-20 1.28 -1.42 
-20 1.28 -1.42 
-20 1.28 -1.42 
-20 1.28 -1.42 
-20 1.28 -1.42 
-20 1.28 -1.42 
-20 1.28 -1.42 
-20 1.28 -1.42 
-20 1.28 -1.42 
-20 1.28 -1.42 
-20 1.28 -1.42 
-20 1.28 -1.42 
-20 1.28 -1.42 
-20 1.28 -1.42 
-20 1.28 -1.42 
-20 1.28 -1.42 
-20 1.28 -1.42 
-20 1.28 -1.42 
-20 1.28 -1.42 
-20 1.28 -1.42 
-20 1.28 -1.42 
-20 1.28 -1.42 
-20 1.28 -1.42 
-20 1.28 -1.42 
-20 1.28 -1.42 
-20 1.28 -1.42 
-20 1.28 -1.42 
-20 1.28 -1.42 
-20 1.28 -1.42 
-20 1.28 -1.42 
-20 1.28 -1.42 
-20 1.28 -1.42 
-20 1.28 -1.42 
-20 1.28 -1.42 
-20 1.28 -1.42 
-20 1.28 -1.42 
-20 1.28 -1.42 
-20 1.28 -1.42 
-20 1.28 -1.42 
-20 1.28 -1.42 
-20 1.28 -1.42 
-20 1.28 -1.42 
-20 1.28 -1.42 
-20 1.28 -1.42 
-20 1.28 -1.42 
-20 1.28 -1.42 
-20 1.28 -1.42 
-20 1.28 -1.42 
-20 1.28 -1.42 
-20 1.28 -1.42 
-20 1.28 -1.42 
-20 1.28 -1.42 
-20 1.28 -1.42 
-20 1.28 -1.42 
-20 1.28 -1.42 
-20 1.28 -1.42 
-20 1.28 -1.42 
-20 1.28 -1.42 
-20 1.28 -1.42 
-20 1.28 -1.42 
-20 1.28 -1.42 
-20 1.28 -1.42 
-20 1.28 -1.42 
-20 1.28 -1.42 
-20 1.28 -1.42 
-20 1.28 -1.42 
-20 1.28 -1.42 
-20 1.28 -1.42 
-20 1.28 -1.42 
-20 1.28 -1.42 
-20 1.28 -1.42 
-20 1.28 -1.42 
-20 1.28 -1.42 
-20 1.28 -1.42 
-20 1.28 -1.42 
-20 1.28 -1.42 
-20 1.28 -1.42 
-20 1.28 -1.42 
-20 1.28 -1.42 
-20 1.28 -1.42 
-20 1.28 -1.42 
-20 1.28 -1.42 
-20 1.28 -1.42 
-20 1.28 -1.42 
-20 1.28 -1.42 
-20 1.28 -1.42 
-20 1.28 -1.42 
-20 1.28 -1.42 
-20 1.28 -1.42 
-20 1.28 -1.42 
-20 1.28 -1.42 
-20 1.28 -1.42 
-20 1.28 -1.42 
-20 1.28 -1.42 
-20 1.28 -1.42 
-20 1.28 -1.42 
-20 1.28 -1.42 
-20 1.28 -1.42 
-20 1.28 -1.42 
-20 1.28 -1.42 
-20 1.28 -1.42 
-20 1.28 -1.42 
-20 1.28 -1.42 
-20 1.28 -1.42 
-20 1.28 -1.42 
-20 1.28 -1.42 
-20 1.28 -1.42 
-20 1.28 -1.42 
-20 1.28 -1.42 
-20 1.28 -1.42 
-20 1.28 -1.42 
-20 1.28 -1.42 
-20 1.28 -1.42 
-20 1.28 -1.42 
-20 1.28 -1.42 
-20 1.28 -1.42 
-20 1.28 -1.42 
-20 1.28 -1.42 
-20 1.28 -1.42 
-20 1.28 -1.42 
-20 1.28 -1.42 
-20 1.28 -1.42 
-20 1.28 -1.42 
-20 1.28 -1.42 
-20 1.28 -1.42 
-20 1.28 -1.42 
-20 1.28 -1.42 
-20 1.28 -1.42 
-20 1.28 -1.42 
-20 1.28 -1.42 
-20 1.28 -1.42 
-20 1.28 -1.42 
-20 1.28 -1.42 
-20 1.28 -1.42 
-20 1.28 -1.42 
-20 1.28 -1.42 
-20 1.28 -1.42 
-20 1.28 -1.42 
-20 1.28 -1.42 
-20 1.28 -1.42 
-20 1.28 -1.42 
-20 1.28 -1.42 
-20 1.28 -1.42 
-20 1.28 -1.42 
-20 1.28 -1.42 
-20 1.28 -1.42 
-20 1.28 -1.42 
-20 1.28 -1.42 
-20 1.28 -1.42 
-20 1.28 -1.42 
-20 1.28 -1.42 
-20 1.28 -1.42 
-20 1.28 -1.42 
-20 1.28 -1.42 
-20 1.28 -1.42 
-20 1.28 -1.42 
-20 1.28 -1.42 
-20 1.28 -1.42 
-20 1.28 -1.42 
-20 1.28 -1.42 
-20 1.28 -1.42 
-20 1.28 -1.42 
-20 1.28 -1.42 
-20 1.28 -1.42 
-20 1.28 -1.42 
-20 1.28 -1.42 
-20 1.28 -1.42 
-20 1.28 -1.42 
-20 1.28 -1.42 
-20 1.28 -1.42 
-20 1.28 -1.42 
-20 1.28 -1.42 
-20 1.28 -1.42 
-20 1.28 -1.42 
-20 1.28 -1.42 
-20 1.28 -1.42 
-20 1.28 -1.42 
-20 1.28 -1.42 
-20 1.28 -1.42 
-20 1.28 -1.42 
-20 1.28 -1.42 
-20 1.28 -1.42 
-20 1.28 -1.42 
-20 1.28 -1.42 
