74.4 0.0557 -0.275 
74.3 -0.0329 -0.292 
74.4 -0.00805 -0.249 
74.4 -0.00191 -0.256 
74.4 0.013 -0.245 
74.4 0.038 -0.201 
74.4 0.0673 -0.163 
74.4 0.123 -0.128 
74.4 0.118 -0.0907 
74.4 0.179 -0.0674 
74.4 0.212 -0.0467 
74.4 0.233 -0.0195 
74.5 0.291 0.00442 
74.5 0.272 0.0398 
74.5 0.196 0.0807 
74.5 0.379 0.0919 
74.4 0.439 0.0905 
74.4 0.502 0.0863 
74.4 0.607 0.0711 
74.3 0.701 0.0676 
74.3 0.729 0.0701 
74.3 0.704 0.0479 
74.3 0.637 0.0528 
74.2 0.634 0.0415 
74.2 0.636 0.0493 
74.2 0.627 0.0488 
74.2 0.603 0.0514 
74.2 0.631 0.044 
74.2 0.614 0.0432 
74.2 0.581 0.0446 
74.2 0.614 0.0443 
74.2 0.613 0.0479 
74.2 0.568 0.0556 
74.2 0.627 0.0517 
74.2 0.62 0.0475 
74.2 0.611 0.051 
74.2 0.608 0.0528 
74.2 0.604 0.0541 
74.2 0.6 0.0547 
74.3 0.619 0.0647 
74.3 0.639 0.063 
74.3 0.675 0.072 
74.3 0.663 0.0707 
74.3 0.656 0.0778 
74.3 0.67 0.0802 
74.3 0.685 0.0873 
74.3 0.723 0.0772 
74.3 0.738 0.0718 
74.3 0.729 0.0613 
74.3 0.689 0.0566 
74.3 0.691 0.0442 
74.3 0.659 0.0391 
74.3 0.644 0.0328 
74.4 0.613 0.0344 
74.3 0.613 0.0307 
74.3 0.583 0.0233 
74.3 0.592 0.0231 
74.3 0.552 0.0234 
74.3 0.553 0.0185 
74.3 0.547 0.0178 
74.3 0.542 0.0173 
74.3 0.481 0.00151 
74.3 0.486 -0.00297 
74.3 0.487 -0.00815 
74.3 0.507 -0.0126 
74.3 0.465 -0.0758 
74.2 0.492 -0.0296 
74.2 0.506 -0.03 
74.2 0.504 -0.0301 
74.2 0.479 -0.0436 
74.2 0.497 -0.0406 
74.2 0.522 -0.0382 
74.2 0.519 -0.0457 
74.2 0.517 -0.0459 
74.2 0.543 -0.0475 
74.2 0.536 -0.0475 
74.2 0.536 -0.0487 
74.2 0.548 -0.05 
74.2 0.535 -0.0549 
74.2 0.527 -0.0614 
74.2 0.544 -0.0667 
74.2 0.553 -0.0694 
74.2 0.548 -0.0714 
74.2 0.538 -0.0737 
74.2 0.544 -0.0683 
74.2 0.521 -0.0621 
74.2 0.526 -0.0617 
74.2 0.533 -0.0589 
74.2 0.511 -0.0504 
74.2 0.517 -0.0519 
74.2 0.496 -0.0455 
74.2 0.481 -0.0461 
74.2 0.489 -0.0434 
74.2 0.459 -0.0396 
74.2 0.458 -0.0394 
74.2 0.457 -0.0352 
74.3 0.448 -0.0262 
74.3 0.499 -0.0299 
74.3 0.466 -0.0214 
74.3 0.468 -0.0206 
74.3 0.486 -0.02 
74.3 0.486 -0.0171 
74.3 0.479 -0.0123 
74.3 0.486 -0.0112 
74.3 0.464 -0.00493 
74.4 0.47 -0.00344 
74.4 0.462 -0.00015 
74.3 0.468 -0.00482 
74.3 0.455 -0.0105 
74.3 0.438 -0.0151 
74.3 0.435 -0.0211 
74.3 0.43 -0.0226 
74.3 0.44 -0.0288 
74.3 0.42 -0.0337 
74.3 0.417 -0.0359 
74.3 0.416 -0.0387 
74.3 0.432 -0.0425 
74.3 0.456 -0.046 
74.3 0.48 -0.046 
74.3 0.506 -0.0418 
74.3 0.52 -0.0353 
74.3 0.523 -0.0301 
74.3 0.554 -0.0243 
74.3 0.558 -0.0249 
74.3 0.58 -0.0196 
74.3 0.573 -0.0223 
74.3 0.573 -0.0255 
74.3 0.579 -0.0224 
74.3 0.583 -0.0236 
74.3 0.561 -0.0215 
74.3 0.572 -0.0231 
74.3 0.572 -0.0219 
74.3 0.569 -0.0214 
74.3 0.576 -0.0217 
74.3 0.57 -0.0211 
74.3 0.572 -0.0193 
74.3 0.569 -0.0179 
74.3 0.569 -0.0179 
74.3 0.572 -0.018 
74.3 0.562 -0.0174 
74.4 0.587 -0.0198 
74.4 0.591 -0.0179 
74.4 0.59 -0.018 
74.4 0.588 -0.0165 
74.4 0.584 -0.0156 
74.4 0.587 -0.0154 
74.4 0.584 -0.0162 
74.4 0.583 -0.0164 
74.4 0.583 -0.0162 
74.4 0.581 -0.0182 
74.4 0.583 -0.0182 
74.4 0.598 -0.0223 
74.4 0.596 -0.0247 
74.4 0.595 -0.0238 
74.4 0.595 -0.0256 
74.4 0.598 -0.0252 
74.4 0.577 -0.0253 
74.4 0.57 -0.0268 
74.5 0.55 -0.0257 
74.5 0.554 -0.0269 
74.5 0.556 -0.0272 
74.5 0.553 -0.0288 
74.6 0.558 -0.0311 
74.6 0.555 -0.0316 
74.6 0.555 -0.0352 
74.6 0.557 -0.0357 
74.6 0.557 -0.0397 
74.6 0.556 -0.0388 
74.6 0.556 -0.0422 
74.6 0.558 -0.0413 
74.6 0.558 -0.0402 
74.6 0.558 -0.039 
74.6 0.558 -0.0384 
74.6 0.558 -0.038 
74.6 0.552 -0.0361 
74.7 0.55 -0.0357 
74.7 0.551 -0.0349 
74.7 0.535 -0.0332 
74.7 0.547 -0.0328 
74.7 0.549 -0.032 
74.7 0.548 -0.0316 
74.7 0.563 -0.0323 
74.7 0.557 -0.0315 
74.7 0.573 -0.0349 
74.7 0.551 -0.0349 
74.7 0.55 -0.0346 
74.8 0.55 -0.0357 
74.8 0.548 -0.0373 
74.8 0.542 -0.0397 
74.8 0.549 -0.0424 
74.8 0.542 -0.0433 
74.8 0.533 -0.0418 
74.8 0.536 -0.0436 
74.8 0.534 -0.0437 
74.8 0.536 -0.0513 
74.8 0.535 -0.059 
74.8 0.532 -0.064 
74.8 0.529 -0.067 
74.8 0.55 -0.0665 
74.8 0.526 -0.0682 
74.8 0.498 -0.0664 
74.8 0.496 -0.0663 
74.8 0.481 -0.0663 
74.8 0.473 -0.0683 
74.8 0.469 -0.0678 
74.8 0.467 -0.0673 
74.8 0.462 -0.0656 
74.8 0.464 -0.0653 
74.8 0.434 -0.0607 
74.8 0.411 -0.0528 
74.8 0.397 -0.0546 
74.8 0.399 -0.0545 
74.9 0.4 -0.0541 
74.9 0.398 -0.0535 
74.9 0.396 -0.0532 
74.9 0.397 -0.0523 
74.9 0.394 -0.0517 
74.9 0.397 -0.0515 
74.9 0.397 -0.0513 
74.9 0.398 -0.0519 
74.9 0.404 -0.0507 
74.9 0.405 -0.0498 
74.9 0.409 -0.0475 
74.9 0.41 -0.0468 
74.9 0.417 -0.0436 
74.9 0.418 -0.0442 
74.9 0.419 -0.0433 
74.9 0.426 -0.0405 
74.9 0.426 -0.0402 
74.9 0.428 -0.0395 
74.9 0.425 -0.039 
74.9 0.425 -0.0381 
74.9 0.426 -0.0364 
74.9 0.429 -0.0362 
74.9 0.428 -0.0368 
74.9 0.429 -0.0371 
74.9 0.428 -0.038 
74.9 0.428 -0.0394 
74.9 0.429 -0.0394 
74.9 0.423 -0.0402 
74.9 0.425 -0.0399 
74.9 0.427 -0.0405 
74.9 0.43 -0.0404 
74.9 0.428 -0.0406 
74.9 0.427 -0.0424 
74.9 0.422 -0.0418 
74.9 0.419 -0.0414 
74.9 0.419 -0.0413 
74.9 0.418 -0.0421 
74.9 0.416 -0.0432 
74.9 0.41 -0.0437 
74.9 0.398 -0.0441 
74.9 0.39 -0.0441 
74.9 0.368 -0.0438 
74.9 0.361 -0.0432 
74.9 0.351 -0.0425 
74.9 0.344 -0.0416 
74.9 0.322 -0.04 
74.9 0.299 -0.0359 
74.9 0.283 -0.0324 
74.9 0.268 -0.0278 
74.9 0.253 -0.0234 
74.9 0.245 -0.0194 
74.9 0.239 -0.0144 
74.8 0.233 -0.00871 
74.8 0.223 -0.00488 
74.8 0.225 -0.00376 
74.8 0.22 -0.000663 
74.8 0.221 0.00068 
74.8 0.22 0.00478 
74.8 0.223 0.00575 
74.8 0.223 0.00682 
74.8 0.224 0.0115 
74.8 0.216 0.0126 
74.8 0.211 0.0176 
74.8 0.212 0.0178 
74.8 0.207 0.023 
74.8 0.206 0.0234 
74.8 0.203 0.0312 
74.8 0.205 0.0312 
74.8 0.204 0.0391 
74.8 0.202 0.0469 
74.8 0.201 0.053 
74.8 0.198 0.0585 
74.8 0.198 0.0645 
74.8 0.203 0.0711 
74.8 0.206 0.0782 
74.8 0.209 0.0841 
74.8 0.209 0.0905 
74.8 0.213 0.0968 
74.8 0.21 0.104 
74.8 0.212 0.114 
74.8 0.213 0.124 
74.8 0.215 0.135 
74.8 0.217 0.144 
74.8 0.218 0.152 
74.8 0.218 0.159 
74.8 0.216 0.168 
74.8 0.216 0.177 
74.8 0.216 0.183 
74.8 0.216 0.185 
74.8 0.223 0.187 
74.8 0.224 0.189 
74.8 0.224 0.193 
74.8 0.224 0.194 
74.8 0.225 0.198 
74.8 0.223 0.199 
74.8 0.224 0.202 
74.8 0.225 0.205 
74.8 0.225 0.21 
74.8 0.224 0.213 
74.8 0.225 0.214 
74.9 0.224 0.218 
74.9 0.224 0.224 
74.9 0.224 0.229 
74.9 0.223 0.235 
74.9 0.223 0.237 
74.9 0.224 0.245 
74.9 0.224 0.244 
74.9 0.223 0.252 
74.9 0.223 0.253 
74.9 0.221 0.261 
74.9 0.221 0.262 
74.9 0.218 0.268 
74.9 0.216 0.27 
75 0.213 0.28 
75 0.21 0.286 
75 0.207 0.292 
75 0.236 0.29 
75 0.202 0.295 
75 0.217 0.299 
75.1 0.193 0.305 
75.1 0.19 0.309 
75.1 0.206 0.309 
75.1 0.187 0.309 
75.1 0.185 0.311 
75.1 0.183 0.31 
75.1 0.178 0.31 
75.1 0.177 0.309 
75.1 0.173 0.309 
75.1 0.172 0.307 
75.1 0.167 0.304 
75.1 0.167 0.304 
75.1 0.163 0.3 
75.1 0.163 0.301 
75.2 0.16 0.3 
75.1 0.16 0.299 
75.2 0.156 0.296 
75.2 0.157 0.296 
75.1 0.155 0.292 
75.1 0.157 0.293 
75.1 0.155 0.289 
75.2 0.153 0.289 
75.2 0.151 0.287 
75.2 0.151 0.287 
75.2 0.147 0.285 
75.2 0.144 0.285 
75.2 0.145 0.285 
75.2 0.142 0.285 
75.2 0.14 0.285 
75.2 0.137 0.287 
75.2 0.135 0.288 
75.2 0.133 0.289 
75.2 0.131 0.29 
75.2 0.131 0.291 
75.2 0.132 0.291 
75.2 0.134 0.291 
75.2 0.137 0.288 
75.2 0.14 0.288 
75.2 0.14 0.287 
75.2 0.14 0.286 
75.2 0.142 0.286 
75.2 0.142 0.286 
75.2 0.142 0.285 
75.2 0.138 0.285 
75.2 0.135 0.286 
75.2 0.132 0.286 
75.2 0.13 0.286 
75.2 0.127 0.288 
75.2 0.122 0.291 
75.2 0.118 0.293 
75.2 0.118 0.292 
75.2 0.117 0.293 
75.2 0.117 0.294 
75.2 0.119 0.294 
75.2 0.122 0.293 
75.2 0.124 0.293 
75.2 0.126 0.292 
75.2 0.125 0.292 
75.2 0.125 0.291 
75.2 0.124 0.291 
75.2 0.124 0.289 
75.2 0.123 0.289 
75.2 0.122 0.287 
75.2 0.12 0.286 
75.3 0.118 0.285 
75.3 0.119 0.285 
75.3 0.117 0.283 
75.3 0.115 0.282 
75.3 0.114 0.281 
75.3 0.115 0.279 
75.3 0.115 0.277 
75.3 0.116 0.275 
75.3 0.116 0.271 
75.3 0.116 0.27 
75.3 0.115 0.271 
75.3 0.114 0.27 
75.3 0.114 0.272 
75.3 0.113 0.273 
75.3 0.112 0.274 
75.3 0.11 0.277 
75.3 0.11 0.278 
75.3 0.109 0.281 
75.3 0.107 0.284 
75.3 0.105 0.288 
75.3 0.103 0.29 
75.3 0.101 0.293 
75.3 0.099 0.295 
75.3 0.0989 0.295 
75.3 0.0971 0.298 
75.3 0.0964 0.298 
75.3 0.0954 0.298 
75.3 0.0937 0.301 
75.3 0.0938 0.301 
75.3 0.093 0.301 
75.3 0.0911 0.302 
75.3 0.0907 0.301 
75.3 0.0895 0.301 
75.3 0.0884 0.301 
75.3 0.0874 0.301 
75.3 0.0846 0.301 
75.3 0.0843 0.302 
75.3 0.0838 0.302 
75.3 0.083 0.302 
75.3 0.0811 0.302 
75.4 0.0806 0.302 
75.4 0.0795 0.303 
75.4 0.0784 0.303 
75.4 0.0773 0.303 
75.4 0.0752 0.303 
75.4 0.0747 0.304 
75.4 0.0733 0.304 
75.4 0.0717 0.303 
75.4 0.0698 0.303 
75.4 0.0693 0.303 
75.4 0.0686 0.303 
75.4 0.0653 0.302 
75.4 0.0667 0.303 
75.4 0.0659 0.303 
75.4 0.0659 0.304 
75.4 0.0649 0.304 
75.4 0.065 0.304 
75.4 0.0654 0.305 
75.4 0.0651 0.305 
75.4 0.0652 0.307 
75.4 0.0651 0.307 
75.4 0.0656 0.307 
75.4 0.0646 0.305 
75.4 0.0634 0.305 
75.4 0.0628 0.305 
75.4 0.0621 0.305 
75.4 0.0611 0.305 
75.4 0.0603 0.305 
75.4 0.0602 0.304 
75.4 0.0607 0.303 
75.4 0.0611 0.302 
75.4 0.0599 0.302 
75.4 0.0582 0.304 
75.4 0.0573 0.303 
75.4 0.0557 0.303 
75.4 0.0552 0.302 
75.4 0.0533 0.301 
75.4 0.052 0.299 
75.4 0.0514 0.3 
75.4 0.0485 0.3 
75.4 0.0465 0.299 
75.4 0.0456 0.298 
75.4 0.0442 0.297 
75.4 0.0402 0.295 
75.3 0.0401 0.289 
75.3 0.0366 0.278 
75.3 0.0363 0.278 
75.3 0.0309 0.28 
75.3 0.0316 0.284 
75.3 0.0267 0.29 
75.4 0.0365 0.294 
75.3 0.0358 0.293 
75.3 0.0352 0.293 
75.3 0.0332 0.294 
75.3 0.0311 0.294 
75.3 0.0294 0.294 
75.3 0.0284 0.294 
75.3 0.0284 0.294 
75.3 0.0281 0.294 
75.3 0.0289 0.292 
75.3 0.028 0.294 
75.3 0.026 0.295 
75.3 0.0285 0.294 
75.3 0.0291 0.295 
75.3 0.0289 0.295 
75.3 0.0276 0.295 
75.3 0.0275 0.295 
75.3 0.0276 0.294 
75.3 0.0281 0.294 
75.3 0.0287 0.294 
75.3 0.0289 0.294 
75.3 0.0304 0.293 
75.3 0.0291 0.293 
75.3 0.0286 0.293 
75.3 0.0273 0.293 
75.3 0.0263 0.293 
75.3 0.0264 0.293 
75.3 0.0263 0.292 
75.3 0.0261 0.291 
75.3 0.026 0.289 
75.3 0.0253 0.289 
75.3 0.0235 0.289 
75.3 0.023 0.29 
75.3 0.0215 0.289 
75.3 0.0197 0.29 
75.3 0.0178 0.29 
75.3 0.0161 0.288 
75.3 0.0143 0.287 
75.3 0.0126 0.286 
75.3 0.0119 0.284 
75.3 0.0106 0.28 
75.3 0.00799 0.28 
75.3 0.00632 0.281 
75.2 0.00726 0.275 
75.2 0.00762 0.273 
75.2 0.00617 0.272 
75.2 0.00677 0.27 
75.2 0.00678 0.269 
75.2 0.00682 0.267 
75.2 0.00554 0.268 
75.2 0.00388 0.268 
75.2 0.00326 0.268 
75.2 0.00187 0.268 
75.2 0.000802 0.268 
75.2 -0.000766 0.268 
75.2 -0.00186 0.269 
75.2 -0.00225 0.27 
75.2 -0.00213 0.27 
75.1 -0.00221 0.269 
75.1 -0.00326 0.269 
75.1 -0.0042 0.268 
75.2 -0.00442 0.268 
75.2 -0.00963 0.27 
75.2 -0.00631 0.266 
75.2 -0.00775 0.264 
75.2 -0.00819 0.265 
75.2 -0.00785 0.263 
75.2 -0.00721 0.262 
75.2 -0.0063 0.261 
75.2 -0.00668 0.261 
75.2 -0.00651 0.261 
75.2 -0.00766 0.262 
75.2 -0.00724 0.261 
75.2 -0.00783 0.261 
75.2 -0.0078 0.26 
75.2 -0.00769 0.26 
75.2 -0.00713 0.258 
75.2 -0.00638 0.258 
75.2 -0.00601 0.257 
75.2 -0.00696 0.258 
75.2 -0.00795 0.258 
75.2 -0.00882 0.258 
75.2 -0.0103 0.258 
75.2 -0.0103 0.257 
75.2 -0.0105 0.257 
75.2 -0.0112 0.256 
75.2 -0.0119 0.257 
75.2 -0.0123 0.257 
75.2 -0.0133 0.258 
75.2 -0.0133 0.258 
75.2 -0.0138 0.257 
75.2 -0.0146 0.258 
75.2 -0.0163 0.258 
75.2 -0.0166 0.259 
75.2 -0.0183 0.258 
75.2 -0.0184 0.258 
75.2 -0.0205 0.258 
75.2 -0.021 0.258 
75.2 -0.0224 0.258 
75.2 -0.023 0.258 
75.2 -0.0259 0.257 
75.2 -0.0258 0.257 
75.3 -0.00491 0.226 
75.3 -0.00797 0.227 
75.3 -0.00928 0.226 
75.2 -0.0286 0.252 
75.2 -0.0287 0.253 
75.3 -0.0166 0.223 
75.2 -0.0309 0.252 
75.3 -0.0324 0.225 
75.3 -0.0303 0.225 
75.3 -0.0335 0.223 
75.3 -0.0392 0.224 
75.3 -0.0311 0.251 
75.3 -0.0305 0.25 
75.3 -0.0319 0.249 
75.3 -0.032 0.249 
75.3 -0.0328 0.248 
75.3 -0.0329 0.248 
75.3 -0.0336 0.246 
75.3 -0.0345 0.244 
75.3 -0.0347 0.244 
75.3 -0.035 0.242 
75.3 -0.0366 0.242 
75.3 -0.0367 0.241 
75.3 -0.0367 0.241 
75.3 -0.0374 0.24 
75.3 -0.0371 0.24 
75.3 -0.0373 0.24 
75.3 -0.0384 0.24 
75.3 -0.0387 0.24 
75.3 -0.0393 0.24 
75.3 -0.0402 0.239 
75.3 -0.0399 0.239 
75.3 -0.04 0.238 
75.3 -0.0404 0.238 
75.3 -0.041 0.238 
75.3 -0.0414 0.237 
75.3 -0.04 0.238 
75.3 -0.0398 0.238 
75.3 -0.0428 0.238 
75.3 -0.0411 0.239 
75.3 -0.0407 0.239 
75.3 -0.0408 0.24 
75.3 -0.0405 0.24 
75.3 -0.0402 0.24 
75.3 -0.0396 0.24 
75.3 -0.0398 0.241 
75.3 -0.0405 0.241 
75.3 -0.0409 0.241 
75.3 -0.037 0.242 
75.3 -0.0349 0.243 
75.3 -0.032 0.244 
75.3 -0.0319 0.244 
75.3 -0.0319 0.244 
75.3 -0.0318 0.244 
75.3 -0.0319 0.244 
75.3 -0.0317 0.244 
75.3 -0.0311 0.243 
75.3 -0.0313 0.243 
75.3 -0.0309 0.243 
75.3 -0.0308 0.243 
75.3 -0.0307 0.243 
75.3 -0.0304 0.242 
75.3 -0.0302 0.242 
75.3 -0.0301 0.242 
75.3 -0.0302 0.241 
75.3 -0.0299 0.241 
75.4 -0.0299 0.241 
75.4 -0.0298 0.241 
75.4 -0.0298 0.241 
75.4 -0.0293 0.241 
75.4 -0.0292 0.241 
75.4 -0.029 0.24 
75.4 -0.0293 0.24 
75.4 -0.0293 0.24 
75.4 -0.0293 0.24 
75.4 -0.0296 0.24 
75.4 -0.0301 0.24 
75.4 -0.03 0.24 
75.4 -0.0304 0.241 
75.4 -0.0317 0.241 
75.4 -0.0315 0.241 
75.4 -0.0326 0.241 
75.4 -0.0323 0.241 
75.4 -0.0331 0.241 
75.4 -0.0337 0.242 
75.4 -0.0335 0.242 
75.5 -0.0339 0.242 
75.4 -0.0338 0.242 
75.5 -0.0337 0.242 
75.5 -0.0336 0.243 
75.5 -0.0331 0.242 
75.5 -0.0319 0.243 
75.5 -0.0307 0.243 
75.5 -0.0302 0.243 
75.5 -0.0297 0.243 
75.5 -0.0292 0.243 
75.5 -0.0292 0.243 
75.5 -0.0285 0.243 
75.5 -0.0285 0.243 
75.6 -0.0281 0.243 
75.6 -0.0281 0.242 
75.6 -0.0279 0.242 
75.6 -0.0277 0.242 
75.6 -0.0278 0.242 
75.6 -0.0273 0.242 
75.6 -0.0272 0.242 
75.6 -0.0267 0.242 
75.6 -0.0266 0.242 
75.6 -0.0268 0.242 
75.6 -0.0267 0.242 
75.6 -0.0265 0.242 
75.6 -0.0266 0.242 
75.6 -0.0266 0.242 
75.6 -0.0265 0.241 
75.6 -0.0268 0.241 
75.6 -0.0267 0.241 
75.6 -0.0268 0.241 
75.6 -0.0268 0.241 
75.6 -0.0285 0.244 
75.6 -0.0267 0.241 
75.6 -0.0267 0.242 
75.6 -0.0268 0.242 
75.6 -0.0268 0.241 
75.6 -0.0268 0.241 
75.6 -0.0151 0.189 
75.6 -0.0282 0.241 
75.6 -0.0258 0.239 
75.6 -0.0259 0.241 
75.6 -0.0257 0.241 
75.6 -0.0256 0.241 
75.6 -0.0255 0.24 
75.6 -0.0257 0.24 
75.6 -0.0255 0.24 
75.6 -0.0254 0.24 
75.6 -0.0244 0.239 
75.6 -0.0246 0.239 
75.6 -0.0247 0.239 
75.6 -0.0246 0.239 
75.6 -0.0239 0.239 
75.6 -0.0238 0.239 
75.6 -0.0239 0.239 
75.6 -0.0239 0.239 
75.6 -0.023 0.238 
75.6 -0.023 0.238 
75.6 -0.00281 0.183 
75.6 -0.0212 0.237 
75.6 -0.0235 0.239 
75.6 -0.0234 0.239 
75.6 -0.0233 0.239 
75.6 -0.0233 0.239 
75.6 -0.0213 0.235 
75.6 -0.0223 0.237 
75.6 -0.0231 0.238 
75.6 -0.0237 0.239 
75.6 -0.0238 0.239 
75.6 -0.0235 0.239 
75.7 -0.0236 0.239 
75.6 -0.0236 0.239 
75.7 -0.0236 0.239 
75.7 -0.0236 0.239 
75.7 -0.0248 0.241 
75.7 -0.0241 0.24 
75.7 -0.0245 0.24 
75.7 -0.0248 0.24 
75.7 -0.0244 0.24 
75.7 -0.0241 0.24 
75.7 -0.0248 0.241 
75.7 -0.0246 0.241 
75.7 -0.025 0.241 
75.7 -0.0256 0.242 
75.7 -0.0256 0.242 
75.7 -0.0254 0.242 
75.8 -0.0257 0.242 
75.8 -0.0256 0.242 
75.8 -0.0244 0.239 
75.8 -0.0243 0.239 
75.8 -0.0236 0.239 
75.8 -0.0244 0.24 
75.8 -0.0237 0.24 
75.8 -0.0248 0.242 
75.8 -0.0236 0.239 
75.8 -0.025 0.242 
75.8 -0.025 0.242 
75.8 -0.0252 0.242 
75.8 -0.0253 0.242 
75.9 -0.025 0.241 
75.9 -0.0252 0.241 
75.9 -0.0252 0.241 
75.9 -0.025 0.24 
75.9 -0.0252 0.24 
75.9 -0.0254 0.24 
75.9 -0.0251 0.24 
75.9 -0.0249 0.241 
75.9 -0.0244 0.242 
75.9 -0.0248 0.242 
75.9 -0.0256 0.243 
75.9 -0.0256 0.243 
75.9 -0.0264 0.243 
75.9 -0.0265 0.244 
75.9 -0.0267 0.245 
75.9 -0.0268 0.245 
75.9 -0.0276 0.246 
75.9 -0.0256 0.242 
75.9 -0.0256 0.242 
75.9 -0.0253 0.242 
75.9 -0.0254 0.243 
75.9 -0.0254 0.242 
75.9 -0.0255 0.244 
75.9 -0.0262 0.244 
75.9 -0.0267 0.244 
75.9 -0.0268 0.244 
75.9 -0.0269 0.244 
75.9 -0.0268 0.244 
75.9 -0.0268 0.244 
75.9 -0.0265 0.244 
75.9 -0.0266 0.244 
75.9 -0.0246 0.241 
76 -0.0253 0.242 
76 -0.0258 0.242 
76 -0.0259 0.242 
76 -0.025 0.24 
76 -0.025 0.24 
76 -0.0243 0.239 
76 -0.0244 0.239 
76 -0.0237 0.238 
76 -0.0241 0.239 
76 -0.0243 0.239 
76 -0.0247 0.239 
76 -0.0248 0.238 
76 -0.025 0.238 
76 -0.0252 0.238 
76 -0.0254 0.239 
76 -0.0248 0.239 
76 -0.0249 0.24 
76 -0.025 0.24 
76 -0.0249 0.24 
76 -0.0251 0.24 
76 -0.025 0.24 
76 -0.0241 0.24 
76 -0.0241 0.24 
76 -0.0243 0.24 
76 -0.0245 0.24 
76 -0.0246 0.24 
76 -0.0245 0.24 
76 -0.0234 0.237 
76 -0.0258 0.238 
76 -0.0245 0.239 
76 -0.0234 0.239 
76 -0.0234 0.239 
76 -0.0237 0.239 
76 -0.0238 0.239 
76 -0.024 0.24 
76 -0.0241 0.24 
76 -0.024 0.24 
76 -0.0244 0.241 
76 -0.0245 0.241 
76 -0.0244 0.241 
76.1 -0.0244 0.241 
76.1 -0.0251 0.243 
76.1 -0.0258 0.245 
76.1 -0.0256 0.245 
76.1 -0.0253 0.244 
76.1 -0.0248 0.242 
76 -0.0252 0.243 
76.1 -0.0231 0.242 
76.1 -0.0229 0.242 
76.1 -0.0225 0.241 
76.1 -0.022 0.241 
76.1 -0.0219 0.241 
76.1 -0.02 0.24 
76.1 -0.021 0.24 
76 -0.0208 0.24 
76.1 -0.0199 0.241 
76 -0.0212 0.241 
76 -0.0208 0.241 
76 -0.0207 0.243 
76 -0.0211 0.243 
76 -0.0193 0.242 
76 -0.0195 0.242 
76 -0.0188 0.242 
76 -0.0184 0.241 
76 -0.0185 0.242 
76 -0.0183 0.242 
76.1 -0.0175 0.243 
76.1 -0.0175 0.243 
76.1 -0.0164 0.243 
76.1 -0.0171 0.243 
76.1 -0.0161 0.243 
76.1 -0.0165 0.243 
76.1 -0.0157 0.244 
76.1 -0.0158 0.244 
76.1 -0.0149 0.244 
76.1 -0.0151 0.244 
76.1 -0.0154 0.244 
76.1 -0.0154 0.244 
76.1 -0.0156 0.244 
76.1 -0.0168 0.246 
76.1 -0.0159 0.246 
76.1 -0.0141 0.244 
76.1 -0.014 0.243 
76.2 -0.014 0.244 
76.2 -0.0128 0.245 
76.2 -0.0119 0.246 
76.2 -0.00945 0.245 
76.2 -0.00793 0.245 
76.2 -0.00777 0.249 
76.3 -0.00721 0.249 
76.3 -0.00602 0.251 
76.3 -0.00604 0.253 
76.3 -0.00466 0.255 
76.3 -0.00384 0.257 
76.3 -0.00327 0.257 
76.4 -0.00334 0.259 
76.4 -0.00592 0.264 
76.4 -0.00582 0.27 
76.4 -0.00572 0.275 
76.4 -0.00414 0.275 
76.5 -0.00439 0.278 
76.5 -0.00602 0.282 
76.5 -0.00718 0.285 
76.5 -0.00817 0.288 
76.5 -0.00824 0.289 
76.5 -0.009 0.289 
76.5 -0.00986 0.29 
76.5 -0.0103 0.291 
76.5 -0.0113 0.291 
76.6 -0.0102 0.293 
76.6 -0.0104 0.294 
76.6 -0.0102 0.294 
76.6 -9.22e-05 0.296 
76.4 -0.0116 0.293 
76.4 -0.0259 0.291 
76.4 -0.0261 0.293 
76.4 -0.0272 0.297 
76.4 -0.0209 0.296 
76.4 -0.00963 0.299 
76.4 -0.0266 0.297 
76.4 -0.0267 0.299 
76.4 -0.0266 0.299 
76.4 -0.025 0.298 
76.4 -0.0253 0.298 
76.5 -0.0236 0.298 
76.4 -0.0239 0.298 
76.5 -0.022 0.298 
76.5 -0.0202 0.299 
76.5 -0.0183 0.298 
76.5 -0.0165 0.298 
76.5 -0.0152 0.299 
76.5 -0.0139 0.299 
76.5 -0.0125 0.299 
76.5 -0.011 0.299 
76.6 0.0148 0.345 
76.5 -0.00788 0.298 
76.5 -0.00935 0.301 
76.5 -0.00939 0.301 
76.5 -0.00894 0.3 
76.5 -0.00967 0.301 
76.5 -0.00894 0.302 
76.5 -0.00901 0.302 
76.5 -0.00894 0.303 
76.5 -0.00904 0.302 
76.5 -0.00876 0.303 
76.5 -0.00817 0.303 
76.5 -0.00784 0.303 
76.5 -0.00777 0.302 
76.5 -0.00749 0.303 
76.5 -0.00696 0.303 
76.5 -0.00731 0.303 
76.5 -0.00731 0.303 
76.5 -0.00631 0.302 
76.5 -0.00583 0.302 
76.5 -0.00457 0.302 
76.5 -0.00444 0.302 
76.5 -0.00376 0.303 
76.5 -0.00401 0.304 
76.5 -0.0038 0.304 
76.5 -0.00281 0.303 
76.5 -0.00248 0.303 
76.5 -0.002 0.303 
76.5 -0.00198 0.303 
76.5 -0.00219 0.303 
76.5 -0.00263 0.303 
76.5 -0.00193 0.303 
76.5 -0.00158 0.303 
76.4 -0.00165 0.303 
76.4 -0.00216 0.303 
76.4 -0.00263 0.303 
76.5 0.0414 0.312 
76.4 -0.00222 0.3 
76.4 -0.00302 0.303 
76.5 -0.00324 0.305 
76.5 -0.00294 0.305 
76.5 -0.00327 0.306 
76.5 -0.00308 0.307 
76.5 -0.00294 0.307 
76.5 -0.00236 0.304 
76.5 -0.00255 0.304 
76.5 -0.00266 0.305 
76.5 -0.00313 0.305 
76.5 -0.00259 0.306 
76.5 -0.00246 0.305 
76.5 -0.00235 0.305 
76.4 0.0397 0.339 
76.5 0.000347 0.305 
76.5 -0.000422 0.307 
76.5 -0.000445 0.31 
76.5 0.000265 0.31 
76.5 0.00131 0.311 
76.5 0.00191 0.311 
76.6 0.00298 0.311 
76.6 0.00357 0.312 
76.6 0.0043 0.312 
76.6 0.00628 0.312 
76.6 0.00652 0.313 
76.6 0.00628 0.315 
76.6 0.00731 0.315 
76.6 0.00735 0.315 
76.6 0.00777 0.315 
76.6 0.00858 0.315 
76.7 0.00862 0.315 
76.7 0.00765 0.316 
76.7 0.00801 0.317 
76.7 0.00829 0.318 
76.7 0.0087 0.318 
76.7 0.00896 0.318 
76.7 0.0102 0.319 
76.7 0.0112 0.319 
76.7 0.011 0.32 
76.7 0.011 0.32 
76.7 0.0109 0.321 
76.7 0.00979 0.322 
76.7 0.011 0.322 
76.8 0.0107 0.323 
76.8 0.01 0.324 
76.8 0.00998 0.324 
76.8 0.00966 0.325 
76.8 0.00945 0.325 
76.8 0.00884 0.325 
76.8 0.00919 0.324 
76.8 0.00862 0.326 
76.8 0.00742 0.326 
76.9 0.00578 0.327 
76.9 0.00443 0.327 
76.9 0.00288 0.327 
76.9 0.00124 0.328 
76.9 2.13e-06 0.329 
76.9 -0.000758 0.329 
77 -0.00178 0.33 
77 -0.00232 0.33 
77 -0.0026 0.33 
76.9 -0.00275 0.33 
76.9 -0.00349 0.33 
76.9 -0.00412 0.33 
77 -0.00454 0.329 
77 -0.00474 0.329 
77 -0.00493 0.329 
77.1 -0.0631 0.285 
77 -0.00758 0.331 
77 -0.0056 0.327 
77 -0.0359 0.325 
77 -0.00718 0.328 
77 -0.00741 0.325 
77 -0.00798 0.324 
77.1 -0.00855 0.324 
77.1 -0.00857 0.324 
77.1 -0.00856 0.323 
77.1 -0.00847 0.323 
77.1 -0.00823 0.321 
77.1 -0.00863 0.321 
77.1 -0.00916 0.32 
77.1 -0.00973 0.32 
77.1 -0.0101 0.32 
77.1 -0.00974 0.319 
77.1 -0.0106 0.319 
77.1 -0.0105 0.319 
77.1 -0.0111 0.318 
77.1 -0.0116 0.317 
77.1 -0.012 0.316 
77.2 -0.0124 0.315 
77.2 -0.0135 0.315 
77.2 -0.0145 0.314 
77.2 -0.0149 0.314 
77.2 -0.0152 0.313 
77.2 -0.0154 0.313 
77.2 -0.016 0.313 
77.2 -0.0161 0.312 
77.2 -0.0166 0.311 
77.2 -0.0168 0.311 
77.2 -0.0182 0.31 
77.2 -0.0185 0.31 
77.2 -0.0188 0.311 
77.2 -0.0201 0.31 
77.2 -0.0205 0.311 
77.2 -0.021 0.312 
77.2 -0.0223 0.312 
77.2 -0.0222 0.312 
77.2 -0.0229 0.312 
77.2 -0.0236 0.312 
77.2 -0.0258 0.313 
77.2 -0.0261 0.313 
77.2 -0.0266 0.313 
77.2 -0.0287 0.314 
77.2 -0.0288 0.314 
77.2 -0.0293 0.315 
77.2 -0.0298 0.315 
77.2 -0.0304 0.315 
77.2 -0.0334 0.317 
77.2 -0.0336 0.317 
77.2 -0.0338 0.318 
77.2 -0.0338 0.318 
77.2 -0.0351 0.317 
77.2 -0.035 0.317 
77.2 -0.035 0.317 
77.2 -0.0346 0.317 
77.2 -0.0345 0.317 
77.2 -0.0343 0.317 
77.2 -0.0343 0.318 
77.2 -0.0341 0.318 
77.2 -0.0346 0.317 
77.2 -0.0343 0.317 
77.2 -0.034 0.317 
77.1 -0.0337 0.315 
77.1 -0.0336 0.316 
77.1 -0.0331 0.315 
77.1 -0.0331 0.315 
77.1 -0.033 0.315 
77.1 -0.0334 0.315 
77.1 -0.0334 0.314 
77.1 -0.033 0.314 
77.1 -0.0331 0.313 
77.1 -0.0333 0.313 
77.1 -0.0338 0.313 
77.1 -0.0338 0.314 
77.1 -0.0336 0.314 
77.1 -0.0341 0.314 
77.1 -0.0342 0.314 
77.1 -0.0344 0.315 
77.1 -0.0353 0.315 
77.1 -0.0361 0.316 
77.1 -0.0363 0.317 
77.2 -0.0366 0.318 
77.2 -0.037 0.318 
77.2 -0.0375 0.319 
77.2 -0.038 0.32 
77.2 -0.0389 0.321 
77.2 -0.04 0.321 
77.2 -0.0408 0.322 
77.2 -0.0418 0.322 
77.2 -0.0425 0.322 
77.2 -0.043 0.321 
77.2 -0.0468 0.322 
77.2 -0.0481 0.323 
77.2 -0.049 0.323 
77.2 -0.0498 0.323 
77.1 -0.0599 0.296 
77.2 -0.0718 0.297 
77.2 -0.0716 0.296 
77.2 -0.0769 0.296 
77.2 -0.0802 0.296 
77.2 -0.0723 0.296 
77.3 -0.0794 0.3 
77.3 -0.0628 0.313 
77.3 -0.0555 0.31 
77.3 -0.0403 0.302 
77.3 -0.0757 0.298 
77.4 -0.0726 0.302 
77.3 -0.0456 0.315 
77.3 -0.0446 0.314 
77.3 -0.0446 0.313 
77.3 -0.0447 0.313 
77.3 -0.0445 0.314 
77.3 -0.0442 0.313 
77.3 -0.0438 0.314 
77.3 -0.0432 0.314 
77.3 -0.0426 0.313 
77.3 -0.0422 0.313 
77.3 -0.0417 0.313 
77.3 -0.0411 0.313 
77.4 -0.0406 0.313 
77.4 -0.0405 0.313 
77.3 -0.0405 0.313 
77.3 -0.0403 0.313 
77.3 -0.0409 0.313 
77.3 -0.0409 0.313 
77.3 -0.0413 0.313 
77.3 -0.0412 0.313 
77.3 -0.0414 0.312 
77.3 -0.0414 0.312 
77.3 -0.0415 0.311 
77.3 -0.0418 0.312 
77.3 -0.0421 0.311 
77.3 -0.0419 0.311 
77.3 -0.0416 0.311 
77.3 -0.0417 0.311 
77.3 -0.0416 0.31 
77.3 -0.0415 0.31 
77.3 -0.0418 0.31 
77.3 -0.0418 0.31 
77.4 -0.0419 0.309 
77.4 -0.0418 0.309 
77.4 -0.0423 0.309 
77.4 -0.0424 0.309 
77.4 -0.0425 0.309 
77.4 -0.0425 0.31 
77.4 -0.0428 0.31 
77.4 -0.0428 0.31 
77.4 -0.043 0.31 
77.4 -0.0431 0.31 
77.4 -0.0435 0.311 
77.4 -0.0435 0.311 
77.4 -0.0438 0.311 
77.4 -0.0439 0.311 
77.4 -0.0438 0.31 
77.4 -0.0437 0.31 
77.4 -0.0435 0.31 
77.4 -0.0436 0.31 
77.4 -0.0438 0.309 
77.4 -0.0437 0.31 
77.4 -0.0437 0.31 
77.4 -0.0436 0.309 
77.4 -0.0436 0.309 
77.4 -0.0433 0.308 
77.4 -0.0432 0.308 
77.4 -0.0428 0.308 
77.4 -0.0431 0.308 
77.4 -0.0432 0.308 
77.4 -0.0431 0.308 
77.4 -0.043 0.308 
77.4 -0.0429 0.308 
77.4 -0.0431 0.308 
77.4 -0.0432 0.308 
77.4 -0.0431 0.309 
77.4 -0.0431 0.309 
77.4 -0.0431 0.309 
77.4 -0.0431 0.309 
77.4 -0.0431 0.309 
77.5 -0.0432 0.309 
77.5 -0.0432 0.309 
77.5 -0.0433 0.309 
77.5 -0.0429 0.309 
77.5 -0.0428 0.309 
77.5 -0.042 0.308 
77.5 -0.0421 0.308 
77.5 -0.042 0.308 
77.5 -0.0422 0.308 
77.5 -0.0415 0.307 
77.5 -0.037 0.31 
77.5 -0.0353 0.301 
77.5 -0.0418 0.306 
77.5 -0.0414 0.306 
77.5 -0.0423 0.306 
77.5 -0.0422 0.306 
77.5 -0.0419 0.306 
77.5 -0.0417 0.306 
77.5 -0.0418 0.306 
77.5 -0.0417 0.306 
77.5 -0.0417 0.306 
77.5 -0.0419 0.306 
77.5 -0.0421 0.306 
77.5 -0.0422 0.306 
77.5 -0.0422 0.306 
77.5 -0.0424 0.306 
77.5 -0.0426 0.306 
77.5 -0.0428 0.306 
77.5 -0.043 0.306 
77.5 -0.0429 0.306 
77.5 -0.0431 0.306 
77.5 -0.0435 0.306 
77.5 -0.0437 0.306 
77.5 -0.0438 0.306 
77.5 -0.0441 0.307 
77.5 -0.044 0.307 
77.5 -0.0441 0.306 
77.5 -0.0444 0.306 
77.6 -0.0444 0.306 
77.6 -0.0447 0.306 
77.6 -0.0448 0.306 
77.6 -0.0451 0.306 
77.6 -0.0451 0.306 
77.6 -0.045 0.306 
77.6 -0.0451 0.306 
77.6 -0.0451 0.306 
77.6 -0.0453 0.307 
77.6 -0.0449 0.307 
77.6 -0.0451 0.307 
77.6 -0.0446 0.307 
77.6 -0.0446 0.307 
77.6 -0.0449 0.307 
77.6 -0.045 0.307 
77.6 -0.0451 0.307 
77.6 -0.0453 0.307 
77.6 -0.0457 0.307 
77.6 -0.0457 0.307 
77.6 -0.0457 0.307 
77.6 -0.0456 0.307 
77.6 -0.0454 0.307 
77.6 -0.0454 0.306 
77.6 -0.0454 0.306 
77.6 -0.0454 0.306 
77.6 -0.0452 0.305 
77.6 -0.0453 0.305 
77.6 -0.0451 0.305 
77.6 -0.0447 0.304 
77.6 -0.0446 0.304 
77.6 -0.0445 0.304 
77.6 -0.044 0.304 
77.6 -0.044 0.304 
77.6 -0.044 0.304 
77.6 -0.0439 0.304 
77.6 -0.0433 0.303 
77.6 -0.0433 0.303 
77.6 -0.0432 0.303 
77.6 -0.0424 0.303 
77.6 -0.0426 0.302 
77.6 -0.0426 0.303 
77.6 -0.0426 0.303 
77.6 -0.0426 0.302 
77.6 -0.0427 0.302 
77.6 -0.0427 0.302 
77.6 -0.0427 0.302 
77.6 -0.0427 0.303 
77.6 -0.0426 0.302 
77.6 -0.0426 0.302 
77.6 -0.0427 0.302 
77.6 -0.0429 0.302 
77.6 -0.0428 0.302 
77.6 -0.0428 0.302 
77.7 -0.0429 0.302 
77.7 -0.0428 0.302 
77.7 -0.0429 0.302 
77.7 -0.043 0.302 
77.7 -0.0432 0.302 
77.7 -0.0431 0.301 
77.7 -0.0432 0.301 
77.7 -0.0434 0.301 
77.7 -0.0434 0.302 
77.7 -0.0435 0.302 
77.7 -0.0436 0.302 
77.7 -0.0437 0.302 
77.7 -0.0437 0.302 
77.7 -0.0438 0.302 
77.7 -0.0439 0.302 
77.7 -0.0439 0.302 
77.7 -0.0439 0.302 
77.7 -0.044 0.302 
77.7 -0.0442 0.302 
77.7 -0.0442 0.302 
77.7 -0.0442 0.302 
77.7 -0.0435 0.302 
77.7 -0.0435 0.302 
77.7 -0.0435 0.302 
77.7 -0.0426 0.302 
77.7 -0.0428 0.301 
77.7 -0.0427 0.301 
77.7 -0.0427 0.301 
77.7 -0.0426 0.301 
77.7 -0.0427 0.301 
77.7 -0.0427 0.301 
77.7 -0.0427 0.301 
77.7 -0.0427 0.301 
77.7 -0.042 0.301 
77.7 -0.042 0.301 
77.7 -0.0419 0.302 
77.7 -0.0414 0.301 
77.7 -0.0413 0.301 
77.7 -0.0413 0.301 
77.7 -0.0413 0.301 
77.7 -0.0407 0.3 
77.7 -0.0401 0.3 
77.7 -0.0402 0.3 
77.7 -0.0397 0.3 
77.7 -0.0397 0.3 
77.7 -0.0399 0.3 
77.7 -0.0399 0.3 
77.7 -0.0397 0.3 
77.7 -0.0397 0.3 
77.7 -0.0398 0.3 
77.7 -0.0398 0.3 
77.7 -0.0398 0.3 
77.7 -0.0396 0.3 
77.7 -0.0397 0.3 
77.7 -0.0397 0.3 
77.7 -0.0394 0.3 
77.7 -0.0394 0.3 
77.7 -0.0394 0.3 
77.7 -0.0394 0.3 
77.7 -0.0389 0.3 
77.7 -0.0389 0.3 
77.7 -0.0388 0.3 
77.7 -0.0387 0.301 
77.7 -0.0386 0.301 
77.7 -0.0384 0.301 
77.7 -0.0378 0.301 
77.7 -0.0378 0.301 
77.7 -0.0371 0.3 
77.7 -0.0372 0.3 
77.7 -0.0375 0.301 
77.7 -0.0376 0.301 
77.7 -0.0371 0.3 
77.7 -0.0367 0.3 
77.7 -0.0367 0.3 
77.7 -0.0363 0.3 
77.7 -0.0364 0.3 
77.7 -0.036 0.3 
77.7 -0.0366 0.3 
77.7 -0.0365 0.3 
77.7 -0.0364 0.3 
77.7 -0.0358 0.3 
77.7 -0.0359 0.299 
77.7 -0.0359 0.299 
77.7 -0.0359 0.3 
77.7 -0.0359 0.3 
77.7 -0.0359 0.299 
77.7 -0.0365 0.299 
77.7 -0.0355 0.3 
77.7 -0.0352 0.299 
77.7 -0.0351 0.299 
77.7 -0.0345 0.299 
77.7 -0.0347 0.299 
77.7 -0.0343 0.299 
77.7 -0.0339 0.299 
77.7 -0.0332 0.299 
77.7 -0.0328 0.299 
77.7 -0.0325 0.299 
77.7 -0.0322 0.299 
77.7 -0.032 0.299 
77.7 -0.0315 0.299 
77.7 -0.0317 0.299 
77.7 -0.0314 0.299 
77.7 -0.0313 0.3 
77.7 -0.031 0.3 
77.7 -0.031 0.3 
77.7 -0.0308 0.3 
77.7 -0.0301 0.298 
77.7 -0.0302 0.299 
77.7 -0.0303 0.3 
77.7 -0.0306 0.3 
77.7 -0.0306 0.3 
77.7 -0.0307 0.299 
77.7 -0.0309 0.3 
77.7 -0.031 0.3 
77.7 -0.0312 0.3 
77.7 -0.0313 0.3 
77.7 -0.0313 0.3 
77.7 -0.0314 0.3 
77.7 -0.0314 0.3 
77.7 -0.0315 0.3 
77.7 -0.0316 0.3 
77.7 -0.0316 0.3 
77.7 -0.0317 0.3 
77.7 -0.0317 0.3 
77.7 -0.0318 0.3 
77.7 -0.0322 0.3 
77.7 -0.0319 0.3 
77.7 -0.032 0.3 
77.7 -0.032 0.3 
77.7 -0.0321 0.3 
77.7 -0.0321 0.3 
77.7 -0.0322 0.3 
77.7 -0.0322 0.3 
77.7 -0.0322 0.3 
77.7 -0.0323 0.3 
77.7 -0.0323 0.3 
77.7 -0.0323 0.3 
77.8 -0.0323 0.3 
77.8 -0.0324 0.3 
77.8 -0.0324 0.3 
77.8 -0.0324 0.3 
77.8 -0.0326 0.3 
77.8 -0.0327 0.3 
77.7 -0.0327 0.3 
77.8 -0.0326 0.3 
77.8 -0.0326 0.3 
77.8 -0.0326 0.3 
77.8 -0.0329 0.3 
77.8 -0.0327 0.3 
77.8 -0.033 0.3 
77.8 -0.0329 0.3 
77.8 -0.0329 0.3 
77.8 -0.0329 0.3 
