-15.2 -0.174 -1.26 
-16.8 -0.895 -1.7 
-17.3 -0.128 -1.23 
-16.5 -0.695 -0.808 
-15.7 -1.25 -1.29 
-15.9 -1.12 -1.63 
-16.4 -1.1 -1.66 
-16.6 -1.17 -1.63 
-17.5 -0.517 -2.26 
-18.3 0.0555 -2.66 
-18.8 0.427 -2.96 
-19.1 0.702 -3.17 
-19.7 0.765 -3.51 
-20.6 0.609 -3.86 
-21.2 0.195 -3.89 
-22 -0.26 -4.06 
-22.4 -0.45 -4.21 
-22.8 -0.574 -4.32 
-23.1 -0.349 -4.56 
-23.7 0.278 -5.08 
-26.3 -0.0234 -6.02 
-26.8 -0.372 -6.08 
-27.1 -0.375 -6.25 
-27.4 -0.488 -6.3 
-26.7 -0.293 -6.18 
-26.7 -0.273 -6.2 
-25.8 -0.0831 -5.93 
-26 -0.162 -5.96 
-25.6 -0.0718 -5.83 
-25.7 -0.104 -5.82 
-25.9 -0.31 -5.78 
-26.1 -0.376 -5.84 
-25.8 -0.429 -5.65 
-25.5 -0.406 -5.48 
-25.2 -0.395 -5.34 
-24.2 -0.242 -4.87 
-23 -0.0989 -4.29 
-21.4 0.0686 -3.58 
-20.6 0.129 -3.16 
-19.9 0.184 -2.83 
-19.2 0.223 -2.51 
-18.9 0.18 -2.36 
-18.5 0.117 -2.12 
-18.1 0.0453 -1.88 
-18.1 0.0132 -1.85 
-17.7 0.00641 -1.68 
-17.6 0.052 -1.66 
-17.4 0.0318 -1.54 
-17.3 0.0741 -1.51 
-17.1 0.124 -1.45 
-16.9 0.138 -1.36 
-16.8 0.151 -1.31 
-16.7 0.151 -1.26 
-16.6 0.146 -1.22 
-16.5 0.142 -1.17 
-16.2 0.128 -1.04 
-16.3 0.0867 -1.03 
-16.2 0.0714 -0.981 
-16.1 0.0667 -0.923 
-16 0.0802 -0.875 
-15.9 0.0649 -0.84 
-15.8 0.0853 -0.813 
-15.6 0.108 -0.742 
-15.6 0.134 -0.732 
-15.5 0.149 -0.733 
-15.4 0.17 -0.705 
-15.4 0.163 -0.705 
-15.2 0.172 -0.598 
-15 0.191 -0.527 
-14.8 0.185 -0.418 
-14.7 0.172 -0.373 
-14.6 0.179 -0.307 
-14.5 0.169 -0.276 
-14.5 0.173 -0.256 
-14.4 0.178 -0.242 
-14.4 0.183 -0.214 
-14.3 0.186 -0.176 
-14.3 0.186 -0.183 
-14.2 0.178 -0.15 
-14.2 0.174 -0.118 
-14.1 0.177 -0.0964 
-14 0.186 -0.0714 
-14 0.19 -0.0615 
-14 0.179 -0.0568 
-14 0.163 -0.0466 
-14 0.144 -0.0506 
-14.1 0.123 -0.0596 
-14.1 0.108 -0.0502 
-14.1 0.108 -0.0502 
-14.1 0.108 -0.0502 
-14.1 0.108 -0.0502 
-14.1 0.108 -0.0502 
-14.1 0.108 -0.0502 
-14.1 0.108 -0.0502 
-14.1 0.108 -0.0502 
-14.1 0.108 -0.0502 
-14.1 0.108 -0.0502 
-14.1 0.108 -0.0502 
-14.1 0.108 -0.0502 
-14.1 0.108 -0.0502 
-14.1 0.108 -0.0502 
-14.1 0.108 -0.0502 
-14.1 0.108 -0.0502 
-14.1 0.108 -0.0502 
-14.1 0.108 -0.0502 
-14.1 0.108 -0.0502 
-14.1 0.108 -0.0502 
-14.1 0.108 -0.0502 
-14.1 0.108 -0.0502 
-14.1 0.108 -0.0502 
-14.1 0.108 -0.0502 
-14.1 0.108 -0.0502 
-14.1 0.108 -0.0502 
-14.1 0.108 -0.0502 
-14.1 0.108 -0.0502 
-14.1 0.108 -0.0502 
-14.1 0.108 -0.0502 
-14.1 0.108 -0.0502 
-14.1 0.108 -0.0502 
-14.1 0.108 -0.0502 
-14.1 0.108 -0.0502 
-14.1 0.108 -0.0502 
-14.1 0.108 -0.0502 
-14.1 0.108 -0.0502 
-14.1 0.108 -0.0502 
-14.1 0.108 -0.0502 
-14.1 0.108 -0.0502 
-14.1 0.108 -0.0502 
-14.1 0.108 -0.0502 
-14.1 0.108 -0.0502 
-14.1 0.108 -0.0502 
-14.1 0.108 -0.0502 
-14.1 0.108 -0.0502 
-14.1 0.108 -0.0502 
-14.1 0.108 -0.0502 
-14.1 0.108 -0.0502 
-14.1 0.108 -0.0502 
-14.1 0.108 -0.0502 
-14.1 0.108 -0.0502 
-14.1 0.108 -0.0502 
-14.1 0.108 -0.0502 
-14.1 0.108 -0.0502 
-14.1 0.108 -0.0502 
-14.1 0.108 -0.0502 
-14.1 0.108 -0.0502 
-14.1 0.108 -0.0502 
-14.1 0.108 -0.0502 
-14.1 0.108 -0.0502 
-14.1 0.108 -0.0502 
-14.1 0.108 -0.0502 
-14.1 0.108 -0.0502 
-14.1 0.108 -0.0502 
-14.1 0.108 -0.0502 
-14.1 0.108 -0.0502 
-14.1 0.108 -0.0502 
-14.1 0.108 -0.0502 
-14.1 0.108 -0.0502 
-14.1 0.108 -0.0502 
-14.1 0.108 -0.0502 
-14.1 0.108 -0.0502 
-14.1 0.108 -0.0502 
-14.1 0.108 -0.0502 
-14.1 0.108 -0.0502 
-14.1 0.108 -0.0502 
-14.1 0.108 -0.0502 
-14.1 0.108 -0.0502 
-14.1 0.108 -0.0502 
-14.1 0.108 -0.0502 
-14.1 0.108 -0.0502 
-14.1 0.108 -0.0502 
-14.1 0.108 -0.0502 
-14.1 0.108 -0.0502 
-14.1 0.108 -0.0502 
-14.1 0.108 -0.0502 
-14.1 0.108 -0.0502 
-14.1 0.108 -0.0502 
-14.1 0.108 -0.0502 
-14.1 0.108 -0.0502 
-14.1 0.108 -0.0502 
-14.1 0.108 -0.0502 
-14.1 0.108 -0.0502 
-14.1 0.108 -0.0502 
-14.1 0.108 -0.0502 
-14.1 0.108 -0.0502 
-14.1 0.108 -0.0502 
-14.1 0.108 -0.0502 
-14.1 0.108 -0.0502 
-14.1 0.108 -0.0502 
-14.1 0.108 -0.0502 
-14.1 0.108 -0.0502 
-14.1 0.108 -0.0502 
-14.1 0.108 -0.0502 
-14.1 0.108 -0.0502 
-14.1 0.108 -0.0502 
-14.1 0.108 -0.0502 
-14.1 0.108 -0.0502 
-14.1 0.108 -0.0502 
-14.1 0.108 -0.0502 
-14.1 0.108 -0.0502 
-14.1 0.108 -0.0502 
-14.1 0.108 -0.0502 
-14.1 0.108 -0.0502 
-14.1 0.108 -0.0502 
-14.1 0.108 -0.0502 
-14.1 0.108 -0.0502 
-14.1 0.108 -0.0502 
-14.1 0.108 -0.0502 
-14.1 0.108 -0.0502 
-14.1 0.108 -0.0502 
-14.1 0.108 -0.0502 
-14.1 0.108 -0.0502 
-14.1 0.108 -0.0502 
-14.1 0.108 -0.0502 
-14.1 0.108 -0.0502 
-14.1 0.108 -0.0502 
-14.1 0.108 -0.0502 
-14.1 0.108 -0.0502 
-14.1 0.108 -0.0502 
-14.1 0.108 -0.0502 
-14.1 0.108 -0.0502 
-14.1 0.108 -0.0502 
-14.1 0.108 -0.0502 
-14.1 0.108 -0.0502 
-14.1 0.108 -0.0502 
-14.1 0.108 -0.0502 
-14.1 0.108 -0.0502 
-14.1 0.108 -0.0502 
-14.1 0.108 -0.0502 
-14.1 0.108 -0.0502 
-14.1 0.108 -0.0502 
-14.1 0.108 -0.0502 
-14.1 0.108 -0.0502 
-14.1 0.108 -0.0502 
-14.1 0.108 -0.0502 
-14.1 0.108 -0.0502 
-14.1 0.108 -0.0502 
-14.1 0.108 -0.0502 
-14.1 0.108 -0.0502 
-14.1 0.108 -0.0502 
-14.1 0.108 -0.0502 
-14.1 0.108 -0.0502 
-14.1 0.108 -0.0502 
-14.1 0.108 -0.0502 
-14.1 0.108 -0.0502 
-14.1 0.108 -0.0502 
-14.1 0.108 -0.0502 
-14.1 0.108 -0.0502 
-14.1 0.108 -0.0502 
-14.1 0.108 -0.0502 
-14.1 0.108 -0.0502 
-14.1 0.108 -0.0502 
-14.1 0.108 -0.0502 
-14.1 0.108 -0.0502 
-14.1 0.108 -0.0502 
-14.1 0.108 -0.0502 
-14.1 0.108 -0.0502 
-14.1 0.108 -0.0502 
-14.1 0.108 -0.0502 
-14.1 0.108 -0.0502 
-14.1 0.108 -0.0502 
-14.1 0.108 -0.0502 
-14.1 0.108 -0.0502 
-14.1 0.108 -0.0502 
-14.1 0.108 -0.0502 
-14.1 0.108 -0.0502 
-14.1 0.108 -0.0502 
-14.1 0.108 -0.0502 
-14.1 0.108 -0.0502 
-14.1 0.108 -0.0502 
-14.1 0.108 -0.0502 
-14.1 0.108 -0.0502 
-14.1 0.108 -0.0502 
-14.1 0.108 -0.0502 
-14.1 0.108 -0.0502 
-14.1 0.108 -0.0502 
-14.1 0.108 -0.0502 
-14.1 0.108 -0.0502 
-14.1 0.108 -0.0502 
-14.1 0.108 -0.0502 
-14.1 0.108 -0.0502 
-14.1 0.108 -0.0502 
-14.1 0.108 -0.0502 
-14.1 0.108 -0.0502 
-14.1 0.108 -0.0502 
-14.1 0.108 -0.0502 
-14.1 0.108 -0.0502 
-14.1 0.108 -0.0502 
-14.1 0.108 -0.0502 
-14.1 0.108 -0.0502 
-14.1 0.108 -0.0502 
-14.1 0.108 -0.0502 
-14.1 0.108 -0.0502 
-14.1 0.108 -0.0502 
-14.1 0.108 -0.0502 
-14.1 0.108 -0.0502 
-14.1 0.108 -0.0502 
-14.1 0.108 -0.0502 
-14.1 0.108 -0.0502 
-14.1 0.108 -0.0502 
-14.1 0.108 -0.0502 
-14.1 0.108 -0.0502 
-14.1 0.108 -0.0502 
-14.1 0.108 -0.0502 
-14.1 0.108 -0.0502 
-14.1 0.108 -0.0502 
-14.1 0.108 -0.0502 
-14.1 0.108 -0.0502 
-14.1 0.108 -0.0502 
-14.1 0.108 -0.0502 
-14.1 0.108 -0.0502 
-14.1 0.108 -0.0502 
-14.1 0.108 -0.0502 
-14.1 0.108 -0.0502 
-14.1 0.108 -0.0502 
-14.1 0.108 -0.0502 
-14.1 0.108 -0.0502 
-14.1 0.108 -0.0502 
-14.1 0.108 -0.0502 
-14.1 0.108 -0.0502 
-14.1 0.108 -0.0502 
-14.1 0.108 -0.0502 
-14.1 0.108 -0.0502 
-14.1 0.108 -0.0502 
-14.1 0.108 -0.0502 
-14.1 0.108 -0.0502 
-14.1 0.108 -0.0502 
-14.1 0.108 -0.0502 
-14.1 0.108 -0.0502 
-14.1 0.108 -0.0502 
-14.1 0.108 -0.0502 
-14.1 0.108 -0.0502 
-14.1 0.108 -0.0502 
-14.1 0.108 -0.0502 
-14.1 0.108 -0.0502 
-14.1 0.108 -0.0502 
-14.1 0.108 -0.0502 
-14.1 0.108 -0.0502 
-14.1 0.108 -0.0502 
-14.1 0.108 -0.0502 
-14.1 0.108 -0.0502 
-14.1 0.108 -0.0502 
-14.1 0.108 -0.0502 
-14.1 0.108 -0.0502 
-14.1 0.108 -0.0502 
-14.1 0.108 -0.0502 
-14.1 0.108 -0.0502 
-14.1 0.108 -0.0502 
-14.1 0.108 -0.0502 
-14.1 0.108 -0.0502 
-14.1 0.108 -0.0502 
-14.1 0.108 -0.0502 
-14.1 0.108 -0.0502 
-14.1 0.108 -0.0502 
-14.1 0.108 -0.0502 
-14.1 0.108 -0.0502 
-14.1 0.108 -0.0502 
-14.1 0.108 -0.0502 
-14.1 0.108 -0.0502 
-14.1 0.108 -0.0502 
-14.1 0.108 -0.0502 
-14.1 0.108 -0.0502 
-14.1 0.108 -0.0502 
-14.1 0.108 -0.0502 
-14.1 0.108 -0.0502 
-14.1 0.108 -0.0502 
-14.1 0.108 -0.0502 
-14.1 0.108 -0.0502 
-14.1 0.108 -0.0502 
-14.1 0.108 -0.0502 
-14.1 0.108 -0.0502 
-14.1 0.108 -0.0502 
-14.1 0.108 -0.0502 
-14.1 0.108 -0.0502 
-14.1 0.108 -0.0502 
-14.1 0.108 -0.0502 
-14.1 0.108 -0.0502 
-14.1 0.108 -0.0502 
-14.1 0.108 -0.0502 
-14.1 0.108 -0.0502 
-14.1 0.108 -0.0502 
-14.1 0.108 -0.0502 
-14.1 0.108 -0.0502 
-14.1 0.108 -0.0502 
-14.1 0.108 -0.0502 
-14.1 0.108 -0.0502 
-14.1 0.108 -0.0502 
-14.1 0.108 -0.0502 
-14.1 0.108 -0.0502 
-14.1 0.108 -0.0502 
-14.1 0.108 -0.0502 
-14.1 0.108 -0.0502 
-14.1 0.108 -0.0502 
-14.1 0.108 -0.0502 
-14.1 0.108 -0.0502 
-14.1 0.108 -0.0502 
-14.1 0.108 -0.0502 
-14.1 0.108 -0.0502 
-14.1 0.108 -0.0502 
-14.1 0.108 -0.0502 
-14.1 0.108 -0.0502 
-14.1 0.108 -0.0502 
-14.1 0.108 -0.0502 
-14.1 0.108 -0.0502 
-14.1 0.108 -0.0502 
-14.1 0.108 -0.0502 
-14.1 0.108 -0.0502 
-14.1 0.108 -0.0502 
-14.1 0.108 -0.0502 
-14.1 0.108 -0.0502 
-14.1 0.108 -0.0502 
-14.1 0.108 -0.0502 
-14.1 0.108 -0.0502 
-14.1 0.108 -0.0502 
-14.1 0.108 -0.0502 
-14.1 0.108 -0.0502 
-14.1 0.108 -0.0502 
-14.1 0.108 -0.0502 
-14.1 0.108 -0.0502 
-14.1 0.108 -0.0502 
-14.1 0.108 -0.0502 
-14.1 0.108 -0.0502 
-14.1 0.108 -0.0502 
-14.1 0.108 -0.0502 
-14.1 0.108 -0.0502 
-14.1 0.108 -0.0502 
-14.1 0.108 -0.0502 
-14.1 0.108 -0.0502 
-14.1 0.108 -0.0502 
-14.1 0.108 -0.0502 
-14.1 0.108 -0.0502 
-14.1 0.108 -0.0502 
-14.1 0.108 -0.0502 
-14.1 0.108 -0.0502 
-14.1 0.108 -0.0502 
-14.1 0.108 -0.0502 
-14.1 0.108 -0.0502 
-14.1 0.108 -0.0502 
-14.1 0.108 -0.0502 
-14.1 0.108 -0.0502 
-14.1 0.108 -0.0502 
-14.1 0.108 -0.0502 
-14.1 0.108 -0.0502 
-14.1 0.108 -0.0502 
-14.1 0.108 -0.0502 
-14.1 0.108 -0.0502 
-14.1 0.108 -0.0502 
-14.1 0.108 -0.0502 
-14.1 0.108 -0.0502 
-14.1 0.108 -0.0502 
-14.1 0.108 -0.0502 
-14.1 0.108 -0.0502 
-14.1 0.108 -0.0502 
-14.1 0.108 -0.0502 
-14.1 0.108 -0.0502 
-14.1 0.108 -0.0502 
-14.1 0.108 -0.0502 
-14.1 0.108 -0.0502 
-14.1 0.108 -0.0502 
-14.1 0.108 -0.0502 
-14.1 0.108 -0.0502 
-14.1 0.108 -0.0502 
-14.1 0.108 -0.0502 
-14.1 0.108 -0.0502 
-14.1 0.108 -0.0502 
-14.1 0.108 -0.0502 
-14.1 0.108 -0.0502 
-14.1 0.108 -0.0502 
-14.1 0.108 -0.0502 
-14.1 0.108 -0.0502 
-14.1 0.108 -0.0502 
-14.1 0.108 -0.0502 
-14.1 0.108 -0.0502 
-14.1 0.108 -0.0502 
-14.1 0.108 -0.0502 
-14.1 0.108 -0.0502 
-14.1 0.108 -0.0502 
-14.1 0.108 -0.0502 
-14.1 0.108 -0.0502 
-14.1 0.108 -0.0502 
-14.1 0.108 -0.0502 
-14.1 0.108 -0.0502 
-14.1 0.108 -0.0502 
-14.1 0.108 -0.0502 
-14.1 0.108 -0.0502 
-14.1 0.108 -0.0502 
-14.1 0.108 -0.0502 
-14.1 0.108 -0.0502 
-14.1 0.108 -0.0502 
-14.1 0.108 -0.0502 
-14.1 0.108 -0.0502 
-14.1 0.108 -0.0502 
-14.1 0.108 -0.0502 
-14.1 0.108 -0.0502 
-14.1 0.108 -0.0502 
-14.1 0.108 -0.0502 
-14.1 0.108 -0.0502 
-14.1 0.108 -0.0502 
-14.1 0.108 -0.0502 
-14.1 0.108 -0.0502 
-14.1 0.108 -0.0502 
-14.1 0.108 -0.0502 
-14.1 0.108 -0.0502 
-14.1 0.108 -0.0502 
-14.1 0.108 -0.0502 
-14.1 0.108 -0.0502 
-14.1 0.108 -0.0502 
-14.1 0.108 -0.0502 
-14.1 0.108 -0.0502 
-14.1 0.108 -0.0502 
-14.1 0.108 -0.0502 
-14.1 0.108 -0.0502 
-14.1 0.108 -0.0502 
-14.1 0.108 -0.0502 
-14.1 0.108 -0.0502 
-14.1 0.108 -0.0502 
-14.1 0.108 -0.0502 
-14.1 0.108 -0.0502 
-14.1 0.108 -0.0502 
-14.1 0.108 -0.0502 
-14.1 0.108 -0.0502 
-14.1 0.108 -0.0502 
-14.1 0.108 -0.0502 
-14.1 0.108 -0.0502 
-14.1 0.108 -0.0502 
-14.1 0.108 -0.0502 
-14.1 0.108 -0.0502 
-14.1 0.108 -0.0502 
-14.1 0.108 -0.0502 
-14.1 0.108 -0.0502 
-14.1 0.108 -0.0502 
-14.1 0.108 -0.0502 
-14.1 0.108 -0.0502 
-14.1 0.108 -0.0502 
-14.1 0.108 -0.0502 
-14.1 0.108 -0.0502 
-14.1 0.108 -0.0502 
-14.1 0.108 -0.0502 
-14.1 0.108 -0.0502 
-14.1 0.108 -0.0502 
-14.1 0.108 -0.0502 
-14.1 0.108 -0.0502 
-14.1 0.108 -0.0502 
-14.1 0.108 -0.0502 
-14.1 0.108 -0.0502 
-14.1 0.108 -0.0502 
-14.1 0.108 -0.0502 
-14.1 0.108 -0.0502 
-14.1 0.108 -0.0502 
-14.1 0.108 -0.0502 
-14.1 0.108 -0.0502 
-14.1 0.108 -0.0502 
-14.1 0.108 -0.0502 
-14.1 0.108 -0.0502 
-14.1 0.108 -0.0502 
-14.1 0.108 -0.0502 
-14.1 0.108 -0.0502 
-14.1 0.108 -0.0502 
-14.1 0.108 -0.0502 
-14.1 0.108 -0.0502 
-14.1 0.108 -0.0502 
-14.1 0.108 -0.0502 
-14.1 0.108 -0.0502 
-14.1 0.108 -0.0502 
-14.1 0.108 -0.0502 
-14.1 0.108 -0.0502 
-14.1 0.108 -0.0502 
-14.1 0.108 -0.0502 
-14.1 0.108 -0.0502 
-14.1 0.108 -0.0502 
-14.1 0.108 -0.0502 
-14.1 0.108 -0.0502 
-14.1 0.108 -0.0502 
-14.1 0.108 -0.0502 
-14.1 0.108 -0.0502 
-14.1 0.108 -0.0502 
-14.1 0.108 -0.0502 
-14.1 0.108 -0.0502 
-14.1 0.108 -0.0502 
-14.1 0.108 -0.0502 
-14.1 0.108 -0.0502 
-14.1 0.108 -0.0502 
-14.1 0.108 -0.0502 
-14.1 0.108 -0.0502 
-14.1 0.108 -0.0502 
-14.1 0.108 -0.0502 
-14.1 0.108 -0.0502 
-14.1 0.108 -0.0502 
-14.1 0.108 -0.0502 
-14.1 0.108 -0.0502 
-14.1 0.108 -0.0502 
-14.1 0.108 -0.0502 
-14.1 0.108 -0.0502 
-14.1 0.108 -0.0502 
-14.1 0.108 -0.0502 
-14.1 0.108 -0.0502 
-14.1 0.108 -0.0502 
-14.1 0.108 -0.0502 
-14.1 0.108 -0.0502 
-14.1 0.108 -0.0502 
-14.1 0.108 -0.0502 
-14.1 0.108 -0.0502 
-14.1 0.108 -0.0502 
-14.1 0.108 -0.0502 
-14.1 0.108 -0.0502 
-14.1 0.108 -0.0502 
-14.1 0.108 -0.0502 
-14.1 0.108 -0.0502 
-14.1 0.108 -0.0502 
-14.1 0.108 -0.0502 
-14.1 0.108 -0.0502 
-14.1 0.108 -0.0502 
-14.1 0.108 -0.0502 
-14.1 0.108 -0.0502 
-14.1 0.108 -0.0502 
-14.1 0.108 -0.0502 
-14.1 0.108 -0.0502 
-14.1 0.108 -0.0502 
-14.1 0.108 -0.0502 
-14.1 0.108 -0.0502 
-14.1 0.108 -0.0502 
-14.1 0.108 -0.0502 
-14.1 0.108 -0.0502 
-14.1 0.108 -0.0502 
-14.1 0.108 -0.0502 
-14.1 0.108 -0.0502 
-14.1 0.108 -0.0502 
-14.1 0.108 -0.0502 
-14.1 0.108 -0.0502 
-14.1 0.108 -0.0502 
-14.1 0.108 -0.0502 
-14.1 0.108 -0.0502 
-14.1 0.108 -0.0502 
-14.1 0.108 -0.0502 
-14.1 0.108 -0.0502 
-14.1 0.108 -0.0502 
-14.1 0.108 -0.0502 
-14.1 0.108 -0.0502 
-14.1 0.108 -0.0502 
-14.1 0.108 -0.0502 
-14.1 0.108 -0.0502 
-14.1 0.108 -0.0502 
-14.1 0.108 -0.0502 
-14.1 0.108 -0.0502 
-14.1 0.108 -0.0502 
-14.1 0.108 -0.0502 
-14.1 0.108 -0.0502 
-14.1 0.108 -0.0502 
-14.1 0.108 -0.0502 
-14.1 0.108 -0.0502 
-14.1 0.108 -0.0502 
-14.1 0.108 -0.0502 
-14.1 0.108 -0.0502 
-14.1 0.108 -0.0502 
-14.1 0.108 -0.0502 
-14.1 0.108 -0.0502 
-14.1 0.108 -0.0502 
-14.1 0.108 -0.0502 
-14.1 0.108 -0.0502 
-14.1 0.108 -0.0502 
-14.1 0.108 -0.0502 
-14.1 0.108 -0.0502 
-14.1 0.108 -0.0502 
-14.1 0.108 -0.0502 
-14.1 0.108 -0.0502 
-14.1 0.108 -0.0502 
-14.1 0.108 -0.0502 
-14.1 0.108 -0.0502 
-14.1 0.108 -0.0502 
-14.1 0.108 -0.0502 
-14.1 0.108 -0.0502 
-14.1 0.108 -0.0502 
-14.1 0.108 -0.0502 
-14.1 0.108 -0.0502 
-14.1 0.108 -0.0502 
-14.1 0.108 -0.0502 
-14.1 0.108 -0.0502 
-14.1 0.108 -0.0502 
-14.1 0.108 -0.0502 
-14.1 0.108 -0.0502 
-14.1 0.108 -0.0502 
-14.1 0.108 -0.0502 
-14.1 0.108 -0.0502 
-14.1 0.108 -0.0502 
-14.1 0.108 -0.0502 
-14.1 0.108 -0.0502 
-14.1 0.108 -0.0502 
-14.1 0.108 -0.0502 
-14.1 0.108 -0.0502 
-14.1 0.108 -0.0502 
-14.1 0.108 -0.0502 
-14.1 0.108 -0.0502 
-14.1 0.108 -0.0502 
-14.1 0.108 -0.0502 
-14.1 0.108 -0.0502 
-14.1 0.108 -0.0502 
-14.1 0.108 -0.0502 
-14.1 0.108 -0.0502 
-14.1 0.108 -0.0502 
-14.1 0.108 -0.0502 
-14.1 0.108 -0.0502 
-14.1 0.108 -0.0502 
-14.1 0.108 -0.0502 
-14.1 0.108 -0.0502 
-14.1 0.108 -0.0502 
-14.1 0.108 -0.0502 
-14.1 0.108 -0.0502 
-14.1 0.108 -0.0502 
-14.1 0.108 -0.0502 
-14.1 0.108 -0.0502 
-14.1 0.108 -0.0502 
-14.1 0.108 -0.0502 
-14.1 0.108 -0.0502 
-14.1 0.108 -0.0502 
-14.1 0.108 -0.0502 
-14.1 0.108 -0.0502 
-14.1 0.108 -0.0502 
-14.1 0.108 -0.0502 
-14.1 0.108 -0.0502 
-14.1 0.108 -0.0502 
-14.1 0.108 -0.0502 
-14.1 0.108 -0.0502 
-14.1 0.108 -0.0502 
-14.1 0.108 -0.0502 
-14.1 0.108 -0.0502 
-14.1 0.108 -0.0502 
-14.1 0.108 -0.0502 
-14.1 0.108 -0.0502 
-14.1 0.108 -0.0502 
-14.1 0.108 -0.0502 
-14.1 0.108 -0.0502 
-14.1 0.108 -0.0502 
-14.1 0.108 -0.0502 
-14.1 0.108 -0.0502 
-14.1 0.108 -0.0502 
-14.1 0.108 -0.0502 
-14.1 0.108 -0.0502 
-14.1 0.108 -0.0502 
-14.1 0.108 -0.0502 
-14.1 0.108 -0.0502 
-14.1 0.108 -0.0502 
-14.1 0.108 -0.0502 
-14.1 0.108 -0.0502 
-14.1 0.108 -0.0502 
-14.1 0.108 -0.0502 
-14.1 0.108 -0.0502 
-14.1 0.108 -0.0502 
-14.1 0.108 -0.0502 
-14.1 0.108 -0.0502 
-14.1 0.108 -0.0502 
-14.1 0.108 -0.0502 
-14.1 0.108 -0.0502 
-14.1 0.108 -0.0502 
-14.1 0.108 -0.0502 
-14.1 0.108 -0.0502 
-14.1 0.108 -0.0502 
-14.1 0.108 -0.0502 
-14.1 0.108 -0.0502 
-14.1 0.108 -0.0502 
-14.1 0.108 -0.0502 
-14.1 0.108 -0.0502 
-14.1 0.108 -0.0502 
-14.1 0.108 -0.0502 
-14.1 0.108 -0.0502 
-14.1 0.108 -0.0502 
-14.1 0.108 -0.0502 
-14.1 0.108 -0.0502 
-14.1 0.108 -0.0502 
-14.1 0.108 -0.0502 
-14.1 0.108 -0.0502 
-14.1 0.108 -0.0502 
-14.1 0.108 -0.0502 
-14.1 0.108 -0.0502 
-14.1 0.108 -0.0502 
-14.1 0.108 -0.0502 
-14.1 0.108 -0.0502 
-14.1 0.108 -0.0502 
-14.1 0.108 -0.0502 
-14.1 0.108 -0.0502 
-14.1 0.108 -0.0502 
-14.1 0.108 -0.0502 
-14.1 0.108 -0.0502 
-14.1 0.108 -0.0502 
-14.1 0.108 -0.0502 
-14.1 0.108 -0.0502 
-14.1 0.108 -0.0502 
-14.1 0.108 -0.0502 
-14.1 0.108 -0.0502 
-14.1 0.108 -0.0502 
-14.1 0.108 -0.0502 
-14.1 0.108 -0.0502 
-14.1 0.108 -0.0502 
-14.1 0.108 -0.0502 
-14.1 0.108 -0.0502 
-14.1 0.108 -0.0502 
-14.1 0.108 -0.0502 
-14.1 0.108 -0.0502 
-14.1 0.108 -0.0502 
-14.1 0.108 -0.0502 
-14.1 0.108 -0.0502 
-14.1 0.108 -0.0502 
-14.1 0.108 -0.0502 
-14.1 0.108 -0.0502 
-14.1 0.108 -0.0502 
-14.1 0.108 -0.0502 
-14.1 0.108 -0.0502 
-14.1 0.108 -0.0502 
-14.1 0.108 -0.0502 
-14.1 0.108 -0.0502 
-14.1 0.108 -0.0502 
-14.1 0.108 -0.0502 
-14.1 0.108 -0.0502 
-14.1 0.108 -0.0502 
-14.1 0.108 -0.0502 
-14.1 0.108 -0.0502 
-14.1 0.108 -0.0502 
-14.1 0.108 -0.0502 
-14.1 0.108 -0.0502 
-14.1 0.108 -0.0502 
-14.1 0.108 -0.0502 
-14.1 0.108 -0.0502 
-14.1 0.108 -0.0502 
-14.1 0.108 -0.0502 
-14.1 0.108 -0.0502 
-14.1 0.108 -0.0502 
-14.1 0.108 -0.0502 
-14.1 0.108 -0.0502 
-14.1 0.108 -0.0502 
-14.1 0.108 -0.0502 
-14.1 0.108 -0.0502 
-14.1 0.108 -0.0502 
-14.1 0.108 -0.0502 
-14.1 0.108 -0.0502 
-14.1 0.108 -0.0502 
-14.1 0.108 -0.0502 
-14.1 0.108 -0.0502 
-14.1 0.108 -0.0502 
-14.1 0.108 -0.0502 
-14.1 0.108 -0.0502 
-14.1 0.108 -0.0502 
-14.1 0.108 -0.0502 
-14.1 0.108 -0.0502 
-14.1 0.108 -0.0502 
-14.1 0.108 -0.0502 
-14.1 0.108 -0.0502 
-14.1 0.108 -0.0502 
-14.1 0.108 -0.0502 
-14.1 0.108 -0.0502 
-14.1 0.108 -0.0502 
-14.1 0.108 -0.0502 
-14.1 0.108 -0.0502 
-14.1 0.108 -0.0502 
-14.1 0.108 -0.0502 
-14.1 0.108 -0.0502 
-14.1 0.108 -0.0502 
-14.1 0.108 -0.0502 
-14.1 0.108 -0.0502 
-14.1 0.108 -0.0502 
-14.1 0.108 -0.0502 
-14.1 0.108 -0.0502 
-14.1 0.108 -0.0502 
-14.1 0.108 -0.0502 
-14.1 0.108 -0.0502 
-14.1 0.108 -0.0502 
-14.1 0.108 -0.0502 
-14.1 0.108 -0.0502 
-14.1 0.108 -0.0502 
-14.1 0.108 -0.0502 
-14.1 0.108 -0.0502 
-14.1 0.108 -0.0502 
-14.1 0.108 -0.0502 
-14.1 0.108 -0.0502 
-14.1 0.108 -0.0502 
-14.1 0.108 -0.0502 
-14.1 0.108 -0.0502 
-14.1 0.108 -0.0502 
-14.1 0.108 -0.0502 
-14.1 0.108 -0.0502 
-14.1 0.108 -0.0502 
-14.1 0.108 -0.0502 
-14.1 0.108 -0.0502 
-14.1 0.108 -0.0502 
-14.1 0.108 -0.0502 
-14.1 0.108 -0.0502 
-14.1 0.108 -0.0502 
-14.1 0.108 -0.0502 
-14.1 0.108 -0.0502 
-14.1 0.108 -0.0502 
-14.1 0.108 -0.0502 
-14.1 0.108 -0.0502 
-14.1 0.108 -0.0502 
-14.1 0.108 -0.0502 
-14.1 0.108 -0.0502 
-14.1 0.108 -0.0502 
-14.1 0.108 -0.0502 
-14.1 0.108 -0.0502 
-14.1 0.108 -0.0502 
-14.1 0.108 -0.0502 
-14.1 0.108 -0.0502 
-14.1 0.108 -0.0502 
-14.1 0.108 -0.0502 
-14.1 0.108 -0.0502 
-14.1 0.108 -0.0502 
-14.1 0.108 -0.0502 
-14.1 0.108 -0.0502 
-14.1 0.108 -0.0502 
-14.1 0.108 -0.0502 
-14.1 0.108 -0.0502 
-14.1 0.108 -0.0502 
-14.1 0.108 -0.0502 
-14.1 0.108 -0.0502 
-14.1 0.108 -0.0502 
-14.1 0.108 -0.0502 
-14.1 0.108 -0.0502 
-14.1 0.108 -0.0502 
-14.1 0.108 -0.0502 
-14.1 0.108 -0.0502 
-14.1 0.108 -0.0502 
-14.1 0.108 -0.0502 
-14.1 0.108 -0.0502 
-14.1 0.108 -0.0502 
-14.1 0.108 -0.0502 
-14.1 0.108 -0.0502 
-14.1 0.108 -0.0502 
-14.1 0.108 -0.0502 
-14.1 0.108 -0.0502 
-14.1 0.108 -0.0502 
-14.1 0.108 -0.0502 
-14.1 0.108 -0.0502 
-14.1 0.108 -0.0502 
-14.1 0.108 -0.0502 
-14.1 0.108 -0.0502 
-14.1 0.108 -0.0502 
-14.1 0.108 -0.0502 
-14.1 0.108 -0.0502 
-14.1 0.108 -0.0502 
-14.1 0.108 -0.0502 
-14.1 0.108 -0.0502 
-14.1 0.108 -0.0502 
-14.1 0.108 -0.0502 
-14.1 0.108 -0.0502 
-14.1 0.108 -0.0502 
-14.1 0.108 -0.0502 
-14.1 0.108 -0.0502 
-14.1 0.108 -0.0502 
-14.1 0.108 -0.0502 
-14.1 0.108 -0.0502 
-14.1 0.108 -0.0502 
-14.1 0.108 -0.0502 
-14.1 0.108 -0.0502 
-14.1 0.108 -0.0502 
-14.1 0.108 -0.0502 
-14.1 0.108 -0.0502 
-14.1 0.108 -0.0502 
-14.1 0.108 -0.0502 
-14.1 0.108 -0.0502 
-14.1 0.108 -0.0502 
-14.1 0.108 -0.0502 
-14.1 0.108 -0.0502 
-14.1 0.108 -0.0502 
-14.1 0.108 -0.0502 
-14.1 0.108 -0.0502 
-14.1 0.108 -0.0502 
-14.1 0.108 -0.0502 
-14.1 0.108 -0.0502 
-14.1 0.108 -0.0502 
-14.1 0.108 -0.0502 
-14.1 0.108 -0.0502 
-14.1 0.108 -0.0502 
-14.1 0.108 -0.0502 
-14.1 0.108 -0.0502 
-14.1 0.108 -0.0502 
-14.1 0.108 -0.0502 
-14.1 0.108 -0.0502 
-14.1 0.108 -0.0502 
-14.1 0.108 -0.0502 
-14.1 0.108 -0.0502 
-14.1 0.108 -0.0502 
-14.1 0.108 -0.0502 
-14.1 0.108 -0.0502 
-14.1 0.108 -0.0502 
-14.1 0.108 -0.0502 
-14.1 0.108 -0.0502 
-14.1 0.108 -0.0502 
-14.1 0.108 -0.0502 
-14.1 0.108 -0.0502 
-14.1 0.108 -0.0502 
-14.1 0.108 -0.0502 
-14.1 0.108 -0.0502 
-14.1 0.108 -0.0502 
-14.1 0.108 -0.0502 
-14.1 0.108 -0.0502 
-14.1 0.108 -0.0502 
-14.1 0.108 -0.0502 
-14.1 0.108 -0.0502 
-14.1 0.108 -0.0502 
-14.1 0.108 -0.0502 
-14.1 0.108 -0.0502 
-14.1 0.108 -0.0502 
-14.1 0.108 -0.0502 
-14.1 0.108 -0.0502 
-14.1 0.108 -0.0502 
-14.1 0.108 -0.0502 
-14.1 0.108 -0.0502 
-14.1 0.108 -0.0502 
-14.1 0.108 -0.0502 
-14.1 0.108 -0.0502 
-14.1 0.108 -0.0502 
-14.1 0.108 -0.0502 
-14.1 0.108 -0.0502 
-14.1 0.108 -0.0502 
-14.1 0.108 -0.0502 
-14.1 0.108 -0.0502 
-14.1 0.108 -0.0502 
-14.1 0.108 -0.0502 
-14.1 0.108 -0.0502 
-14.1 0.108 -0.0502 
-14.1 0.108 -0.0502 
-14.1 0.108 -0.0502 
-14.1 0.108 -0.0502 
-14.1 0.108 -0.0502 
-14.1 0.108 -0.0502 
-14.1 0.108 -0.0502 
-14.1 0.108 -0.0502 
-14.1 0.108 -0.0502 
-14.1 0.108 -0.0502 
-14.1 0.108 -0.0502 
-14.1 0.108 -0.0502 
-14.1 0.108 -0.0502 
-14.1 0.108 -0.0502 
-14.1 0.108 -0.0502 
-14.1 0.108 -0.0502 
-14.1 0.108 -0.0502 
-14.1 0.108 -0.0502 
-14.1 0.108 -0.0502 
-14.1 0.108 -0.0502 
-14.1 0.108 -0.0502 
-14.1 0.108 -0.0502 
-14.1 0.108 -0.0502 
-14.1 0.108 -0.0502 
-14.1 0.108 -0.0502 
-14.1 0.108 -0.0502 
-14.1 0.108 -0.0502 
-14.1 0.108 -0.0502 
-14.1 0.108 -0.0502 
-14.1 0.108 -0.0502 
-14.1 0.108 -0.0502 
-14.1 0.108 -0.0502 
-14.1 0.108 -0.0502 
-14.1 0.108 -0.0502 
-14.1 0.108 -0.0502 
-14.1 0.108 -0.0502 
-14.1 0.108 -0.0502 
-14.1 0.108 -0.0502 
-14.1 0.108 -0.0502 
-14.1 0.108 -0.0502 
-14.1 0.108 -0.0502 
-14.1 0.108 -0.0502 
-14.1 0.108 -0.0502 
-14.1 0.108 -0.0502 
-14.1 0.108 -0.0502 
-14.1 0.108 -0.0502 
-14.1 0.108 -0.0502 
-14.1 0.108 -0.0502 
-14.1 0.108 -0.0502 
-14.1 0.108 -0.0502 
-14.1 0.108 -0.0502 
-14.1 0.108 -0.0502 
-14.1 0.108 -0.0502 
-14.1 0.108 -0.0502 
-14.1 0.108 -0.0502 
-14.1 0.108 -0.0502 
-14.1 0.108 -0.0502 
-14.1 0.108 -0.0502 
-14.1 0.108 -0.0502 
-14.1 0.108 -0.0502 
-14.1 0.108 -0.0502 
-14.1 0.108 -0.0502 
-14.1 0.108 -0.0502 
-14.1 0.108 -0.0502 
-14.1 0.108 -0.0502 
-14.1 0.108 -0.0502 
-14.1 0.108 -0.0502 
-14.1 0.108 -0.0502 
-14.1 0.108 -0.0502 
-14.1 0.108 -0.0502 
-14.1 0.108 -0.0502 
-14.1 0.108 -0.0502 
-14.1 0.108 -0.0502 
-14.1 0.108 -0.0502 
-14.1 0.108 -0.0502 
-14.1 0.108 -0.0502 
-14.1 0.108 -0.0502 
-14.1 0.108 -0.0502 
-14.1 0.108 -0.0502 
-14.1 0.108 -0.0502 
-14.1 0.108 -0.0502 
-14.1 0.108 -0.0502 
-14.1 0.108 -0.0502 
-14.1 0.108 -0.0502 
-14.1 0.108 -0.0502 
-14.1 0.108 -0.0502 
-14.1 0.108 -0.0502 
-14.1 0.108 -0.0502 
-14.1 0.108 -0.0502 
-14.1 0.108 -0.0502 
-14.1 0.108 -0.0502 
-14.1 0.108 -0.0502 
-14.1 0.108 -0.0502 
-14.1 0.108 -0.0502 
-14.1 0.108 -0.0502 
-14.1 0.108 -0.0502 
-14.1 0.108 -0.0502 
-14.1 0.108 -0.0502 
-14.1 0.108 -0.0502 
-14.1 0.108 -0.0502 
-14.1 0.108 -0.0502 
-14.1 0.108 -0.0502 
-14.1 0.108 -0.0502 
-14.1 0.108 -0.0502 
-14.1 0.108 -0.0502 
-14.1 0.108 -0.0502 
-14.1 0.108 -0.0502 
-14.1 0.108 -0.0502 
-14.1 0.108 -0.0502 
-14.1 0.108 -0.0502 
-14.1 0.108 -0.0502 
-14.1 0.108 -0.0502 
-14.1 0.108 -0.0502 
-14.1 0.108 -0.0502 
-14.1 0.108 -0.0502 
-14.1 0.108 -0.0502 
-14.1 0.108 -0.0502 
-14.1 0.108 -0.0502 
-14.1 0.108 -0.0502 
-14.1 0.108 -0.0502 
-14.1 0.108 -0.0502 
-14.1 0.108 -0.0502 
-14.1 0.108 -0.0502 
-14.1 0.108 -0.0502 
-14.1 0.108 -0.0502 
-14.1 0.108 -0.0502 
-14.1 0.108 -0.0502 
-14.1 0.108 -0.0502 
-14.1 0.108 -0.0502 
-14.1 0.108 -0.0502 
-14.1 0.108 -0.0502 
-14.1 0.108 -0.0502 
-14.1 0.108 -0.0502 
-14.1 0.108 -0.0502 
-14.1 0.108 -0.0502 
-14.1 0.108 -0.0502 
-14.1 0.108 -0.0502 
-14.1 0.108 -0.0502 
-14.1 0.108 -0.0502 
-14.1 0.108 -0.0502 
-14.1 0.108 -0.0502 
-14.1 0.108 -0.0502 
-14.1 0.108 -0.0502 
-14.1 0.108 -0.0502 
-14.1 0.108 -0.0502 
-14.1 0.108 -0.0502 
-14.1 0.108 -0.0502 
-14.1 0.108 -0.0502 
-14.1 0.108 -0.0502 
-14.1 0.108 -0.0502 
-14.1 0.108 -0.0502 
-14.1 0.108 -0.0502 
-14.1 0.108 -0.0502 
-14.1 0.108 -0.0502 
-14.1 0.108 -0.0502 
-14.1 0.108 -0.0502 
-14.1 0.108 -0.0502 
-14.1 0.108 -0.0502 
-14.1 0.108 -0.0502 
-14.1 0.108 -0.0502 
-14.1 0.108 -0.0502 
-14.1 0.108 -0.0502 
-14.1 0.108 -0.0502 
-14.1 0.108 -0.0502 
-14.1 0.108 -0.0502 
-14.1 0.108 -0.0502 
-14.1 0.108 -0.0502 
-14.1 0.108 -0.0502 
-14.1 0.108 -0.0502 
-14.1 0.108 -0.0502 
-14.1 0.108 -0.0502 
-14.1 0.108 -0.0502 
-14.1 0.108 -0.0502 
-14.1 0.108 -0.0502 
-14.1 0.108 -0.0502 
-14.1 0.108 -0.0502 
-14.1 0.108 -0.0502 
-14.1 0.108 -0.0502 
-14.1 0.108 -0.0502 
-14.1 0.108 -0.0502 
-14.1 0.108 -0.0502 
-14.1 0.108 -0.0502 
-14.1 0.108 -0.0502 
-14.1 0.108 -0.0502 
-14.1 0.108 -0.0502 
-14.1 0.108 -0.0502 
-14.1 0.108 -0.0502 
-14.1 0.108 -0.0502 
-14.1 0.108 -0.0502 
-14.1 0.108 -0.0502 
-14.1 0.108 -0.0502 
-14.1 0.108 -0.0502 
-14.1 0.108 -0.0502 
-14.1 0.108 -0.0502 
-14.1 0.108 -0.0502 
-14.1 0.108 -0.0502 
-14.1 0.108 -0.0502 
-14.1 0.108 -0.0502 
-14.1 0.108 -0.0502 
-14.1 0.108 -0.0502 
-14.1 0.108 -0.0502 
-14.1 0.108 -0.0502 
-14.1 0.108 -0.0502 
-14.1 0.108 -0.0502 
-14.1 0.108 -0.0502 
-14.1 0.108 -0.0502 
-14.1 0.108 -0.0502 
-14.1 0.108 -0.0502 
-14.1 0.108 -0.0502 
-14.1 0.108 -0.0502 
-14.1 0.108 -0.0502 
-14.1 0.108 -0.0502 
-14.1 0.108 -0.0502 
-14.1 0.108 -0.0502 
-14.1 0.108 -0.0502 
-14.1 0.108 -0.0502 
-14.1 0.108 -0.0502 
-14.1 0.108 -0.0502 
-14.1 0.108 -0.0502 
-14.1 0.108 -0.0502 
-14.1 0.108 -0.0502 
-14.1 0.108 -0.0502 
-14.1 0.108 -0.0502 
-14.1 0.108 -0.0502 
-14.1 0.108 -0.0502 
-14.1 0.108 -0.0502 
-14.1 0.108 -0.0502 
-14.1 0.108 -0.0502 
-14.1 0.108 -0.0502 
-14.1 0.108 -0.0502 
-14.1 0.108 -0.0502 
-14.1 0.108 -0.0502 
-14.1 0.108 -0.0502 
-14.1 0.108 -0.0502 
-14.1 0.108 -0.0502 
-14.1 0.108 -0.0502 
-14.1 0.108 -0.0502 
-14.1 0.108 -0.0502 
-14.1 0.108 -0.0502 
-14.1 0.108 -0.0502 
-14.1 0.108 -0.0502 
-14.1 0.108 -0.0502 
-14.1 0.108 -0.0502 
-14.1 0.108 -0.0502 
-14.1 0.108 -0.0502 
-14.1 0.108 -0.0502 
-14.1 0.108 -0.0502 
-14.1 0.108 -0.0502 
-14.1 0.108 -0.0502 
-14.1 0.108 -0.0502 
-14.1 0.108 -0.0502 
-14.1 0.108 -0.0502 
-14.1 0.108 -0.0502 
-14.1 0.108 -0.0502 
-14.1 0.108 -0.0502 
-14.1 0.108 -0.0502 
-14.1 0.108 -0.0502 
-14.1 0.108 -0.0502 
-14.1 0.108 -0.0502 
-14.1 0.108 -0.0502 
-14.1 0.108 -0.0502 
-14.1 0.108 -0.0502 
-14.1 0.108 -0.0502 
-14.1 0.108 -0.0502 
-14.1 0.108 -0.0502 
-14.1 0.108 -0.0502 
-14.1 0.108 -0.0502 
-14.1 0.108 -0.0502 
-14.1 0.108 -0.0502 
-14.1 0.108 -0.0502 
-14.1 0.108 -0.0502 
-14.1 0.108 -0.0502 
-14.1 0.108 -0.0502 
-14.1 0.108 -0.0502 
-14.1 0.108 -0.0502 
-14.1 0.108 -0.0502 
-14.1 0.108 -0.0502 
-14.1 0.108 -0.0502 
-14.1 0.108 -0.0502 
-14.1 0.108 -0.0502 
-14.1 0.108 -0.0502 
-14.1 0.108 -0.0502 
-14.1 0.108 -0.0502 
-14.1 0.108 -0.0502 
-14.1 0.108 -0.0502 
-14.1 0.108 -0.0502 
-14.1 0.108 -0.0502 
-14.1 0.108 -0.0502 
-14.1 0.108 -0.0502 
-14.1 0.108 -0.0502 
-14.1 0.108 -0.0502 
-14.1 0.108 -0.0502 
-14.1 0.108 -0.0502 
-14.1 0.108 -0.0502 
-14.1 0.108 -0.0502 
-14.1 0.108 -0.0502 
-14.1 0.108 -0.0502 
-14.1 0.108 -0.0502 
-14.1 0.108 -0.0502 
-14.1 0.108 -0.0502 
-14.1 0.108 -0.0502 
-14.1 0.108 -0.0502 
-14.1 0.108 -0.0502 
-14.1 0.108 -0.0502 
-14.1 0.108 -0.0502 
-14.1 0.108 -0.0502 
-14.1 0.108 -0.0502 
-14.1 0.108 -0.0502 
-14.1 0.108 -0.0502 
-14.1 0.108 -0.0502 
-14.1 0.108 -0.0502 
-14.1 0.108 -0.0502 
-14.1 0.108 -0.0502 
-14.1 0.108 -0.0502 
-14.1 0.108 -0.0502 
-14.1 0.108 -0.0502 
-14.1 0.108 -0.0502 
-14.1 0.108 -0.0502 
-14.1 0.108 -0.0502 
-14.1 0.108 -0.0502 
-14.1 0.108 -0.0502 
-14.1 0.108 -0.0502 
-14.1 0.108 -0.0502 
-14.1 0.108 -0.0502 
-14.1 0.108 -0.0502 
-14.1 0.108 -0.0502 
-14.1 0.108 -0.0502 
-14.1 0.108 -0.0502 
-14.1 0.108 -0.0502 
-14.1 0.108 -0.0502 
-14.1 0.108 -0.0502 
-14.1 0.108 -0.0502 
-14.1 0.108 -0.0502 
-14.1 0.108 -0.0502 
-14.1 0.108 -0.0502 
-14.1 0.108 -0.0502 
-14.1 0.108 -0.0502 
-14.1 0.108 -0.0502 
-14.1 0.108 -0.0502 
-14.1 0.108 -0.0502 
-14.1 0.108 -0.0502 
-14.1 0.108 -0.0502 
-14.1 0.108 -0.0502 
-14.1 0.108 -0.0502 
-14.1 0.108 -0.0502 
-14.1 0.108 -0.0502 
-14.1 0.108 -0.0502 
-14.1 0.108 -0.0502 
-14.1 0.108 -0.0502 
-14.1 0.108 -0.0502 
-14.1 0.108 -0.0502 
-14.1 0.108 -0.0502 
-14.1 0.108 -0.0502 
-14.1 0.108 -0.0502 
-14.1 0.108 -0.0502 
-14.1 0.108 -0.0502 
-14.1 0.108 -0.0502 
-14.1 0.108 -0.0502 
-14.1 0.108 -0.0502 
-14.1 0.108 -0.0502 
-14.1 0.108 -0.0502 
-14.1 0.108 -0.0502 
-14.1 0.108 -0.0502 
-14.1 0.108 -0.0502 
-14.1 0.108 -0.0502 
-14.1 0.108 -0.0502 
-14.1 0.108 -0.0502 
-14.1 0.108 -0.0502 
-14.1 0.108 -0.0502 
-14.1 0.108 -0.0502 
-14.1 0.108 -0.0502 
-14.1 0.108 -0.0502 
-14.1 0.108 -0.0502 
-14.1 0.108 -0.0502 
-14.1 0.108 -0.0502 
-14.1 0.108 -0.0502 
-14.1 0.108 -0.0502 
-14.1 0.108 -0.0502 
-14.1 0.108 -0.0502 
-14.1 0.108 -0.0502 
-14.1 0.108 -0.0502 
-14.1 0.108 -0.0502 
-14.1 0.108 -0.0502 
-14.1 0.108 -0.0502 
-14.1 0.108 -0.0502 
-14.1 0.108 -0.0502 
-14.1 0.108 -0.0502 
-14.1 0.108 -0.0502 
-14.1 0.108 -0.0502 
-14.1 0.108 -0.0502 
-14.1 0.108 -0.0502 
-14.1 0.108 -0.0502 
-14.1 0.108 -0.0502 
-14.1 0.108 -0.0502 
-14.1 0.108 -0.0502 
-14.1 0.108 -0.0502 
-14.1 0.108 -0.0502 
-14.1 0.108 -0.0502 
-14.1 0.108 -0.0502 
-14.1 0.108 -0.0502 
-14.1 0.108 -0.0502 
-14.1 0.108 -0.0502 
-14.1 0.108 -0.0502 
-14.1 0.108 -0.0502 
-14.1 0.108 -0.0502 
-14.1 0.108 -0.0502 
-14.1 0.108 -0.0502 
-14.1 0.108 -0.0502 
-14.1 0.108 -0.0502 
-14.1 0.108 -0.0502 
-14.1 0.108 -0.0502 
-14.1 0.108 -0.0502 
-14.1 0.108 -0.0502 
-14.1 0.108 -0.0502 
-14.1 0.108 -0.0502 
-14.1 0.108 -0.0502 
-14.1 0.108 -0.0502 
-14.1 0.108 -0.0502 
-14.1 0.108 -0.0502 
-14.1 0.108 -0.0502 
-14.1 0.108 -0.0502 
-14.1 0.108 -0.0502 
-14.1 0.108 -0.0502 
-14.1 0.108 -0.0502 
-14.1 0.108 -0.0502 
-14.1 0.108 -0.0502 
-14.1 0.108 -0.0502 
-14.1 0.108 -0.0502 
-14.1 0.108 -0.0502 
-14.1 0.108 -0.0502 
-14.1 0.108 -0.0502 
-14.1 0.108 -0.0502 
-14.1 0.108 -0.0502 
-14.1 0.108 -0.0502 
-14.1 0.108 -0.0502 
-14.1 0.108 -0.0502 
-14.1 0.108 -0.0502 
-14.1 0.108 -0.0502 
-14.1 0.108 -0.0502 
-14.1 0.108 -0.0502 
-14.1 0.108 -0.0502 
-14.1 0.108 -0.0502 
-14.1 0.108 -0.0502 
-14.1 0.108 -0.0502 
-14.1 0.108 -0.0502 
-14.1 0.108 -0.0502 
-14.1 0.108 -0.0502 
-14.1 0.108 -0.0502 
-14.1 0.108 -0.0502 
-14.1 0.108 -0.0502 
-14.1 0.108 -0.0502 
-14.1 0.108 -0.0502 
-14.1 0.108 -0.0502 
-14.1 0.108 -0.0502 
-14.1 0.108 -0.0502 
-14.1 0.108 -0.0502 
-14.1 0.108 -0.0502 
-14.1 0.108 -0.0502 
-14.1 0.108 -0.0502 
-14.1 0.108 -0.0502 
-14.1 0.108 -0.0502 
-14.1 0.108 -0.0502 
-14.1 0.108 -0.0502 
-14.1 0.108 -0.0502 
-14.1 0.108 -0.0502 
-14.1 0.108 -0.0502 
-14.1 0.108 -0.0502 
-14.1 0.108 -0.0502 
-14.1 0.108 -0.0502 
-14.1 0.108 -0.0502 
-14.1 0.108 -0.0502 
-14.1 0.108 -0.0502 
-14.1 0.108 -0.0502 
-14.1 0.108 -0.0502 
-14.1 0.108 -0.0502 
-14.1 0.108 -0.0502 
-14.1 0.108 -0.0502 
-14.1 0.108 -0.0502 
-14.1 0.108 -0.0502 
-14.1 0.108 -0.0502 
-14.1 0.108 -0.0502 
-14.1 0.108 -0.0502 
-14.1 0.108 -0.0502 
-14.1 0.108 -0.0502 
-14.1 0.108 -0.0502 
-14.1 0.108 -0.0502 
-14.1 0.108 -0.0502 
-14.1 0.108 -0.0502 
-14.1 0.108 -0.0502 
-14.1 0.108 -0.0502 
-14.1 0.108 -0.0502 
-14.1 0.108 -0.0502 
-14.1 0.108 -0.0502 
-14.1 0.108 -0.0502 
-14.1 0.108 -0.0502 
-14.1 0.108 -0.0502 
-14.1 0.108 -0.0502 
-14.1 0.108 -0.0502 
-14.1 0.108 -0.0502 
-14.1 0.108 -0.0502 
-14.1 0.108 -0.0502 
-14.1 0.108 -0.0502 
-14.1 0.108 -0.0502 
-14.1 0.108 -0.0502 
-14.1 0.108 -0.0502 
-14.1 0.108 -0.0502 
-14.1 0.108 -0.0502 
-14.1 0.108 -0.0502 
-14.1 0.108 -0.0502 
-14.1 0.108 -0.0502 
-14.1 0.108 -0.0502 
-14.1 0.108 -0.0502 
-14.1 0.108 -0.0502 
-14.1 0.108 -0.0502 
-14.1 0.108 -0.0502 
-14.1 0.108 -0.0502 
-14.1 0.108 -0.0502 
-14.1 0.108 -0.0502 
-14.1 0.108 -0.0502 
-14.1 0.108 -0.0502 
-14.1 0.108 -0.0502 
-14.1 0.108 -0.0502 
-14.1 0.108 -0.0502 
-14.1 0.108 -0.0502 
-14.1 0.108 -0.0502 
-14.1 0.108 -0.0502 
-14.1 0.108 -0.0502 
-14.1 0.108 -0.0502 
-14.1 0.108 -0.0502 
-14.1 0.108 -0.0502 
-14.1 0.108 -0.0502 
-14.1 0.108 -0.0502 
-14.1 0.108 -0.0502 
-14.1 0.108 -0.0502 
-14.1 0.108 -0.0502 
-14.1 0.108 -0.0502 
-14.1 0.108 -0.0502 
-14.1 0.108 -0.0502 
-14.1 0.108 -0.0502 
-14.1 0.108 -0.0502 
-14.1 0.108 -0.0502 
-14.1 0.108 -0.0502 
-14.1 0.108 -0.0502 
-14.1 0.108 -0.0502 
-14.1 0.108 -0.0502 
-14.1 0.108 -0.0502 
-14.1 0.108 -0.0502 
-14.1 0.108 -0.0502 
-14.1 0.108 -0.0502 
-14.1 0.108 -0.0502 
-14.1 0.108 -0.0502 
-14.1 0.108 -0.0502 
-14.1 0.108 -0.0502 
-14.1 0.108 -0.0502 
-14.1 0.108 -0.0502 
-14.1 0.108 -0.0502 
-14.1 0.108 -0.0502 
-14.1 0.108 -0.0502 
-14.1 0.108 -0.0502 
-14.1 0.108 -0.0502 
-14.1 0.108 -0.0502 
-14.1 0.108 -0.0502 
-14.1 0.108 -0.0502 
-14.1 0.108 -0.0502 
-14.1 0.108 -0.0502 
-14.1 0.108 -0.0502 
-14.1 0.108 -0.0502 
-14.1 0.108 -0.0502 
-14.1 0.108 -0.0502 
-14.1 0.108 -0.0502 
-14.1 0.108 -0.0502 
