-15.8 -0.00279 -1.57 
-17.3 -0.569 -2.06 
-17.9 0.554 -1.65 
-18.1 0.35 -2.03 
-16.3 0.225 -1.85 
-15.9 -0.00838 -2.45 
-15.7 0.133 -2.53 
-14.7 0.203 -2.16 
-15.5 -0.105 -2.74 
-15.2 0.226 -2.82 
-16.7 0.0808 -3.23 
-19 -0.22 -4.04 
-20.6 -0.395 -4.68 
-20.4 -0.753 -4.56 
-17.6 -0.444 -3.6 
-14.2 0.403 -2.56 
-11.7 0.882 -1.81 
-9.32 1.98 -1.07 
-8.66 4.3 -0.983 
-8.47 7.8 -1.13 
-12.1 7.9 -2.89 
-12.8 6.92 -2.99 
-12.2 6.49 -2.73 
-11.5 6.47 -2.31 
-13 6.09 -2.88 
-13.5 5.72 -2.96 
-14.1 5.63 -3.11 
-14.4 5.44 -3.17 
-15.1 5.2 -3.39 
-15.7 4.92 -3.55 
-16.4 4.5 -3.71 
-16.9 4.22 -3.84 
-17.2 3.86 -3.74 
-16.9 3.78 -3.53 
-16.5 3.64 -3.24 
-15.9 3.57 -2.89 
-15.1 3.55 -2.43 
-14.6 3.43 -2.1 
-14.1 3.39 -1.79 
-13.8 3.29 -1.6 
-13.9 3.07 -1.49 
-14.4 2.8 -1.57 
-15.1 2.54 -1.77 
-14.9 2.39 -1.57 
-15.1 2.28 -1.62 
-15.7 2.02 -1.73 
-15.6 2.09 -1.71 
-15.8 1.92 -1.69 
-15.6 1.99 -1.66 
-15.5 2 -1.6 
-15.4 1.93 -1.52 
-15.3 1.98 -1.48 
-15.2 1.98 -1.42 
-15.1 1.96 -1.38 
-15 1.95 -1.33 
-15 1.84 -1.25 
-15.1 1.81 -1.26 
-15 1.78 -1.23 
-15.1 1.76 -1.22 
-15 1.76 -1.18 
-14.9 1.76 -1.15 
-14.8 1.77 -1.12 
-14.8 1.72 -1.08 
-14.7 1.77 -1.08 
-14.6 1.8 -1.06 
-14.5 1.79 -1.02 
-14.6 1.76 -1.05 
-14.5 1.71 -0.969 
-14.4 1.7 -0.89 
-14.3 1.65 -0.82 
-14.2 1.62 -0.77 
-14.2 1.61 -0.767 
-14.1 1.61 -0.738 
-14.1 1.6 -0.736 
-14.1 1.6 -0.74 
-14 1.6 -0.694 
-14 1.58 -0.655 
-13.9 1.59 -0.644 
-13.8 1.56 -0.573 
-13.7 1.54 -0.531 
-13.6 1.53 -0.498 
-13.5 1.53 -0.455 
-13.5 1.51 -0.429 
-13.5 1.5 -0.43 
-13.4 1.48 -0.425 
-13.5 1.46 -0.45 
-13.6 1.43 -0.453 
-13.6 1.39 -0.456 
-13.7 1.34 -0.455 
-13.7 1.3 -0.446 
-13.7 1.3 -0.465 
-13.8 1.25 -0.474 
-13.8 1.24 -0.492 
-13.9 1.19 -0.5 
-13.9 1.19 -0.517 
-14 1.14 -0.52 
-14.1 1.13 -0.524 
-14.1 1.11 -0.536 
-14.2 1.04 -0.543 
-14.2 1.05 -0.535 
-14.2 1.05 -0.53 
-14.3 1 -0.54 
-14.3 1.01 -0.546 
-14.3 1.01 -0.553 
-14.3 0.975 -0.551 
-14.3 0.963 -0.553 
-14.4 0.94 -0.566 
-14.4 0.94 -0.567 
-14.4 0.919 -0.572 
-14.4 0.919 -0.569 
-14.5 0.903 -0.577 
-14.5 0.897 -0.582 
-14.5 0.882 -0.585 
-14.6 0.861 -0.596 
-14.6 0.861 -0.59 
-14.6 0.835 -0.58 
-14.6 0.843 -0.578 
-14.6 0.817 -0.574 
-14.6 0.812 -0.578 
-14.6 0.795 -0.572 
-14.6 0.787 -0.557 
-14.6 0.783 -0.553 
-14.6 0.774 -0.559 
-14.7 0.768 -0.574 
-14.6 0.764 -0.571 
-14.7 0.766 -0.587 
-14.7 0.773 -0.598 
-14.7 0.793 -0.612 
-14.7 0.817 -0.606 
-14.7 0.829 -0.623 
-14.6 0.851 -0.625 
-14.6 0.871 -0.616 
-14.6 0.876 -0.593 
-14.5 0.865 -0.57 
-14.6 0.84 -0.616 
-14.6 0.827 -0.645 
-14.7 0.816 -0.663 
-14.7 0.803 -0.67 
-14.7 0.788 -0.695 
-14.7 0.784 -0.687 
-14.8 0.76 -0.705 
-14.8 0.756 -0.711 
-14.8 0.737 -0.704 
-14.8 0.741 -0.693 
-14.8 0.749 -0.686 
-14.8 0.752 -0.678 
-14.8 0.737 -0.669 
-14.8 0.731 -0.661 
-14.8 0.729 -0.646 
-14.8 0.727 -0.638 
-14.8 0.724 -0.633 
-14.9 0.717 -0.636 
-14.9 0.695 -0.623 
-14.9 0.703 -0.613 
-14.9 0.706 -0.608 
-14.9 0.705 -0.603 
-14.9 0.703 -0.603 
-14.9 0.685 -0.604 
-14.9 0.687 -0.6 
-14.9 0.684 -0.6 
-15 0.676 -0.602 
-15 0.677 -0.606 
-15 0.687 -0.609 
-15 0.679 -0.627 
-15 0.681 -0.617 
-15 0.678 -0.606 
-15 0.666 -0.602 
-15 0.659 -0.595 
-15 0.66 -0.567 
-15 0.649 -0.567 
-14.9 0.649 -0.544 
-14.9 0.644 -0.528 
-14.9 0.646 -0.516 
-14.9 0.644 -0.512 
-14.8 0.646 -0.496 
-14.9 0.643 -0.497 
-14.8 0.646 -0.475 
-14.8 0.643 -0.472 
-14.8 0.637 -0.473 
-14.8 0.637 -0.47 
-14.8 0.626 -0.447 
-14.8 0.621 -0.448 
-14.9 0.617 -0.451 
-14.9 0.613 -0.455 
-14.9 0.591 -0.462 
-14.9 0.594 -0.467 
-14.9 0.591 -0.473 
-14.9 0.583 -0.45 
-14.9 0.576 -0.471 
-14.9 0.578 -0.475 
-14.9 0.575 -0.485 
-14.9 0.561 -0.499 
-14.9 0.563 -0.494 
-15 0.541 -0.529 
-15 0.541 -0.53 
-15 0.538 -0.526 
-15 0.532 -0.53 
-15 0.514 -0.533 
-15.1 0.493 -0.541 
-15.1 0.475 -0.556 
-15.1 0.465 -0.556 
-15.2 0.449 -0.572 
-15.2 0.448 -0.568 
-15.2 0.449 -0.573 
-15.2 0.446 -0.579 
-15.2 0.448 -0.575 
-15.2 0.454 -0.564 
-15.2 0.454 -0.546 
-15.2 0.451 -0.549 
-15.2 0.46 -0.521 
-15.2 0.454 -0.533 
-15.2 0.457 -0.532 
-15.1 0.46 -0.505 
-15.1 0.458 -0.51 
-15.1 0.463 -0.512 
-15.1 0.476 -0.513 
-15.1 0.463 -0.557 
-15.1 0.484 -0.543 
-15.1 0.488 -0.55 
-15.1 0.488 -0.552 
-15.1 0.489 -0.555 
-15.1 0.489 -0.562 
-15.1 0.498 -0.543 
-15 0.502 -0.539 
-15.2 0.417 -0.549 
-15.1 0.503 -0.549 
-15.1 0.497 -0.554 
-15.1 0.5 -0.529 
-15.1 0.502 -0.527 
-15.1 0.506 -0.537 
-15.1 0.499 -0.541 
-15.1 0.498 -0.543 
-15.2 0.449 -0.529 
-15.2 0.497 -0.55 
-15.3 0.418 -0.531 
-15.2 0.479 -0.578 
-15.2 0.476 -0.576 
-15.3 0.461 -0.598 
-15.3 0.438 -0.611 
-15.3 0.421 -0.613 
-15.3 0.405 -0.615 
-15.4 0.386 -0.624 
-15.4 0.386 -0.626 
-15.4 0.369 -0.633 
-15.4 0.369 -0.632 
-15.4 0.352 -0.63 
-15.4 0.352 -0.629 
-15.4 0.336 -0.625 
-15.4 0.336 -0.626 
-15.5 0.321 -0.629 
-15.5 0.323 -0.63 
-15.5 0.308 -0.628 
-15.5 0.31 -0.631 
-15.5 0.31 -0.632 
-15.5 0.299 -0.636 
-15.5 0.301 -0.638 
-15.5 0.3 -0.638 
-15.5 0.3 -0.638 
-15.5 0.291 -0.633 
-15.5 0.29 -0.644 
-15.5 0.292 -0.645 
-15.5 0.283 -0.646 
-15.5 0.285 -0.645 
-15.5 0.286 -0.645 
-15.5 0.277 -0.645 
-15.5 0.281 -0.641 
-15.5 0.283 -0.64 
-15.5 0.276 -0.639 
-15.5 0.277 -0.64 
-15.5 0.275 -0.639 
-15.5 0.27 -0.639 
-15.5 0.269 -0.64 
-15.5 0.273 -0.637 
-15.5 0.272 -0.628 
-15.5 0.274 -0.624 
-15.5 0.277 -0.622 
-15.5 0.282 -0.629 
-15.5 0.283 -0.627 
-15.5 0.284 -0.631 
-15.5 0.282 -0.633 
-15.5 0.28 -0.635 
-15.5 0.279 -0.638 
-15.5 0.278 -0.638 
-15.5 0.274 -0.64 
-15.5 0.275 -0.642 
-15.5 0.272 -0.65 
-15.5 0.273 -0.651 
-15.5 0.27 -0.651 
-15.5 0.271 -0.652 
-15.5 0.272 -0.653 
-15.5 0.273 -0.651 
-15.5 0.273 -0.651 
-15.5 0.274 -0.652 
-15.5 0.275 -0.65 
-15.5 0.273 -0.65 
-15.5 0.274 -0.65 
-15.5 0.278 -0.64 
-15.5 0.276 -0.648 
-15.5 0.276 -0.649 
-15.5 0.276 -0.647 
-15.5 0.275 -0.647 
-15.5 0.276 -0.645 
-15.4 0.276 -0.645 
-15.4 0.279 -0.639 
-15.5 0.275 -0.634 
-15.5 0.277 -0.641 
-15.5 0.275 -0.639 
-15.5 0.272 -0.639 
-15.5 0.267 -0.638 
-15.5 0.267 -0.64 
-15.5 0.27 -0.637 
-15.5 0.27 -0.642 
-15.5 0.272 -0.643 
-15.5 0.271 -0.643 
-15.4 0.27 -0.644 
-15.4 0.27 -0.643 
-15.4 0.267 -0.64 
-15.4 0.265 -0.648 
-15.4 0.264 -0.639 
-15.4 0.264 -0.63 
-15.4 0.263 -0.629 
-15.4 0.266 -0.623 
-15.4 0.266 -0.622 
-15.4 0.267 -0.617 
-15.4 0.269 -0.613 
-15.3 0.249 -0.306 
-15.4 0.251 -0.598 
-15.4 0.268 -0.561 
-15.4 0.276 -0.558 
-15.3 0.277 -0.561 
-15.3 0.28 -0.558 
-15.3 0.281 -0.556 
-15.3 0.281 -0.559 
-15.3 0.28 -0.561 
-15.3 0.279 -0.557 
-15.3 0.279 -0.554 
-15.4 0.276 -0.553 
-15.4 0.277 -0.553 
-15.4 0.275 -0.553 
-15.4 0.277 -0.55 
-15.4 0.277 -0.549 
-15.4 0.278 -0.548 
-15.4 0.282 -0.549 
-15.4 0.283 -0.546 
-15.3 0.276 -0.437 
-15.3 0.28 -0.547 
-15.3 0.281 -0.547 
-15.3 0.293 -0.546 
-15.3 0.293 -0.543 
-15.3 0.29 -0.534 
-15.3 0.29 -0.535 
-15.3 0.289 -0.535 
-15.3 0.29 -0.535 
-15.3 0.289 -0.537 
-15.3 0.286 -0.541 
-15.3 0.285 -0.547 
-15.3 0.29 -0.548 
-15.4 0.291 -0.553 
-15.3 0.292 -0.554 
-15.3 0.291 -0.562 
-15.3 0.291 -0.563 
-15.3 0.291 -0.566 
-15.3 0.292 -0.568 
-15.3 0.289 -0.569 
-15.3 0.289 -0.571 
-15.4 0.287 -0.563 
-15.4 0.283 -0.561 
-15.4 0.283 -0.566 
-15.4 0.279 -0.566 
-15.4 0.273 -0.566 
-15.4 0.27 -0.563 
-15.4 0.267 -0.561 
-15.4 0.264 -0.554 
-15.4 0.261 -0.552 
-15.4 0.259 -0.545 
-15.4 0.259 -0.532 
-15.4 0.258 -0.525 
-15.4 0.258 -0.511 
-15.4 0.259 -0.501 
-15.4 0.26 -0.493 
-15.4 0.263 -0.477 
-15.4 0.265 -0.457 
-15.4 0.267 -0.452 
-15.4 0.269 -0.447 
-15.4 0.269 -0.441 
-15.4 0.271 -0.443 
-15.4 0.271 -0.444 
-15.4 0.271 -0.44 
-15.4 0.272 -0.439 
-15.4 0.27 -0.44 
-15.4 0.271 -0.437 
-15.5 0.272 -0.432 
-15.4 0.274 -0.43 
-15.4 0.276 -0.425 
-15.4 0.275 -0.426 
-15.4 0.278 -0.418 
-15.4 0.276 -0.419 
-15.4 0.279 -0.412 
-15.4 0.281 -0.405 
-15.4 0.283 -0.398 
-15.4 0.285 -0.394 
-15.5 0.286 -0.386 
-15.5 0.286 -0.38 
-15.5 0.286 -0.374 
-15.5 0.29 -0.372 
-15.5 0.292 -0.369 
-15.5 0.295 -0.365 
-15.5 0.3 -0.359 
-15.6 0.303 -0.359 
-15.6 0.308 -0.353 
-15.6 0.314 -0.346 
-15.6 0.322 -0.342 
-15.6 0.327 -0.335 
-15.6 0.335 -0.332 
-15.6 0.341 -0.328 
-15.6 0.348 -0.321 
-15.6 0.352 -0.313 
-15.6 0.355 -0.305 
-15.6 0.358 -0.298 
-15.6 0.359 -0.293 
-15.6 0.359 -0.293 
-15.6 0.358 -0.292 
-15.6 0.357 -0.288 
-15.6 0.352 -0.289 
-15.6 0.349 -0.288 
-15.7 0.343 -0.29 
-15.7 0.336 -0.291 
-15.7 0.33 -0.291 
-15.7 0.325 -0.289 
-15.7 0.319 -0.288 
-15.7 0.312 -0.286 
-15.7 0.307 -0.285 
-15.6 0.305 -0.283 
-15.6 0.301 -0.283 
-15.6 0.3 -0.284 
-15.6 0.301 -0.284 
-15.6 0.3 -0.284 
-15.6 0.3 -0.285 
-15.6 0.3 -0.287 
-15.6 0.301 -0.285 
-15.6 0.299 -0.286 
-15.6 0.299 -0.287 
-15.6 0.299 -0.29 
-15.7 0.299 -0.29 
-15.7 0.299 -0.314 
-15.7 0.299 -0.289 
-15.6 0.297 -0.288 
-15.6 0.294 -0.26 
-15.6 0.294 -0.282 
-15.6 0.288 -0.257 
-15.6 0.286 -0.256 
-15.6 0.287 -0.272 
-15.6 0.282 -0.238 
-15.6 0.283 -0.268 
-15.5 0.282 -0.266 
-15.5 0.283 -0.264 
-15.5 0.28 -0.26 
-15.5 0.279 -0.261 
-15.5 0.275 -0.259 
-15.5 0.273 -0.258 
-15.5 0.268 -0.255 
-15.5 0.266 -0.256 
-15.5 0.26 -0.256 
-15.5 0.259 -0.258 
-15.5 0.253 -0.257 
-15.5 0.253 -0.256 
-15.4 0.247 -0.256 
-15.4 0.247 -0.256 
-15.4 0.242 -0.256 
-15.4 0.244 -0.255 
-15.4 0.239 -0.256 
-15.4 0.238 -0.256 
-15.4 0.232 -0.258 
-15.4 0.231 -0.262 
-15.4 0.226 -0.265 
-15.4 0.224 -0.267 
-15.4 0.225 -0.268 
-15.4 0.223 -0.269 
-15.4 0.224 -0.269 
-15.4 0.223 -0.27 
-15.4 0.224 -0.269 
-15.4 0.223 -0.268 
-15.4 0.222 -0.267 
-15.4 0.221 -0.269 
-15.4 0.22 -0.269 
-15.5 0.22 -0.269 
-15.5 0.219 -0.271 
-15.5 0.216 -0.274 
-15.5 0.213 -0.275 
-15.5 0.212 -0.276 
-15.5 0.208 -0.278 
-15.5 0.205 -0.275 
-15.5 0.205 -0.274 
-15.4 0.204 -0.27 
-15.4 0.203 -0.262 
-15.4 0.2 -0.259 
-15.4 0.198 -0.256 
-15.4 0.195 -0.255 
-15.4 0.195 -0.253 
-15.4 0.195 -0.248 
-15.4 0.193 -0.249 
-15.4 0.189 -0.245 
-15.4 0.186 -0.243 
-15.4 0.18 -0.245 
-15.4 0.177 -0.248 
-15.5 0.174 -0.249 
-15.5 0.174 -0.25 
-15.5 0.173 -0.249 
-15.5 0.173 -0.247 
-15.5 0.172 -0.246 
-15.4 0.171 -0.245 
-15.4 0.168 -0.243 
-15.4 0.167 -0.243 
-15.4 0.162 -0.24 
-15.4 0.16 -0.242 
-15.4 0.157 -0.241 
-15.4 0.156 -0.241 
-15.4 0.151 -0.24 
-15.4 0.146 -0.24 
-15.4 0.141 -0.242 
-15.4 0.137 -0.243 
-15.4 0.134 -0.244 
-15.4 0.132 -0.246 
-15.4 0.129 -0.247 
-15.4 0.126 -0.246 
-15.4 0.128 -0.245 
-15.4 0.128 -0.244 
-15.4 0.13 -0.244 
-15.4 0.131 -0.243 
-15.4 0.132 -0.243 
-15.4 0.134 -0.242 
-15.4 0.133 -0.241 
-15.4 0.135 -0.241 
-15.4 0.137 -0.238 
-15.4 0.139 -0.236 
-15.4 0.139 -0.235 
-15.4 0.139 -0.233 
-15.4 0.139 -0.233 
-15.4 0.14 -0.229 
-15.4 0.14 -0.229 
-15.4 0.14 -0.229 
-15.4 0.14 -0.226 
-15.4 0.14 -0.226 
-15.4 0.14 -0.226 
-15.4 0.14 -0.225 
-15.4 0.139 -0.224 
-15.4 0.139 -0.224 
-15.4 0.138 -0.222 
-15.4 0.139 -0.223 
-15.4 0.137 -0.223 
-15.4 0.137 -0.222 
-15.4 0.137 -0.222 
-15.4 0.137 -0.221 
-15.4 0.136 -0.222 
-15.4 0.136 -0.221 
-15.4 0.137 -0.22 
-15.4 0.138 -0.218 
-15.3 0.138 -0.218 
-15.3 0.137 -0.217 
-15.3 0.137 -0.217 
-15.3 0.136 -0.216 
-15.3 0.135 -0.215 
-15.3 0.134 -0.214 
-15.3 0.134 -0.214 
-15.3 0.133 -0.214 
-15.3 0.133 -0.213 
-15.3 0.132 -0.214 
-15.3 0.132 -0.213 
-15.3 0.13 -0.212 
-15.3 0.131 -0.213 
-15.3 0.131 -0.213 
-15.3 0.13 -0.213 
-15.4 0.128 -0.214 
-15.4 0.128 -0.213 
-15.4 0.126 -0.214 
-15.4 0.124 -0.216 
-15.4 0.124 -0.215 
-15.4 0.122 -0.214 
-15.4 0.122 -0.212 
-15.4 0.122 -0.212 
-15.4 0.122 -0.212 
-15.4 0.121 -0.212 
-15.4 0.121 -0.213 
-15.4 0.12 -0.211 
-15.4 0.119 -0.21 
-15.4 0.118 -0.205 
-15.4 0.117 -0.202 
-15.4 0.117 -0.2 
-15.4 0.117 -0.198 
-15.4 0.117 -0.197 
-15.4 0.116 -0.195 
-15.4 0.115 -0.194 
-15.4 0.115 -0.193 
-15.4 0.114 -0.192 
-15.4 0.112 -0.191 
-15.4 0.112 -0.19 
-15.4 0.111 -0.189 
-15.4 0.109 -0.189 
-15.4 0.11 -0.187 
-15.4 0.11 -0.186 
-15.4 0.109 -0.185 
-15.4 0.113 -0.178 
-15.4 0.109 -0.183 
-15.4 0.111 -0.18 
-15.4 0.112 -0.177 
-15.4 0.114 -0.173 
-15.4 0.116 -0.17 
-15.4 0.117 -0.167 
-15.4 0.117 -0.164 
-15.4 0.118 -0.162 
-15.4 0.118 -0.161 
-15.4 0.118 -0.162 
-15.4 0.118 -0.162 
-15.4 0.117 -0.164 
-15.4 0.117 -0.164 
-15.4 0.111 -0.161 
-15.4 0.117 -0.166 
-15.4 0.117 -0.167 
-15.4 0.117 -0.168 
-15.4 0.116 -0.167 
-15.4 0.116 -0.167 
-15.4 0.115 -0.168 
-15.4 0.115 -0.169 
-15.4 0.115 -0.169 
-15.4 0.114 -0.168 
-15.4 0.114 -0.167 
-15.4 0.114 -0.167 
-15.4 0.114 -0.167 
-15.4 0.113 -0.168 
-15.4 0.114 -0.168 
-15.3 0.113 -0.167 
-15.3 0.113 -0.167 
-15.3 0.113 -0.167 
-15.3 0.112 -0.167 
-15.3 0.112 -0.167 
-15.4 0.111 -0.167 
-15.4 0.111 -0.165 
-15.4 0.111 -0.163 
-15.4 0.111 -0.162 
-15.3 0.111 -0.159 
-15.3 0.11 -0.157 
-15.4 0.108 -0.155 
-15.3 0.11 -0.153 
-15.3 0.109 -0.151 
-15.3 0.108 -0.151 
-15.3 0.108 -0.149 
-15.3 0.108 -0.146 
-15.3 0.107 -0.147 
-15.3 0.107 -0.146 
-15.3 0.107 -0.145 
-15.3 0.107 -0.144 
-15.3 0.107 -0.144 
-15.3 0.107 -0.143 
-15.3 0.108 -0.142 
-15.3 0.109 -0.141 
-15.3 0.109 -0.14 
-15.3 0.112 -0.136 
-15.3 0.112 -0.134 
-15.3 0.111 -0.133 
-15.3 0.112 -0.132 
-15.3 0.114 -0.13 
-15.3 0.114 -0.129 
-15.3 0.115 -0.127 
-15.3 0.113 -0.127 
-15.3 0.115 -0.125 
-15.3 0.115 -0.124 
-15.3 0.112 -0.121 
-15.3 0.114 -0.122 
-15.3 0.113 -0.12 
-15.3 0.113 -0.12 
-15.3 0.112 -0.12 
-15.3 0.102 -0.122 
-15.3 0.109 -0.124 
-15.3 0.11 -0.122 
-15.3 0.107 -0.123 
-15.3 0.108 -0.122 
-15.3 0.107 -0.123 
-15.3 0.107 -0.123 
-15.3 0.107 -0.123 
-15.3 0.108 -0.123 
-15.3 0.107 -0.124 
-15.3 0.106 -0.125 
-15.3 0.107 -0.125 
-15.3 0.107 -0.124 
-15.3 0.107 -0.122 
-15.3 0.107 -0.12 
-15.3 0.107 -0.119 
-15.3 0.108 -0.118 
-15.3 0.108 -0.116 
-15.3 0.109 -0.114 
-15.3 0.109 -0.114 
-15.3 0.11 -0.112 
-15.3 0.11 -0.111 
-15.3 0.111 -0.111 
-15.3 0.111 -0.109 
-15.3 0.112 -0.108 
-15.3 0.112 -0.108 
-15.3 0.112 -0.105 
-15.3 0.112 -0.104 
-15.3 0.113 -0.1 
-15.2 0.113 -0.101 
-15.2 0.113 -0.0972 
-15.2 0.112 -0.0977 
-15.2 0.112 -0.0945 
-15.2 0.112 -0.0941 
-15.2 0.112 -0.0939 
-15.2 0.112 -0.0914 
-15.2 0.111 -0.0915 
-15.2 0.111 -0.0916 
-15.2 0.111 -0.0899 
-15.2 0.111 -0.0901 
-15.2 0.111 -0.0898 
-15.2 0.11 -0.0893 
-15.2 0.11 -0.0895 
-15.2 0.11 -0.0891 
-15.2 0.11 -0.089 
-15.2 0.109 -0.0885 
-15.2 0.109 -0.088 
-15.2 0.109 -0.0873 
-15.2 0.11 -0.087 
-15.2 0.109 -0.0864 
-15.2 0.11 -0.0857 
-15.2 0.109 -0.0856 
-15.1 0.109 -0.0858 
-15.1 0.107 -0.086 
-15.1 0.107 -0.0857 
-15.1 0.106 -0.0863 
-15.1 0.104 -0.0856 
-15.1 0.103 -0.0853 
-15.1 0.103 -0.0851 
-15.1 0.102 -0.084 
-15.1 0.102 -0.0841 
-15.1 0.102 -0.0842 
-15.1 0.102 -0.0839 
-15.1 0.102 -0.083 
-15.1 0.102 -0.0829 
-15.1 0.102 -0.0829 
-15.1 0.101 -0.0809 
-15.1 0.101 -0.0808 
-15.1 0.101 -0.0823 
-15.1 0.101 -0.0819 
-15.1 0.101 -0.0808 
-15.1 0.102 -0.0829 
-15.1 0.102 -0.0825 
-15.1 0.102 -0.0823 
-15.1 0.102 -0.0839 
-15.1 0.102 -0.0819 
-15.1 0.102 -0.0819 
-15.1 0.102 -0.0808 
-15.1 0.102 -0.0811 
-15.1 0.103 -0.0833 
-15.1 0.103 -0.0827 
-15.1 0.102 -0.0825 
-15.1 0.102 -0.0827 
-15.1 0.101 -0.0817 
-15.1 0.101 -0.0813 
-15.1 0.101 -0.0811 
-15.1 0.101 -0.0809 
-15.1 0.101 -0.0803 
-15.1 0.101 -0.0799 
-15.1 0.101 -0.0793 
-15.1 0.101 -0.0788 
-15.1 0.101 -0.0782 
-15.1 0.101 -0.0781 
-15.1 0.0999 -0.0763 
-15.1 0.101 -0.0779 
-15.1 0.101 -0.0779 
-15.1 0.101 -0.078 
-15.1 0.101 -0.078 
-15.1 0.101 -0.078 
-15.1 0.101 -0.0781 
-15.1 0.101 -0.078 
-15.1 0.101 -0.0781 
-15.1 0.101 -0.0781 
-15.1 0.101 -0.0781 
-15.1 0.101 -0.0785 
-15.1 0.101 -0.0788 
-15.1 0.101 -0.0788 
-15.1 0.101 -0.0786 
-15.1 0.102 -0.0786 
-15.1 0.101 -0.0786 
-15.1 0.101 -0.0785 
-15.1 0.101 -0.0784 
-15.1 0.101 -0.0784 
-15.1 0.101 -0.0784 
-15.1 0.101 -0.0783 
-15.1 0.101 -0.0783 
-15.1 0.101 -0.0785 
-15.1 0.101 -0.0786 
-15.1 0.101 -0.0787 
-15.1 0.101 -0.0784 
-15.1 0.101 -0.0788 
-15.1 0.102 -0.078 
-15.1 0.102 -0.078 
-15.1 0.102 -0.0779 
-15.1 0.102 -0.0782 
-15.1 0.103 -0.0785 
-15.1 0.103 -0.0788 
-15.1 0.103 -0.0791 
-15.1 0.103 -0.0791 
-15.1 0.102 -0.0791 
-15.1 0.102 -0.0791 
-15 0.102 -0.0792 
-15 0.102 -0.0792 
-15 0.102 -0.0793 
-15 0.102 -0.0794 
-15 0.102 -0.0795 
-15 0.101 -0.0797 
-15 0.101 -0.0799 
-15 0.101 -0.08 
-15 0.101 -0.08 
-15 0.101 -0.0802 
-15 0.101 -0.0802 
-15 0.101 -0.0805 
-15 0.101 -0.0805 
-15 0.101 -0.0806 
-15 0.101 -0.0806 
-15 0.101 -0.0808 
-15 0.101 -0.0809 
-15 0.103 -0.08 
-15 0.101 -0.0813 
-15 0.1 -0.0815 
-15 0.1 -0.0814 
-15 0.1 -0.0818 
-15 0.1 -0.0817 
-15 0.0998 -0.0819 
-15 0.0999 -0.0818 
-15 0.0995 -0.0822 
-15 0.0995 -0.0821 
-15 0.0984 -0.0821 
-15 0.099 -0.0828 
-15 0.0973 -0.0827 
-15 0.123 -0.0642 
-15 0.0986 -0.0834 
-15 0.0978 -0.0841 
-14.9 0.0978 -0.084 
-14.9 0.0971 -0.0846 
-14.9 0.0971 -0.0849 
-14.9 0.097 -0.085 
-14.9 0.096 -0.0858 
-14.9 0.096 -0.0858 
-14.9 0.0958 -0.086 
-14.9 0.096 -0.0859 
-14.9 0.094 -0.088 
-14.9 0.0942 -0.0877 
-14.9 0.0948 -0.0875 
-15 0.0947 -0.0877 
-15 0.0946 -0.0881 
-15 0.0946 -0.088 
-15 0.0945 -0.0879 
-15 0.0937 -0.0887 
-15 0.093 -0.0895 
-15 0.0931 -0.0895 
-14.9 0.0931 -0.0897 
-14.9 0.0926 -0.0904 
-14.9 0.0927 -0.0901 
-14.9 0.0887 -0.093 
-14.9 0.0915 -0.091 
-14.9 0.0908 -0.0911 
-14.9 0.0919 -0.0902 
-14.9 0.0921 -0.0904 
-14.9 0.0921 -0.0906 
-14.9 0.0922 -0.0906 
-14.9 0.092 -0.0906 
-14.9 0.0921 -0.0907 
-14.9 0.0922 -0.0907 
-14.9 0.0943 -0.0894 
-14.9 0.0928 -0.0903 
-14.9 0.0933 -0.0901 
-14.9 0.0937 -0.0898 
-14.9 0.0941 -0.0898 
-14.9 0.094 -0.0898 
-14.9 0.0943 -0.0892 
-14.9 0.0938 -0.0901 
-14.9 0.0939 -0.0898 
-14.9 0.0929 -0.0907 
-14.9 0.0925 -0.0912 
-14.9 0.0925 -0.0911 
-14.9 0.0925 -0.0912 
-14.9 0.0923 -0.0912 
-14.9 0.0912 -0.0916 
-14.9 0.0912 -0.092 
-14.9 0.0913 -0.0919 
-14.9 0.0909 -0.0922 
-14.8 0.0917 -0.0916 
-14.8 0.0893 -0.0981 
-14.8 0.0922 -0.0915 
-14.8 0.0921 -0.0913 
-14.8 0.0923 -0.091 
-14.8 0.0926 -0.0908 
-14.8 0.0929 -0.0905 
-14.8 0.0932 -0.0904 
-14.8 0.0934 -0.0904 
-14.7 0.0949 -0.0892 
-14.7 0.0948 -0.089 
-14.7 0.0947 -0.0891 
-14.7 0.0954 -0.0884 
-14.7 0.0955 -0.0881 
-14.7 0.096 -0.0879 
-14.7 0.0957 -0.0883 
-14.7 0.0967 -0.0875 
-14.7 0.0966 -0.0873 
-14.7 0.0978 -0.0859 
-14.7 0.0977 -0.0861 
-14.7 0.0995 -0.0845 
-14.7 0.0995 -0.0844 
-14.7 0.102 -0.0823 
-14.7 0.102 -0.0822 
-14.7 0.0967 -0.0859 
-14.7 0.0967 -0.0858 
-14.7 0.0966 -0.0859 
-14.7 0.0966 -0.0858 
-14.7 0.0974 -0.0862 
-14.7 0.0976 -0.0861 
-14.7 0.0964 -0.087 
-14.7 0.0986 -0.0858 
-14.7 0.0965 -0.0868 
-14.7 0.0966 -0.0867 
-14.7 0.0947 -0.0872 
-14.7 0.0961 -0.0884 
-14.7 0.0891 -0.0872 
-14.7 0.096 -0.0891 
-14.7 0.102 -0.0851 
-14.7 0.0941 -0.0904 
-14.7 0.0934 -0.0911 
-14.7 0.0933 -0.091 
-14.7 0.0914 -0.093 
-14.7 0.0926 -0.0923 
-14.6 0.0899 -0.0941 
-14.6 0.09 -0.0943 
-14.6 0.0889 -0.0953 
-14.6 0.0893 -0.095 
-14.6 0.0902 -0.0946 
-14.6 0.091 -0.0938 
-14.6 0.0912 -0.0938 
-14.6 0.0921 -0.0927 
-14.6 0.0926 -0.0915 
-14.6 0.0927 -0.0912 
-14.6 0.0928 -0.091 
-14.6 0.0929 -0.0914 
-14.6 0.0927 -0.0916 
-14.6 0.0919 -0.0921 
-14.6 0.0921 -0.0915 
-14.6 0.0921 -0.092 
-14.6 0.0923 -0.0926 
-14.6 0.092 -0.0926 
-14.6 0.0916 -0.0929 
-14.6 0.0915 -0.0926 
-14.6 0.0914 -0.0926 
-14.6 0.0913 -0.0932 
-14.6 0.0859 -0.097 
-14.6 0.0887 -0.095 
-14.6 0.0886 -0.0951 
-14.6 0.0883 -0.0957 
-14.6 0.0878 -0.0962 
-14.6 0.0874 -0.0959 
-14.6 0.0875 -0.0953 
-14.6 0.089 -0.0944 
-14.6 0.089 -0.0942 
-14.6 0.0883 -0.095 
-14.6 0.0898 -0.0929 
-14.6 0.0899 -0.0927 
-14.6 0.09 -0.0929 
-14.6 0.0901 -0.093 
-14.6 0.0941 -0.0916 
-14.6 0.0938 -0.0916 
-14.6 0.0935 -0.092 
-14.6 0.0935 -0.0923 
-14.6 0.0907 -0.0954 
-14.6 0.0916 -0.0951 
-14.6 0.0897 -0.0982 
-14.6 0.0898 -0.0992 
-14.6 0.0886 -0.0997 
-14.6 0.0887 -0.1 
-14.6 0.0888 -0.1 
-14.6 0.088 -0.101 
-14.6 0.0881 -0.1 
-14.6 0.0883 -0.1 
-14.6 0.0877 -0.102 
-14.6 0.0878 -0.101 
-14.6 0.0885 -0.101 
-14.6 0.0888 -0.101 
-14.6 0.0888 -0.1 
-14.6 0.0889 -0.102 
-14.6 0.0889 -0.101 
-14.6 0.0895 -0.101 
-14.6 0.0893 -0.101 
-14.6 0.0896 -0.101 
-14.6 0.0898 -0.101 
-14.6 0.0915 -0.102 
-14.6 0.0907 -0.101 
-14.6 0.0922 -0.101 
-14.6 0.0927 -0.101 
-14.6 0.0933 -0.101 
-14.6 0.0933 -0.1 
-14.6 0.0941 -0.101 
-14.6 0.0942 -0.1 
-14.6 0.0952 -0.1 
-14.6 0.095 -0.101 
-14.6 0.0947 -0.101 
-14.6 0.0951 -0.1 
-14.6 0.0949 -0.1 
-14.6 0.0976 -0.0982 
-14.6 0.0986 -0.0979 
-14.6 0.0991 -0.0977 
-14.5 0.0996 -0.0977 
-14.5 0.101 -0.0971 
-14.5 0.101 -0.0968 
-14.5 0.0985 -0.0996 
-14.5 0.0987 -0.1 
-14.5 0.0989 -0.102 
-14.5 0.1 -0.102 
-14.5 0.101 -0.103 
-14.5 0.101 -0.105 
-14.5 0.103 -0.105 
-14.4 0.105 -0.105 
-14.4 0.107 -0.105 
-14.4 0.107 -0.106 
-14.4 0.108 -0.105 
-14.4 0.112 -0.102 
-14.4 0.116 -0.1 
-14.4 0.119 -0.0975 
-14.4 0.124 -0.0938 
-14.4 0.128 -0.0914 
-14.4 0.132 -0.0885 
-14.4 0.136 -0.0862 
-14.4 0.139 -0.0844 
-14.4 0.141 -0.083 
-14.4 0.143 -0.0821 
-14.3 0.145 -0.0815 
-14.3 0.147 -0.0802 
-14.3 0.149 -0.079 
-14.3 0.151 -0.0786 
-14.3 0.153 -0.0775 
-14.3 0.155 -0.0765 
-14.3 0.158 -0.0585 
-14.3 0.156 -0.0758 
-14.3 0.158 -0.0753 
-14.3 0.159 -0.0615 
-14.3 0.16 -0.074 
-14.3 0.161 -0.0739 
-14.3 0.161 -0.0564 
-14.3 0.162 -0.0727 
-14.3 0.164 -0.0712 
-14.3 0.164 -0.0711 
-14.3 0.166 -0.0698 
-14.3 0.166 -0.0697 
-14.3 0.167 -0.0691 
-14.3 0.167 -0.0694 
-14.3 0.285 -0.0563 
-14.3 0.169 -0.0648 
-14.3 0.17 -0.0678 
-14.3 0.172 -0.0678 
-14.3 0.173 -0.067 
-14.3 0.174 -0.062 
-14.3 0.175 -0.0695 
-14.3 0.176 -0.0702 
-14.3 0.177 -0.0707 
-14.3 0.179 -0.0703 
-14.3 0.182 -0.0696 
-14.3 0.182 -0.0696 
-14.3 0.184 -0.0615 
-14.3 0.185 -0.0603 
-14.3 0.185 -0.0612 
-14.3 0.185 -0.0691 
-14.3 0.186 -0.0694 
-14.3 0.186 -0.0692 
-14.3 0.186 -0.0691 
-14.3 0.186 -0.0692 
-14.3 0.186 -0.07 
-14.3 0.188 -0.0705 
-14.3 0.188 -0.0702 
-14.3 0.188 -0.0712 
-14.3 0.187 -0.0716 
-14.3 0.187 -0.0729 
-14.3 0.187 -0.0728 
-14.3 0.188 -0.0735 
-14.3 0.188 -0.0737 
-14.3 0.188 -0.0744 
-14.3 0.188 -0.075 
-14.3 0.189 -0.0749 
-14.3 0.189 -0.0755 
-14.3 0.189 -0.0759 
-14.3 0.189 -0.0764 
-14.3 0.19 -0.0764 
-14.3 0.189 -0.0769 
-14.3 0.189 -0.0733 
-14.3 0.189 -0.0775 
-14.3 0.189 -0.0781 
-14.3 0.189 -0.0786 
-14.4 0.19 -0.0789 
-14.4 0.189 -0.0789 
-14.4 0.19 -0.079 
-14.4 0.19 -0.079 
-14.4 0.19 -0.0788 
-14.4 0.19 -0.0793 
-14.4 0.191 -0.079 
-14.3 0.191 -0.0792 
-14.3 0.192 -0.0791 
-14.3 0.192 -0.0791 
-14.3 0.192 -0.0756 
-14.3 0.192 -0.0751 
-14.4 0.193 -0.0778 
-14.4 0.193 -0.0777 
-14.4 0.193 -0.0774 
-14.4 0.193 -0.0773 
-14.4 0.194 -0.0769 
-14.4 0.193 -0.0771 
-14.4 0.194 -0.0766 
-14.4 0.195 -0.076 
-14.4 0.195 -0.0754 
-14.4 0.197 -0.0744 
-14.4 0.198 -0.0746 
-14.4 0.199 -0.0746 
-14.4 0.199 -0.0748 
-14.4 0.2 -0.0735 
-14.4 0.198 -0.0761 
-14.3 0.197 -0.0768 
-14.3 0.197 -0.0769 
-14.3 0.196 -0.0769 
-14.3 0.196 -0.0771 
-14.3 0.197 -0.0771 
-14.3 0.197 -0.0767 
-14.3 0.197 -0.0771 
-14.3 0.197 -0.0767 
-14.3 0.197 -0.0765 
-14.3 0.197 -0.0758 
-14.3 0.198 -0.0754 
-14.3 0.199 -0.0758 
-14.3 0.2 -0.0752 
-14.3 0.2 -0.0754 
-14.3 0.201 -0.0757 
-14.3 0.201 -0.0764 
-14.2 0.201 -0.0767 
-14.2 0.201 -0.0772 
-14.2 0.202 -0.0767 
-14.2 0.203 -0.0753 
-14.2 0.202 -0.0746 
-14.2 0.202 -0.0746 
-14.2 0.203 -0.0739 
-14.2 0.203 -0.0737 
-14.2 0.202 -0.0746 
-14.2 0.202 -0.0745 
-14.2 0.202 -0.075 
-14.2 0.202 -0.076 
-14.1 0.203 -0.0752 
-14.1 0.204 -0.0737 
-14.1 0.204 -0.0728 
-14.1 0.205 -0.0715 
-14.1 0.204 -0.0708 
-14.1 0.204 -0.0699 
-14.1 0.204 -0.0692 
-14.1 0.205 -0.0681 
-14.1 0.206 -0.0674 
-14.1 0.207 -0.0668 
-14.1 0.207 -0.066 
-14.1 0.207 -0.0656 
-14.1 0.208 -0.0646 
-14.1 0.208 -0.0637 
-14.1 0.209 -0.0631 
-14.1 0.208 -0.0632 
-14.1 0.206 -0.0639 
-13.8 0.151 0.0285 
-14 0.199 -0.0665 
-14 0.199 -0.0659 
-13.9 0.194 -0.069 
-13.9 0.172 -0.0764 
-14 0.198 -0.067 
-14 0.2 -0.066 
-14 0.199 -0.0637 
-14 0.199 -0.0639 
-14 0.199 -0.0638 
-14 0.199 -0.0642 
-14 0.198 -0.0637 
-14 0.198 -0.064 
-14 0.197 -0.0634 
-14 0.197 -0.063 
-13.9 0.188 -0.0588 
-13.9 0.193 -0.0613 
-13.9 0.194 -0.0623 
-13.9 0.195 -0.0621 
-13.9 0.195 -0.0608 
-13.9 0.194 -0.0598 
-13.9 0.194 -0.059 
-13.9 0.193 -0.0587 
-13.9 0.193 -0.058 
-13.9 0.192 -0.0571 
-13.9 0.193 -0.0569 
-13.9 0.192 -0.0553 
-13.9 0.192 -0.0553 
-13.9 0.192 -0.0539 
-13.9 0.192 -0.0542 
-13.9 0.191 -0.0533 
-13.9 0.191 -0.0533 
-13.9 0.191 -0.052 
-13.9 0.19 -0.0518 
-13.9 0.189 -0.0508 
-13.9 0.189 -0.0508 
-13.9 0.189 -0.0505 
-13.9 0.189 -0.0494 
-13.9 0.189 -0.0489 
-13.9 0.19 -0.048 
-13.9 0.19 -0.0464 
-13.9 0.19 -0.0461 
-13.9 0.19 -0.0453 
-13.9 0.191 -0.0433 
-13.9 0.191 -0.0429 
-13.9 0.191 -0.0424 
-13.9 0.192 -0.04 
-13.9 0.192 -0.0404 
-13.9 0.193 -0.04 
-13.9 0.193 -0.0392 
-13.9 0.194 -0.0368 
-13.9 0.194 -0.0371 
-13.9 0.194 -0.037 
-13.9 0.193 -0.0358 
-13.9 0.192 -0.0363 
-13.9 0.192 -0.0368 
-13.9 0.192 -0.037 
-13.9 0.19 -0.0374 
-13.9 0.19 -0.0377 
-13.9 0.188 -0.0383 
-13.9 0.189 -0.0382 
-13.9 0.189 -0.0382 
-13.9 0.188 -0.0388 
-13.9 0.188 -0.0389 
-13.9 0.186 -0.0398 
-13.9 0.187 -0.0397 
-13.9 0.186 -0.0402 
-13.9 0.186 -0.0399 
-13.9 0.187 -0.0403 
-13.9 0.186 -0.0402 
-13.9 0.186 -0.0402 
-13.9 0.186 -0.04 
-13.9 0.186 -0.0401 
-13.9 0.187 -0.0394 
-13.9 0.187 -0.0388 
-13.9 0.187 -0.0378 
-13.9 0.187 -0.0379 
-13.8 0.188 -0.0369 
-13.8 0.187 -0.0371 
-13.8 0.189 -0.0363 
-13.8 0.19 -0.0363 
-13.8 0.19 -0.0357 
-13.8 0.19 -0.0349 
-13.8 0.19 -0.0346 
-13.8 0.19 -0.0343 
-13.8 0.19 -0.0345 
-13.8 0.191 -0.0347 
-13.8 0.191 -0.0341 
-13.8 0.191 -0.0329 
-13.8 0.192 -0.0318 
-13.8 0.192 -0.0306 
-13.8 0.192 -0.0295 
-13.8 0.192 -0.0287 
-13.8 0.191 -0.0279 
-13.9 0.193 -0.024 
-13.9 0.194 -0.0224 
-13.8 0.192 -0.0251 
-13.8 0.193 -0.0246 
-13.8 0.193 -0.024 
-13.8 0.193 -0.0236 
-13.8 0.193 -0.0231 
-13.8 0.192 -0.0229 
-13.8 0.192 -0.0225 
-13.8 0.192 -0.0223 
-13.8 0.192 -0.0224 
-13.8 0.192 -0.0227 
-13.8 0.191 -0.0215 
-13.8 0.191 -0.0222 
-13.8 0.192 -0.0215 
-13.8 0.193 -0.0215 
-13.8 0.193 -0.0217 
-13.8 0.193 -0.0221 
-13.8 0.193 -0.0226 
-13.8 0.193 -0.0224 
-13.8 0.192 -0.0229 
-13.8 0.192 -0.0233 
-13.8 0.192 -0.0238 
-13.7 0.192 -0.0245 
-13.7 0.192 -0.0252 
-13.7 0.192 -0.0259 
-13.7 0.192 -0.0268 
-13.7 0.193 -0.0276 
-13.6 0.193 -0.0283 
-13.6 0.193 -0.0292 
-13.6 0.193 -0.0301 
-13.5 0.193 -0.0322 
-13.5 0.193 -0.0332 
-13.5 0.193 -0.0344 
-13.5 0.192 -0.0343 
-13.5 0.193 -0.0354 
-13.4 0.192 -0.0368 
-13.4 0.191 -0.0368 
-13.4 0.19 -0.0377 
-13.4 0.192 -0.0367 
-13.4 0.192 -0.0367 
-13.4 0.191 -0.0369 
-13.4 0.191 -0.0369 
-13.4 0.191 -0.0366 
-13.4 0.191 -0.0362 
-13.4 0.191 -0.0365 
-13.4 0.191 -0.0363 
-13.4 0.191 -0.0364 
-13.4 0.19 -0.0362 
-13.4 0.19 -0.0362 
-13.4 0.19 -0.0359 
-13.4 0.19 -0.0357 
-13.4 0.19 -0.0357 
-13.4 0.191 -0.0356 
-13.4 0.191 -0.0354 
-13.4 0.191 -0.0353 
-13.4 0.191 -0.0351 
-13.4 0.191 -0.0348 
-13.4 0.191 -0.0346 
-13.4 0.191 -0.0347 
-13.4 0.192 -0.0344 
-13.4 0.192 -0.0343 
-13.4 0.192 -0.0342 
-13.4 0.192 -0.0341 
-13.4 0.192 -0.0343 
-13.4 0.192 -0.0342 
-13.4 0.191 -0.034 
-13.4 0.191 -0.0343 
-13.4 0.191 -0.0341 
-13.4 0.191 -0.0343 
-13.4 0.191 -0.0344 
-13.4 0.19 -0.0346 
-13.4 0.19 -0.0346 
-13.4 0.19 -0.0346 
-13.4 0.19 -0.0348 
-13.4 0.189 -0.0347 
-13.4 0.189 -0.0347 
-13.4 0.189 -0.0348 
-13.4 0.189 -0.0349 
-13.4 0.189 -0.0346 
-13.4 0.189 -0.0344 
-13.3 0.19 -0.0343 
-13.3 0.189 -0.0342 
-13.3 0.189 -0.0339 
-13.3 0.189 -0.0339 
-13.3 0.189 -0.0339 
-13.3 0.189 -0.0336 
-13.3 0.189 -0.0335 
-13.3 0.189 -0.0336 
-13.3 0.189 -0.0335 
-13.3 0.189 -0.0335 
-13.3 0.189 -0.0336 
-13.3 0.189 -0.0335 
-13.3 0.189 -0.0335 
-13.3 0.188 -0.0333 
-13.3 0.188 -0.0336 
-13.3 0.188 -0.0335 
-13.3 0.188 -0.0339 
-13.3 0.187 -0.0346 
-13.3 0.187 -0.0351 
-13.3 0.187 -0.035 
-13.3 0.187 -0.035 
-13.3 0.187 -0.0351 
-13.3 0.187 -0.0354 
-13.3 0.187 -0.0355 
-13.3 0.187 -0.0355 
-13.3 0.187 -0.0355 
-13.3 0.187 -0.0353 
-13.3 0.187 -0.0351 
-13.3 0.187 -0.035 
-13.3 0.188 -0.0346 
-13.3 0.188 -0.0345 
-13.3 0.188 -0.0341 
-13.3 0.188 -0.0338 
-13.3 0.188 -0.0336 
-13.3 0.188 -0.0332 
-13.3 0.188 -0.033 
-13.3 0.188 -0.0327 
-13.3 0.188 -0.0325 
-13.3 0.188 -0.0322 
-13.3 0.189 -0.0317 
-13.3 0.189 -0.0317 
-13.3 0.189 -0.0314 
-13.3 0.189 -0.0313 
-13.3 0.189 -0.0312 
-13.3 0.188 -0.0309 
-13.3 0.189 -0.0307 
-13.3 0.189 -0.0304 
-13.3 0.189 -0.0304 
-13.3 0.189 -0.0303 
-13.3 0.189 -0.0301 
-13.3 0.189 -0.0302 
-13.3 0.189 -0.0301 
-13.3 0.189 -0.0303 
-13.3 0.189 -0.0303 
-13.3 0.189 -0.0309 
-13.3 0.19 -0.031 
-13.3 0.19 -0.0306 
-13.3 0.19 -0.0305 
-13.3 0.19 -0.0306 
-13.3 0.19 -0.0305 
-13.3 0.191 -0.0296 
-13.3 0.191 -0.0295 
-13.3 0.191 -0.0292 
-13.3 0.191 -0.0295 
-13.3 0.191 -0.0296 
-13.3 0.191 -0.0296 
-13.3 0.19 -0.0297 
-13.3 0.19 -0.0298 
-13.3 0.19 -0.0301 
-13.3 0.19 -0.03 
-13.3 0.19 -0.0302 
-13.3 0.189 -0.0308 
-13.3 0.189 -0.0309 
-13.3 0.189 -0.031 
-13.3 0.189 -0.0313 
-13.3 0.189 -0.0315 
-13.3 0.189 -0.0317 
-13.3 0.189 -0.0323 
-13.3 0.188 -0.0325 
-13.3 0.188 -0.033 
-13.3 0.188 -0.0329 
-13.3 0.188 -0.033 
-13.3 0.188 -0.0329 
-13.3 0.188 -0.0329 
-13.3 0.188 -0.033 
-13.3 0.188 -0.033 
-13.3 0.188 -0.033 
-13.3 0.188 -0.0329 
-13.3 0.188 -0.0329 
-13.3 0.188 -0.0328 
-13.3 0.188 -0.0329 
-13.2 0.188 -0.0327 
-13.2 0.188 -0.0323 
-13.2 0.188 -0.0325 
-13.2 0.188 -0.0325 
-13.2 0.188 -0.0325 
-13.2 0.188 -0.0325 
-13.2 0.188 -0.0321 
-13.2 0.188 -0.0319 
-13.2 0.188 -0.0318 
-13.2 0.188 -0.0316 
-13.2 0.187 -0.0315 
-13.2 0.188 -0.0315 
-13.2 0.188 -0.0308 
-13.2 0.187 -0.0308 
-13.2 0.187 -0.0306 
-13.2 0.188 -0.0305 
-13.2 0.188 -0.0305 
-13.2 0.188 -0.0304 
-13.2 0.188 -0.0304 
-13.2 0.188 -0.0304 
-13.2 0.188 -0.0303 
-13.2 0.188 -0.0304 
-13.2 0.188 -0.0304 
-13.2 0.188 -0.03 
-13.2 0.187 -0.0301 
-13.2 0.187 -0.03 
-13.2 0.188 -0.0295 
-13.2 0.187 -0.0297 
-13.2 0.188 -0.0297 
-13.2 0.188 -0.0296 
-13.2 0.188 -0.0298 
-13.2 0.188 -0.03 
-13.2 0.187 -0.0299 
-13.2 0.188 -0.0298 
-13.2 0.187 -0.0297 
-13.2 0.187 -0.0297 
-13.2 0.187 -0.0296 
-13.2 0.188 -0.0297 
-13.2 0.188 -0.0297 
-13.2 0.187 -0.0294 
-13.2 0.188 -0.0294 
-13.2 0.187 -0.0295 
-13.2 0.187 -0.0294 
-13.2 0.187 -0.0294 
-13.2 0.187 -0.0293 
-13.2 0.187 -0.0296 
-13.2 0.186 -0.0301 
-13.2 0.186 -0.0297 
-13.2 0.187 -0.0299 
-13.2 0.187 -0.0299 
-13.2 0.187 -0.0297 
-13.2 0.187 -0.0296 
-13.2 0.187 -0.029 
-13.2 0.187 -0.0291 
-13.2 0.187 -0.029 
-13.2 0.187 -0.029 
-13.2 0.187 -0.0291 
-13.2 0.186 -0.0288 
-13.2 0.186 -0.0288 
-13.2 0.186 -0.0288 
-13.2 0.187 -0.0289 
-13.2 0.187 -0.0287 
-13.2 0.187 -0.0287 
-13.2 0.187 -0.0283 
-13.2 0.187 -0.0285 
-13.2 0.188 -0.0285 
-13.2 0.187 -0.0284 
-13.2 0.187 -0.0285 
-13.2 0.187 -0.0286 
-13.2 0.187 -0.0285 
-13.2 0.188 -0.0286 
-13.2 0.188 -0.0286 
-13.2 0.188 -0.0292 
-13.2 0.188 -0.0291 
-13.2 0.187 -0.029 
-13.2 0.187 -0.0291 
-13.2 0.187 -0.0293 
-13.2 0.187 -0.0294 
-13.2 0.187 -0.0293 
-13.2 0.187 -0.0294 
-13.2 0.187 -0.0292 
-13.2 0.186 -0.0288 
-13.2 0.186 -0.0285 
-13.2 0.187 -0.0284 
-13.2 0.187 -0.0285 
-13.2 0.186 -0.0288 
-13.2 0.187 -0.0294 
-13.2 0.187 -0.0294 
-13.2 0.186 -0.0291 
-13.2 0.187 -0.0293 
-13.2 0.187 -0.0293 
-13.2 0.186 -0.028 
-13.2 0.186 -0.0292 
-13.2 0.186 -0.0296 
-13.2 0.186 -0.0299 
-13.2 0.186 -0.0301 
-13.2 0.186 -0.03 
-13.2 0.185 -0.03 
-13.2 0.185 -0.0302 
-13.2 0.186 -0.0306 
-13.2 0.185 -0.0306 
-13.2 0.185 -0.0305 
-13.2 0.185 -0.0306 
-13.2 0.185 -0.0307 
-13.2 0.185 -0.0308 
-13.2 0.186 -0.0311 
-13.2 0.186 -0.0312 
-13.2 0.186 -0.0313 
-13.2 0.186 -0.0313 
-13.2 0.187 -0.0311 
-13.2 0.187 -0.0318 
-13.2 0.187 -0.0316 
-13.2 0.188 -0.0317 
-13.2 0.188 -0.0315 
-13.2 0.188 -0.0313 
-13.2 0.188 -0.0312 
-13.2 0.188 -0.0311 
-13.2 0.189 -0.0308 
-13.2 0.189 -0.0307 
-13.2 0.189 -0.0307 
-13.2 0.189 -0.0305 
-13.2 0.189 -0.0304 
-13.2 0.189 -0.0304 
-13.2 0.189 -0.0302 
-13.2 0.189 -0.0302 
-13.2 0.189 -0.0301 
-13.2 0.189 -0.0301 
-13.2 0.189 -0.0299 
-13.2 0.189 -0.0299 
-13.2 0.189 -0.0299 
-13.2 0.189 -0.0298 
-13.2 0.189 -0.03 
-13.2 0.189 -0.0299 
-13.2 0.189 -0.0299 
-13.2 0.189 -0.0298 
-13.2 0.189 -0.0297 
-13.2 0.189 -0.0297 
-13.2 0.189 -0.0297 
-13.2 0.189 -0.0296 
-13.2 0.189 -0.0296 
-13.2 0.189 -0.0296 
-13.2 0.189 -0.0295 
-13.2 0.189 -0.0295 
-13.2 0.189 -0.0295 
-13.2 0.189 -0.0294 
-13.2 0.189 -0.0294 
-13.2 0.189 -0.0294 
-13.2 0.189 -0.0294 
-13.2 0.189 -0.0293 
-13.2 0.189 -0.0293 
-13.2 0.189 -0.0293 
-13.2 0.189 -0.0293 
-13.2 0.189 -0.0293 
-13.2 0.189 -0.0292 
-13.2 0.189 -0.0292 
-13.2 0.189 -0.0292 
-13.2 0.189 -0.0291 
-13.2 0.189 -0.0291 
