-15.5 -0.417 0.0302 
-15.5 -0.432 0.0211 
-15.5 -0.411 -0.00374 
-15.5 -0.412 0.00579 
-15.5 -0.418 0.0192 
-15.5 -0.454 0.053 
-15.5 -0.419 0.0474 
-15.5 -0.405 0.0301 
-15.5 -0.409 0.0345 
-15.4 -0.413 0.0525 
-15.4 -0.421 0.0638 
-15.5 -0.415 0.0534 
-15.5 -0.415 0.0529 
-15.5 -0.414 0.0537 
-15.5 -0.417 0.0456 
-15.5 -0.413 0.0236 
-15.5 -0.407 0.0204 
-15.5 -0.397 0.0174 
-15.5 -0.386 0.0104 
-15.5 -0.365 0.00185 
-15.5 -0.354 -0.00861 
-15.5 -0.351 -0.000917 
-15.5 -0.347 -0.00577 
-15.5 -0.325 -0.0136 
-15.5 -0.318 -0.0174 
-15.5 -0.304 -0.0122 
-15.5 -0.299 -0.0154 
-15.5 -0.291 0.000887 
-15.5 -0.287 -0.00162 
-15.5 -0.276 0.00403 
-15.5 -0.276 0.00104 
-15.5 -0.269 0.00608 
-15.5 -0.269 -1.26e-05 
-15.5 -0.264 0.00487 
-15.5 -0.256 0.00585 
-15.5 -0.239 -0.00279 
-15.5 -0.245 0.0197 
-15.4 -0.232 0.0272 
-15.4 -0.217 0.0291 
-15.4 -0.193 0.0247 
-15.4 -0.168 0.0215 
-15.4 -0.156 0.0262 
-15.4 -0.146 0.0137 
-15.4 -0.147 0.0066 
-15.5 -0.146 -0.00477 
-15.5 -0.146 -0.017 
-15.5 -0.154 -0.0201 
-15.5 -0.139 -0.0319 
-15.5 -0.142 -0.0407 
-15.5 -0.13 -0.0472 
-15.5 -0.119 -0.0547 
-15.5 -0.117 -0.0647 
-15.5 -0.117 -0.0679 
-15.5 -0.115 -0.0692 
-15.5 -0.108 -0.0746 
-15.5 -0.1 -0.0795 
-15.5 -0.109 -0.0744 
-15.6 -0.116 -0.0818 
-15.6 -0.111 -0.0918 
-15.6 -0.115 -0.091 
-15.6 -0.104 -0.0901 
-15.5 -0.0934 -0.0899 
-15.5 -0.0793 -0.0956 
-15.5 -0.0671 -0.0952 
-15.5 -0.0516 -0.106 
-15.5 -0.0343 -0.116 
-15.5 -0.0111 -0.126 
-15.5 -0.00566 -0.137 
-15.4 0.0167 -0.128 
-15.4 0.0418 -0.13 
-15.4 0.0523 -0.12 
-15.4 0.0604 -0.128 
-15.3 0.0781 -0.113 
-15.3 0.0842 -0.117 
-15.3 0.0844 -0.116 
-15.3 0.0898 -0.115 
-15.2 0.0894 -0.109 
-15.2 0.0826 -0.0994 
-15.2 0.0866 -0.105 
-15.2 0.0769 -0.0901 
-15.2 0.0679 -0.0832 
-15.2 0.0663 -0.077 
-15.2 0.0642 -0.0751 
-15.2 0.0675 -0.0794 
-15.1 0.0668 -0.0789 
-15.2 0.0577 -0.0825 
-15.2 0.0475 -0.0947 
-15.2 0.0359 -0.106 
-15.2 0.0294 -0.111 
-15.2 0.0182 -0.114 
-15.2 0.0116 -0.116 
-15.2 0.013 -0.123 
-15.3 0.003 -0.129 
-15.3 -0.00338 -0.134 
-15.3 -0.0151 -0.137 
-15.3 -0.0167 -0.138 
-15.3 -0.037 -0.139 
-15.3 -0.0365 -0.136 
-15.3 -0.0386 -0.138 
-15.4 -0.0594 -0.138 
-15.4 -0.0564 -0.135 
-15.4 -0.0539 -0.135 
-15.4 -0.0671 -0.137 
-15.4 -0.064 -0.141 
-15.4 -0.0593 -0.147 
-15.4 -0.0671 -0.147 
-15.4 -0.0686 -0.154 
-15.4 -0.0751 -0.16 
-15.4 -0.0718 -0.161 
-15.4 -0.0726 -0.164 
-15.4 -0.0732 -0.165 
-15.4 -0.0737 -0.172 
-15.4 -0.075 -0.171 
-15.4 -0.0792 -0.172 
-15.4 -0.0829 -0.174 
-15.4 -0.0838 -0.169 
-15.4 -0.086 -0.172 
-15.4 -0.0821 -0.172 
-15.4 -0.0822 -0.175 
-15.4 -0.0847 -0.169 
-15.4 -0.0773 -0.166 
-15.3 -0.0743 -0.165 
-15.3 -0.0689 -0.165 
-15.3 -0.0633 -0.166 
-15.3 -0.0569 -0.17 
-15.3 -0.0478 -0.178 
-15.3 -0.0406 -0.186 
-15.3 -0.0325 -0.194 
-15.2 -0.0232 -0.2 
-15.2 -0.0149 -0.203 
-15.2 -0.00826 -0.213 
-15.2 0.00169 -0.211 
-15.2 0.0109 -0.209 
-15.2 0.0207 -0.201 
-15.2 0.0307 -0.198 
-15.2 0.0392 -0.203 
-15.2 0.0429 -0.212 
-15.2 0.0435 -0.223 
-15.2 0.0447 -0.23 
-15.2 0.044 -0.241 
-15.2 0.04 -0.24 
-15.2 0.0326 -0.247 
-15.3 0.0286 -0.248 
-15.3 0.0181 -0.249 
-15.3 0.0196 -0.246 
-15.3 0.0209 -0.243 
-15.3 0.0222 -0.235 
-15.3 0.0147 -0.231 
-15.3 0.0138 -0.229 
-15.3 0.0137 -0.223 
-15.3 0.0129 -0.217 
-15.3 0.0147 -0.21 
-15.3 0.0177 -0.2 
-15.3 0.0141 -0.193 
-15.3 0.0128 -0.189 
-15.3 0.0136 -0.186 
-15.3 0.0145 -0.184 
-15.3 0.0153 -0.181 
-15.3 0.0153 -0.177 
-15.3 0.0154 -0.173 
-15.3 0.0175 -0.175 
-15.3 0.022 -0.174 
-15.3 0.0291 -0.173 
-15.3 0.0289 -0.173 
-15.3 0.0366 -0.172 
-15.2 0.0416 -0.172 
-15.2 0.0428 -0.173 
-15.2 0.0422 -0.176 
-15.2 0.0414 -0.181 
-15.2 0.0386 -0.184 
-15.2 0.0361 -0.188 
-15.2 0.0341 -0.189 
-15.2 0.0335 -0.191 
-15.2 0.0352 -0.189 
-15.2 0.0352 -0.188 
-15.2 0.0359 -0.185 
-15.2 0.034 -0.183 
-15.2 0.037 -0.177 
-15.2 0.0348 -0.178 
-15.2 0.0339 -0.175 
-15.2 0.0322 -0.172 
-15.2 0.0268 -0.164 
-15.3 0.0245 -0.164 
-15.3 0.0219 -0.163 
-15.3 0.00826 -0.166 
-15.3 0.0145 -0.164 
-15.3 0.0152 -0.165 
-15.3 0.0139 -0.166 
-15.3 0.0101 -0.164 
-15.3 0.0133 -0.163 
-15.3 0.0141 -0.169 
-15.3 0.0146 -0.175 
-15.3 0.0122 -0.178 
-15.3 0.013 -0.178 
-15.3 0.0122 -0.184 
-15.3 0.0133 -0.182 
-15.3 0.0122 -0.181 
-15.3 0.0107 -0.183 
-15.3 0.00885 -0.179 
-15.3 0.00498 -0.177 
-15.3 0.00276 -0.175 
-15.3 0.00181 -0.172 
-15.3 0.000868 -0.17 
-15.3 0.00166 -0.167 
-15.3 0.00331 -0.169 
-15.3 0.00584 -0.168 
-15.3 0.00667 -0.167 
-15.3 0.0102 -0.165 
-15.3 0.0174 -0.159 
-15.2 0.0178 -0.159 
-15.2 0.0207 -0.158 
-15.2 0.0202 -0.156 
-15.2 0.0206 -0.158 
-15.2 0.0236 -0.159 
-15.2 0.0245 -0.161 
-15.2 0.0285 -0.16 
-15.2 0.0361 -0.16 
-15.2 0.0359 -0.166 
-15.2 0.0439 -0.164 
-15.2 0.044 -0.164 
-15.2 0.0449 -0.165 
-15.2 0.0444 -0.168 
-15.2 0.048 -0.167 
-15.2 0.0493 -0.167 
-15.1 0.0541 -0.163 
-15.1 0.055 -0.165 
-15.1 0.0569 -0.166 
-15.1 0.0532 -0.167 
-15.1 0.0499 -0.166 
-15.2 0.046 -0.166 
-15.2 0.0422 -0.166 
-15.2 0.0376 -0.166 
-15.2 0.0334 -0.169 
-15.2 0.0287 -0.17 
-15.2 0.0244 -0.17 
-15.2 0.0136 -0.101 
-15.2 0.0125 -0.13 
-15.2 0.0186 -0.176 
-15.2 0.0161 -0.18 
-15.2 0.0142 -0.183 
-15.2 0.0153 -0.185 
-15.2 0.0157 -0.187 
-15.2 0.0161 -0.192 
-15.2 0.0162 -0.192 
-15.2 0.0159 -0.194 
-15.2 0.0148 -0.194 
-15.3 0.0128 -0.193 
-15.3 0.0107 -0.194 
-15.3 0.0107 -0.195 
-15.3 0.00781 -0.195 
-15.3 0.00735 -0.194 
-15.3 0.00548 -0.194 
-15.3 0.00564 -0.193 
-15.3 0.00353 -0.195 
-15.3 0.00386 -0.195 
-15.3 0.00441 -0.195 
-15.3 0.0029 -0.196 
-15.3 0.00281 -0.196 
-15.3 0.00317 -0.196 
-15.3 0.00397 -0.195 
-15.3 0.000766 -0.199 
-15.3 0.00216 -0.2 
-15.3 0.0024 -0.2 
-15.3 0.00224 -0.201 
-15.3 0.00277 -0.2 
-15.3 0.00294 -0.201 
-15.3 0.00235 -0.201 
-15.3 0.00223 -0.201 
-15.3 0.00218 -0.202 
-15.3 0.00138 -0.202 
-15.3 0.00122 -0.202 
-15.3 -0.00062 -0.202 
-15.3 -0.00183 -0.202 
-15.3 -0.00141 -0.202 
-15.3 -0.00193 -0.202 
-15.3 -0.0016 -0.203 
-15.3 -0.00149 -0.2 
-15.3 -0.00271 -0.199 
-15.2 -0.00298 -0.196 
-15.2 -0.00403 -0.196 
-15.2 -0.00463 -0.195 
-15.2 -0.00581 -0.193 
-15.2 -0.00777 -0.192 
-15.2 -0.0077 -0.192 
-15.2 -0.00917 -0.19 
-15.2 -0.00945 -0.191 
-15.2 -0.0112 -0.19 
-15.2 -0.0106 -0.19 
-15.2 -0.0125 -0.189 
-15.2 -0.0117 -0.189 
-15.2 -0.0109 -0.19 
-15.2 -0.0101 -0.19 
-15.2 -0.00949 -0.189 
-15.2 -0.00983 -0.189 
-15.2 -0.00863 -0.188 
-15.2 -0.00872 -0.187 
-15.2 -0.00847 -0.187 
-15.1 -0.00786 -0.184 
-15.1 -0.00806 -0.185 
-15.1 -0.0076 -0.186 
-15.1 -0.00713 -0.185 
-15.1 -0.0072 -0.187 
-15.1 -0.00642 -0.186 
-15.1 -0.00838 -0.187 
-15.1 -0.00776 -0.184 
-15.1 -0.00777 -0.182 
-15.1 -0.00781 -0.181 
-15.1 -0.00858 -0.18 
-15.1 -0.0103 -0.178 
-15.1 -0.0125 -0.182 
-15.1 -0.0142 -0.182 
-15.1 -0.0122 -0.176 
-15.1 -0.014 -0.179 
-15.1 -0.0135 -0.176 
-15.1 -0.0202 -0.176 
-15.1 -0.0205 -0.176 
-15.1 -0.026 -0.174 
-15.1 -0.0313 -0.174 
-15.1 -0.0311 -0.177 
-15.1 -0.0336 -0.173 
-15.1 -0.034 -0.174 
-15.1 -0.0394 -0.186 
-15 -0.0377 -0.172 
-15 -0.0399 -0.169 
-15 -0.0413 -0.168 
-15 -0.0412 -0.167 
-15 -0.0402 -0.167 
-15 -0.0398 -0.167 
-15 -0.0376 -0.166 
-15 -0.0355 -0.166 
-15 -0.0355 -0.165 
-15 -0.0358 -0.165 
-15 -0.0352 -0.165 
-15 -0.0347 -0.164 
-15 -0.0343 -0.164 
-15 -0.0339 -0.164 
-15 -0.0327 -0.164 
-15 -0.0327 -0.164 
-15 -0.0319 -0.164 
-15 -0.0321 -0.164 
-15 -0.0318 -0.164 
-15 -0.0313 -0.164 
-15 -0.0296 -0.164 
-15 -0.0289 -0.164 
-15 -0.0262 -0.165 
-15 -0.0259 -0.165 
-15 -0.025 -0.165 
-15 -0.0224 -0.166 
-15 -0.022 -0.166 
-15 -0.0215 -0.166 
-15 -0.021 -0.166 
-15 -0.0201 -0.165 
-15 -0.019 -0.166 
-15 -0.0187 -0.166 
-15 -0.019 -0.166 
-15 -0.0189 -0.166 
-15 -0.0195 -0.166 
-15 -0.0202 -0.167 
-15 -0.0199 -0.167 
-15 -0.0204 -0.167 
-15 -0.0205 -0.167 
-15 -0.0211 -0.168 
-15 -0.021 -0.168 
-15 -0.0212 -0.169 
-15 -0.0226 -0.168 
-15 -0.0218 -0.167 
-15 -0.0206 -0.168 
-15 -0.0199 -0.167 
-15 -0.0201 -0.168 
-15 -0.0217 -0.168 
-15 -0.0228 -0.167 
-15 -0.0235 -0.167 
-15 -0.0247 -0.166 
-15 -0.0258 -0.164 
-14.9 -0.0263 -0.163 
-14.9 -0.0266 -0.162 
-14.9 -0.026 -0.16 
-14.9 -0.0248 -0.157 
-14.9 -0.0218 -0.153 
-14.9 -0.019 -0.15 
-14.9 -0.0157 -0.147 
-15 -0.0122 -0.145 
-15 -0.00864 -0.144 
-15 -0.00456 -0.144 
-15 0.000714 -0.143 
-15 0.00393 -0.142 
-15 0.00462 -0.142 
-15 0.00752 -0.142 
-15 0.00845 -0.142 
-15 0.0125 -0.142 
-15 0.0136 -0.142 
-15 0.0149 -0.142 
-15 0.0185 -0.142 
-15 0.0192 -0.141 
-15 0.0241 -0.138 
-15 0.0244 -0.138 
-15 0.0288 -0.136 
-15 0.0283 -0.136 
-15 0.0343 -0.134 
-15 0.035 -0.134 
-15 0.0424 -0.134 
-15 0.0483 -0.133 
-15 0.0542 -0.134 
-15 0.0597 -0.134 
-15 0.0651 -0.136 
-15 0.0705 -0.138 
-15 0.0757 -0.139 
-15 0.0819 -0.145 
-15 0.0865 -0.141 
-15 0.0924 -0.144 
-15 0.0997 -0.143 
-15 0.107 -0.144 
-15 0.116 -0.145 
-15 0.126 -0.146 
-15 0.134 -0.148 
-15 0.141 -0.148 
-15 0.147 -0.15 
-15 0.155 -0.149 
-15.1 0.163 -0.154 
-15.1 0.167 -0.152 
-15.1 0.171 -0.153 
-15.1 0.174 -0.157 
-15.1 0.176 -0.16 
-15.1 0.179 -0.161 
-15.1 0.181 -0.163 
-15.1 0.185 -0.165 
-15.1 0.185 -0.166 
-15.1 0.188 -0.168 
-15.1 0.19 -0.17 
-15.1 0.194 -0.171 
-15.1 0.197 -0.173 
-15.1 0.198 -0.174 
-15 0.201 -0.175 
-15 0.205 -0.176 
-15 0.209 -0.176 
-15 0.214 -0.176 
-15 0.216 -0.176 
-15 0.226 -0.194 
-15 0.224 -0.176 
-14.9 0.232 -0.175 
-14.9 0.233 -0.174 
-14.9 0.242 -0.173 
-14.9 0.242 -0.173 
-14.9 0.249 -0.172 
-14.9 0.253 -0.17 
-14.9 0.264 -0.168 
-14.9 0.266 -0.179 
-14.9 0.267 -0.164 
-14.9 0.274 -0.16 
-14.9 0.273 -0.16 
-14.8 0.278 -0.174 
-14.8 0.282 -0.151 
-14.8 0.286 -0.15 
-14.8 0.288 -0.148 
-14.8 0.288 -0.147 
-14.8 0.29 -0.144 
-14.8 0.288 -0.143 
-14.8 0.289 -0.14 
-14.8 0.288 -0.139 
-14.8 0.287 -0.137 
-14.8 0.286 -0.137 
-14.7 0.283 -0.135 
-14.7 0.283 -0.134 
-14.7 0.28 -0.132 
-14.7 0.28 -0.132 
-14.7 0.277 -0.13 
-14.7 0.278 -0.13 
-14.7 0.275 -0.129 
-14.7 0.275 -0.129 
-14.7 0.272 -0.129 
-14.7 0.273 -0.131 
-14.7 0.269 -0.131 
-14.7 0.269 -0.13 
-14.7 0.268 -0.129 
-14.7 0.267 -0.129 
-14.7 0.266 -0.127 
-14.7 0.265 -0.126 
-14.7 0.265 -0.126 
-14.7 0.265 -0.124 
-14.7 0.266 -0.121 
-14.7 0.267 -0.118 
-14.7 0.268 -0.117 
-14.7 0.269 -0.115 
-14.7 0.27 -0.114 
-14.7 0.27 -0.113 
-14.7 0.27 -0.115 
-14.7 0.27 -0.116 
-14.7 0.268 -0.118 
-14.7 0.266 -0.119 
-14.7 0.266 -0.122 
-14.7 0.266 -0.122 
-14.7 0.265 -0.123 
-14.7 0.265 -0.123 
-14.7 0.265 -0.122 
-14.7 0.265 -0.119 
-14.7 0.267 -0.117 
-14.7 0.267 -0.115 
-14.7 0.268 -0.112 
-14.7 0.269 -0.109 
-14.7 0.27 -0.105 
-14.7 0.272 -0.102 
-14.7 0.272 -0.102 
-14.7 0.272 -0.101 
-14.7 0.273 -0.101 
-14.7 0.273 -0.102 
-14.7 0.273 -0.104 
-14.7 0.273 -0.106 
-14.7 0.272 -0.108 
-14.7 0.273 -0.107 
-14.7 0.272 -0.108 
-14.7 0.272 -0.107 
-14.7 0.27 -0.107 
-14.7 0.27 -0.107 
-14.7 0.268 -0.105 
-14.7 0.268 -0.104 
-14.7 0.266 -0.101 
-14.7 0.267 -0.101 
-14.7 0.265 -0.1 
-14.6 0.264 -0.0985 
-14.6 0.263 -0.0974 
-14.6 0.262 -0.0972 
-14.6 0.26 -0.0977 
-14.6 0.258 -0.0992 
-14.6 0.255 -0.1 
-14.6 0.253 -0.1 
-14.6 0.254 -0.0994 
-14.6 0.254 -0.0987 
-14.6 0.255 -0.0982 
-14.6 0.256 -0.0969 
-14.6 0.258 -0.0963 
-14.6 0.26 -0.0945 
-14.6 0.261 -0.0942 
-14.6 0.264 -0.092 
-14.6 0.267 -0.0906 
-14.6 0.27 -0.0882 
-14.6 0.273 -0.0862 
-14.6 0.275 -0.0841 
-14.6 0.277 -0.0823 
-14.6 0.277 -0.0824 
-14.6 0.278 -0.0809 
-14.6 0.279 -0.0801 
-14.6 0.279 -0.0792 
-14.6 0.281 -0.0772 
-14.6 0.281 -0.0775 
-14.6 0.281 -0.0769 
-14.6 0.282 -0.0752 
-14.6 0.281 -0.075 
-14.6 0.281 -0.0741 
-14.6 0.281 -0.073 
-14.6 0.281 -0.0722 
-14.6 0.281 -0.0696 
-14.6 0.281 -0.0695 
-14.6 0.281 -0.0689 
-14.6 0.281 -0.0682 
-14.6 0.281 -0.0665 
-14.6 0.281 -0.0661 
-14.6 0.281 -0.0652 
-14.6 0.281 -0.0645 
-14.6 0.282 -0.0631 
-14.6 0.282 -0.0612 
-14.6 0.282 -0.0609 
-14.5 0.281 -0.0598 
-14.5 0.281 -0.0587 
-14.5 0.281 -0.0568 
-14.5 0.281 -0.0565 
-14.5 0.281 -0.056 
-14.5 0.28 -0.0552 
-14.5 0.281 -0.0543 
-14.5 0.282 -0.0535 
-14.5 0.282 -0.0536 
-14.5 0.282 -0.0528 
-14.5 0.283 -0.0528 
-14.5 0.284 -0.053 
-14.5 0.284 -0.0527 
-14.5 0.285 -0.0527 
-14.5 0.285 -0.0525 
-14.5 0.285 -0.0527 
-14.5 0.284 -0.0523 
-14.5 0.284 -0.0518 
-14.5 0.284 -0.0515 
-14.5 0.284 -0.0509 
-14.5 0.284 -0.05 
-14.5 0.284 -0.0494 
-14.5 0.283 -0.0498 
-14.5 0.283 -0.05 
-14.5 0.282 -0.0499 
-14.5 0.282 -0.0481 
-14.5 0.282 -0.0468 
-14.5 0.282 -0.045 
-14.5 0.282 -0.0435 
-14.5 0.281 -0.0423 
-14.5 0.281 -0.041 
-14.5 0.28 -0.04 
-14.5 0.28 -0.0396 
-14.5 0.28 -0.0375 
-14.5 0.279 -0.0357 
-14.5 0.279 -0.0345 
-14.5 0.278 -0.0331 
-14.5 0.278 -0.0311 
-14.6 0.274 -0.0317 
-14.5 0.276 -0.0286 
-14.6 0.262 -0.0308 
-14.6 0.269 -0.0286 
-14.5 0.275 -0.0283 
-14.5 0.274 -0.0286 
-14.5 0.274 -0.028 
-14.5 0.274 -0.0271 
-14.5 0.274 -0.0266 
-14.6 0.274 -0.0248 
-14.6 0.274 -0.0227 
-14.6 0.275 -0.0209 
-14.6 0.275 -0.0197 
-14.6 0.275 -0.0195 
-14.6 0.275 -0.0188 
-14.6 0.274 -0.0188 
-14.6 0.275 -0.0188 
-14.7 0.266 0.00343 
-14.6 0.276 -0.0187 
-14.6 0.276 -0.0193 
-14.6 0.276 -0.0192 
-14.6 0.275 -0.0184 
-14.6 0.275 -0.0184 
-14.6 0.275 -0.0187 
-14.6 0.275 -0.0187 
-14.6 0.275 -0.0193 
-14.6 0.275 -0.0193 
-14.6 0.274 -0.0207 
-14.6 0.274 -0.02 
-14.6 0.274 -0.0199 
-14.6 0.274 -0.0193 
-14.6 0.273 -0.0184 
-14.6 0.273 -0.0174 
-14.6 0.273 -0.0178 
-14.6 0.272 -0.0177 
-14.6 0.27 -0.0174 
-14.6 0.271 -0.0166 
-14.6 0.27 -0.015 
-14.6 0.271 -0.0145 
-14.6 0.27 -0.0124 
-14.6 0.27 -0.0112 
-14.6 0.27 -0.00921 
-14.6 0.268 -0.00752 
-14.6 0.267 -0.00597 
-14.6 0.266 -0.00389 
-14.6 0.264 -0.00315 
-14.6 0.262 -0.00218 
-14.6 0.26 -0.000798 
-14.6 0.259 -0.00017 
-14.6 0.256 0.000294 
-14.7 0.254 -0.000136 
-14.7 0.253 0.0012 
-14.7 0.251 0.00068 
-14.7 0.25 0.00111 
-14.7 0.249 0.00104 
-14.7 0.25 0.0022 
-14.7 0.249 0.00359 
-14.7 0.25 0.00445 
-14.7 0.249 0.00515 
-14.7 0.249 0.0059 
-14.7 0.249 0.00733 
-14.7 0.25 0.00864 
-14.8 0.25 0.00962 
-14.8 0.25 0.00965 
-14.8 0.249 0.01 
-14.8 0.249 0.0107 
-14.8 0.248 0.0121 
-14.8 0.248 0.0126 
-14.7 0.247 0.0147 
-14.8 0.245 0.0139 
-14.7 0.245 0.0154 
-14.8 0.244 0.0146 
-14.8 0.243 0.0142 
-14.8 0.241 0.0282 
-14.8 0.24 0.0122 
-14.8 0.24 0.013 
-14.8 0.24 0.0133 
-14.7 0.241 0.0141 
-14.8 0.24 0.0131 
-14.8 0.24 0.0135 
-14.8 0.239 0.0134 
-14.8 0.239 0.0133 
-14.8 0.237 0.0139 
-14.7 0.237 0.0139 
-14.7 0.237 0.0141 
-14.7 0.237 0.0146 
-14.7 0.238 0.0159 
-14.7 0.236 0.0178 
-14.7 0.237 0.0186 
-14.7 0.237 0.019 
-14.7 0.236 0.019 
-14.7 0.235 0.0198 
-14.7 0.236 0.0204 
-14.7 0.236 0.0209 
-14.7 0.236 0.0223 
-14.7 0.237 0.0221 
-14.7 0.236 0.023 
-14.7 0.237 0.0238 
-14.7 0.237 0.0254 
-14.7 0.237 0.0258 
-14.7 0.237 0.0277 
-14.7 0.236 0.0275 
-14.7 0.236 0.0301 
-14.7 0.236 0.0302 
-14.7 0.236 0.0315 
-14.7 0.236 0.0321 
-14.7 0.235 0.0338 
-14.7 0.235 0.0335 
-14.7 0.234 0.0346 
-14.7 0.234 0.0344 
-14.7 0.233 0.0345 
-14.7 0.231 0.035 
-14.7 0.232 0.0355 
-14.7 0.232 0.0358 
-14.7 0.231 0.0363 
-14.7 0.232 0.0364 
-14.7 0.231 0.0364 
-14.7 0.231 0.0369 
-14.7 0.231 0.0372 
-14.7 0.23 0.0383 
-14.7 0.23 0.0386 
-14.7 0.229 0.0397 
-14.7 0.229 0.0398 
-14.7 0.228 0.0401 
-14.7 0.228 0.0403 
-14.7 0.226 0.0405 
-14.7 0.225 0.0407 
-14.7 0.224 0.041 
-14.7 0.222 0.041 
-14.7 0.223 0.0441 
-14.7 0.22 0.0424 
-14.7 0.22 0.0425 
-14.7 0.219 0.0432 
-14.6 0.219 0.0432 
-14.6 0.219 0.0432 
-14.6 0.219 0.0443 
-14.6 0.218 0.0443 
-14.6 0.218 0.0446 
-14.6 0.216 0.0475 
-14.6 0.216 0.0477 
-14.6 0.217 0.0453 
-14.6 0.216 0.0456 
-14.6 0.216 0.0461 
-14.6 0.216 0.0465 
-14.6 0.217 0.0456 
-14.6 0.217 0.0453 
-14.6 0.217 0.048 
-14.6 0.217 0.0464 
-14.6 0.217 0.0461 
-14.6 0.218 0.0461 
-14.6 0.218 0.0459 
-14.6 0.218 0.0454 
-14.6 0.218 0.0449 
-14.6 0.218 0.0451 
-14.6 0.218 0.0456 
-14.6 0.218 0.046 
-14.6 0.219 0.043 
-14.6 0.22 0.041 
-14.6 0.22 0.0387 
-14.6 0.22 0.0386 
-14.6 0.22 0.0386 
-14.6 0.22 0.0387 
-14.6 0.221 0.0387 
-14.6 0.221 0.0384 
-14.6 0.22 0.0379 
-14.6 0.22 0.0383 
-14.6 0.22 0.038 
-14.6 0.22 0.0377 
-14.6 0.22 0.0375 
-14.6 0.22 0.0374 
-14.6 0.219 0.0372 
-14.6 0.219 0.0371 
-14.6 0.219 0.0372 
-14.6 0.219 0.0371 
-14.6 0.219 0.037 
-14.6 0.218 0.0371 
-14.6 0.218 0.0372 
-14.6 0.218 0.037 
-14.6 0.218 0.0367 
-14.6 0.218 0.0368 
-14.6 0.218 0.0369 
-14.6 0.218 0.0369 
-14.6 0.218 0.0369 
-14.6 0.218 0.0371 
-14.5 0.218 0.0375 
-14.5 0.218 0.0374 
-14.5 0.218 0.0375 
-14.5 0.218 0.0381 
-14.5 0.218 0.038 
-14.5 0.218 0.0386 
-14.5 0.218 0.0384 
-14.5 0.218 0.0389 
-14.5 0.218 0.0388 
-14.4 0.201 0.0244 
-14.5 0.218 0.0398 
-14.5 0.218 0.0395 
-14.5 0.219 0.0396 
-14.5 0.219 0.0396 
-14.5 0.219 0.0394 
-14.5 0.219 0.0387 
-14.5 0.22 0.038 
-14.5 0.22 0.0378 
-14.5 0.22 0.0374 
-14.4 0.22 0.0372 
-14.4 0.22 0.0371 
-14.4 0.22 0.0367 
-14.4 0.22 0.0367 
-14.4 0.22 0.0365 
-14.4 0.22 0.0365 
-14.4 0.219 0.0363 
-14.4 0.219 0.0363 
-14.4 0.219 0.0363 
-14.4 0.219 0.036 
-14.4 0.219 0.0359 
-14.4 0.219 0.0357 
-14.4 0.219 0.0357 
-14.4 0.219 0.0357 
-14.4 0.219 0.0357 
-14.4 0.219 0.0356 
-14.4 0.219 0.0357 
-14.3 0.22 0.0362 
-14.3 0.219 0.0356 
-14.3 0.219 0.0358 
-14.3 0.219 0.0357 
-14.3 0.219 0.0357 
-14.3 0.219 0.0357 
-14.3 0.221 0.0367 
-14.3 0.221 0.0363 
-14.3 0.22 0.036 
-14.3 0.219 0.0353 
-14.3 0.219 0.0351 
-14.3 0.219 0.0351 
-14.3 0.219 0.0355 
-14.3 0.219 0.0347 
-14.4 0.197 0.0286 
-14.4 0.201 0.00417 
-14.3 0.217 0.0344 
-14.3 0.218 0.034 
-14.3 0.218 0.0336 
-14.3 0.218 0.0337 
-14.3 0.217 0.0334 
-14.3 0.218 0.0335 
-14.3 0.218 0.0335 
-14.3 0.217 0.0333 
-14.3 0.217 0.0325 
-14.3 0.217 0.0325 
-14.3 0.217 0.0323 
-14.3 0.217 0.0322 
-14.4 0.216 0.0312 
-14.3 0.217 0.0319 
-14.3 0.217 0.0318 
-14.3 0.217 0.0317 
-14.3 0.216 0.0311 
-14.3 0.216 0.0312 
-14.3 0.217 0.0312 
-14.3 0.216 0.031 
-14.3 0.216 0.031 
-14.3 0.215 0.0301 
-14.3 0.217 0.0311 
-14.3 0.216 0.0307 
-14.3 0.217 0.0312 
-14.3 0.216 0.0312 
-14.3 0.216 0.0312 
-14.3 0.216 0.0311 
-14.3 0.216 0.0312 
-14.3 0.216 0.0312 
-14.3 0.216 0.0312 
-14.3 0.217 0.0314 
-14.3 0.217 0.0314 
-14.3 0.217 0.0317 
-14.3 0.217 0.0318 
-14.3 0.218 0.0319 
-14.3 0.218 0.0315 
-14.3 0.218 0.0314 
-14.3 0.219 0.0322 
-14.3 0.219 0.0321 
-14.2 0.22 0.0326 
-14.2 0.22 0.0326 
-14.2 0.22 0.0326 
-14.2 0.22 0.0328 
-14.2 0.22 0.0329 
-14.2 0.22 0.0328 
-14.2 0.221 0.0333 
-14.2 0.221 0.0331 
-14.2 0.222 0.033 
-14.2 0.222 0.033 
-14.2 0.222 0.033 
-14.2 0.222 0.033 
-14.2 0.221 0.0325 
-14.2 0.221 0.0326 
-14.1 0.22 0.0323 
-14.1 0.22 0.0323 
-14.1 0.22 0.0324 
-14.1 0.221 0.0326 
-14.1 0.221 0.0326 
-14.1 0.221 0.0326 
-14.1 0.22 0.0326 
-14.1 0.22 0.0326 
-14.1 0.22 0.0328 
-14.1 0.22 0.0327 
-14.1 0.22 0.0324 
-14.1 0.221 0.032 
-14.1 0.22 0.0321 
-14.1 0.221 0.0324 
-14.1 0.221 0.0324 
-14.1 0.221 0.0326 
-14.1 0.221 0.0327 
-14.1 0.221 0.0325 
-14.1 0.221 0.0325 
-14.1 0.221 0.0326 
-14.1 0.221 0.0325 
-14.1 0.221 0.0325 
-14.1 0.221 0.0322 
-14.1 0.221 0.0322 
-14.1 0.221 0.0322 
-14 0.223 0.0326 
-14 0.222 0.0324 
-14 0.222 0.0327 
-14 0.223 0.0331 
-14 0.222 0.0326 
-14 0.222 0.0325 
-14 0.222 0.0326 
-14 0.222 0.0323 
-14 0.222 0.0323 
-14 0.22 0.031 
-14 0.221 0.0315 
-14 0.221 0.0318 
-14 0.221 0.0318 
-14 0.22 0.0311 
-14 0.22 0.0311 
-14 0.219 0.0306 
-14 0.219 0.0306 
-14 0.219 0.0301 
-14 0.219 0.0303 
-14 0.219 0.0304 
-14 0.219 0.0307 
-14 0.219 0.0306 
-14 0.219 0.0309 
-14 0.219 0.0309 
-14 0.219 0.031 
-14 0.219 0.0307 
-14 0.22 0.0306 
-14 0.22 0.0306 
-14 0.22 0.0305 
-13.9 0.22 0.0305 
-13.9 0.22 0.0305 
-13.9 0.22 0.0298 
-13.9 0.22 0.0297 
-13.9 0.22 0.0298 
-13.9 0.22 0.0298 
-13.9 0.22 0.0299 
-13.9 0.22 0.0298 
-13.9 0.218 0.0289 
-13.9 0.219 0.0295 
-13.9 0.219 0.0296 
-13.9 0.219 0.0286 
-13.9 0.219 0.0286 
-13.9 0.219 0.0288 
-13.9 0.219 0.0288 
-13.9 0.22 0.0287 
-13.9 0.22 0.0287 
-13.9 0.219 0.0285 
-13.9 0.22 0.0286 
-13.9 0.22 0.0287 
-13.9 0.22 0.0286 
-13.9 0.221 0.0286 
-13.9 0.222 0.0288 
-13.9 0.223 0.0294 
-13.9 0.223 0.0292 
-13.9 0.223 0.029 
-13.9 0.221 0.0286 
-13.9 0.222 0.0288 
-13.9 0.222 0.028 
-13.9 0.222 0.0278 
-13.9 0.222 0.0276 
-13.9 0.222 0.0275 
-13.9 0.222 0.0274 
-13.9 0.222 0.0262 
-13.9 0.221 0.0266 
-13.9 0.222 0.0269 
-13.9 0.221 0.0252 
-13.9 0.221 0.0264 
-13.9 0.221 0.0261 
-13.9 0.222 0.0255 
-13.9 0.221 0.0258 
-13.9 0.221 0.0242 
-13.9 0.221 0.0244 
-13.9 0.221 0.0238 
-13.9 0.22 0.0235 
-13.9 0.221 0.0235 
-13.9 0.221 0.0233 
-13.9 0.222 0.0226 
-13.9 0.221 0.0227 
-13.9 0.221 0.0216 
-13.9 0.222 0.0218 
-13.9 0.222 0.021 
-13.9 0.222 0.0213 
-13.9 0.223 0.0205 
-13.9 0.222 0.0207 
-13.9 0.222 0.0201 
-13.9 0.222 0.0203 
-13.9 0.222 0.0204 
-13.9 0.222 0.0205 
-13.9 0.222 0.0206 
-13.9 0.224 0.0214 
-13.8 0.222 0.0199 
-13.8 0.222 0.0195 
-13.8 0.222 0.0192 
-13.8 0.223 0.019 
-13.8 0.224 0.018 
-13.8 0.225 0.0176 
-13.8 0.226 0.0165 
-13.8 0.227 0.0153 
-13.7 0.229 0.015 
-13.7 0.23 0.0145 
-13.7 0.23 0.0131 
-13.7 0.232 0.0129 
-13.7 0.234 0.0118 
-13.7 0.236 0.0113 
-13.7 0.236 0.011 
-13.7 0.235 0.0101 
-13.7 0.235 0.0105 
-13.6 0.236 0.00888 
-13.6 0.237 0.00794 
-13.6 0.238 0.00726 
-13.6 0.24 0.00686 
-13.6 0.241 0.00721 
-13.6 0.242 0.00754 
-13.6 0.243 0.00769 
-13.5 0.244 0.00772 
-13.5 0.245 0.00813 
-13.5 0.246 0.00861 
-13.5 0.248 0.00875 
-13.5 0.248 0.00912 
-13.5 0.25 0.00791 
-13.5 0.251 0.00759 
-13.5 0.253 0.00688 
-13.5 0.253 -0.00799 
-13.5 0.254 -0.00411 
-13.5 0.255 0.00481 
-13.5 0.256 0.00488 
-13.5 0.257 0.00536 
-13.5 0.257 0.00539 
-13.5 0.257 -0.00386 
-13.5 0.258 0.00614 
-13.5 0.259 0.00691 
-13.5 0.259 0.00688 
-13.5 0.258 0.00616 
-13.5 0.259 0.0062 
-13.5 0.258 0.00626 
-13.5 0.258 0.00639 
-13.5 0.257 0.00607 
-13.5 0.258 0.00537 
-13.5 0.257 0.00444 
-13.5 0.257 0.00342 
-13.5 0.257 0.00246 
-13.5 0.257 0.00139 
-13.5 0.257 0.000126 
-13.5 0.257 -0.00113 
-13.5 0.282 -0.0103 
-13.5 0.279 -0.0128 
-13.5 0.257 -0.00387 
-13.5 0.258 -0.00301 
-13.5 0.257 -0.00357 
-13.5 0.258 -0.00321 
-13.5 0.258 -0.00374 
-13.5 0.258 -0.00364 
-13.5 0.26 -0.00368 
-13.5 0.259 -0.00362 
-13.5 0.26 -0.00386 
-13.5 0.259 -0.00428 
-13.5 0.26 -0.00448 
-13.5 0.259 -0.00461 
-13.5 0.259 -0.00475 
-13.5 0.259 -0.00513 
-13.5 0.259 -0.00511 
-13.5 0.259 -0.00523 
-13.5 0.259 -0.00599 
-13.5 0.259 -0.00648 
-13.5 0.259 -0.00738 
-13.5 0.259 -0.00755 
-13.5 0.259 -0.0083 
-13.5 0.26 -0.00813 
-13.5 0.259 -0.00874 
-13.5 0.259 -0.0091 
-13.5 0.257 -0.00996 
-13.5 0.257 -0.0102 
-13.5 0.257 -0.0102 
-13.5 0.256 -0.0101 
-13.5 0.256 -0.0104 
-13.5 0.256 -0.0107 
-13.5 0.256 -0.0108 
-13.5 0.256 -0.0108 
-13.5 0.257 -0.0108 
-13.5 0.257 -0.0105 
-13.5 0.257 -0.0104 
-13.5 0.257 -0.0101 
-13.5 0.258 -0.00975 
-13.5 0.259 -0.00963 
-13.5 0.26 -0.00989 
-13.5 0.26 -0.00984 
-13.5 0.26 -0.00978 
-13.5 0.26 -0.00966 
-13.5 0.261 -0.00925 
-13.5 0.262 -0.00903 
-13.5 0.263 -0.00869 
-13.5 0.263 -0.0085 
-13.5 0.264 -0.0085 
-13.5 0.266 -0.00826 
-13.5 0.265 -0.00839 
-13.5 0.266 -0.00846 
-13.5 0.267 -0.0082 
-13.5 0.267 -0.00857 
-13.5 0.27 -0.00822 
-13.5 0.271 -0.0122 
-13.5 0.272 -0.0103 
-13.5 0.272 -0.0112 
-13.5 0.271 -0.0123 
-13.5 0.271 -0.0126 
-13.4 0.272 -0.013 
-13.4 0.272 -0.0132 
-13.4 0.271 -0.0128 
-13.4 0.272 -0.0123 
-13.4 0.272 -0.0118 
-13.4 0.272 -0.0116 
-13.4 0.273 -0.0119 
-13.4 0.273 -0.0127 
-13.4 0.273 -0.0127 
-13.4 0.274 -0.0119 
-13.4 0.275 -0.0119 
-13.4 0.276 -0.0124 
-13.4 0.276 -0.0128 
-13.3 0.276 -0.0131 
-13.3 0.277 -0.0144 
-13.3 0.277 -0.0157 
-13.3 0.277 -0.0158 
-13.3 0.277 -0.0162 
-13.3 0.278 -0.0161 
-13.3 0.279 -0.0158 
-13.3 0.278 -0.0162 
-13.3 0.279 -0.0159 
-13.3 0.28 -0.0156 
-13.3 0.28 -0.0157 
-13.3 0.281 -0.0156 
-13.2 0.281 -0.0155 
-13.2 0.281 -0.0149 
-13.2 0.281 -0.0153 
-13.2 0.282 -0.015 
-13.2 0.282 -0.0139 
-13.2 0.283 -0.0125 
-13.2 0.283 -0.0111 
-13.2 0.284 -0.00934 
-13.2 0.284 -0.00826 
-13.2 0.285 -0.00672 
-13.2 0.286 -0.00665 
-13.2 0.287 -0.00536 
-13.2 0.287 -0.00457 
-13.2 0.287 -0.0043 
-13.2 0.288 -0.00361 
-13.2 0.287 -0.00308 
-13.2 0.287 -0.00266 
-13.2 0.286 -0.00263 
-13.2 0.285 -0.00251 
-13.2 0.284 -0.00269 
-13.2 0.264 -0.00207 
-13.2 0.284 -0.00102 
-13.2 0.283 -0.00145 
-13.1 0.277 -0.0194 
-13.1 0.281 0.000946 
-13.1 0.282 0.00142 
-13.1 0.28 0.000561 
-13.1 0.28 0.00331 
-13.1 0.28 0.00298 
-13.1 0.279 0.00292 
-13.1 0.279 0.00272 
-13.1 0.278 0.00271 
-13.1 0.278 0.003 
-13.1 0.277 0.00367 
-13.1 0.278 0.00424 
-13.1 0.277 0.00487 
-13.1 0.277 0.00455 
-13.1 0.277 0.00547 
-13.1 0.276 0.00518 
-13.1 0.276 0.00594 
-13.1 0.276 0.00695 
-13.1 0.275 0.00732 
-13.1 0.275 0.00802 
-13.1 0.274 0.00863 
-13.1 0.274 0.00972 
-13.1 0.273 0.00969 
-13.1 0.273 0.0103 
-13.1 0.273 0.0104 
-13.1 0.272 0.0111 
-13.1 0.272 0.0112 
-13.1 0.271 0.012 
-13.1 0.27 0.012 
-13.1 0.27 0.0132 
-13.1 0.27 0.0136 
-13.1 0.27 0.0141 
-13.1 0.27 0.0155 
-13.1 0.27 0.0156 
-13.1 0.271 0.0161 
-13.1 0.271 0.0175 
-13.1 0.271 0.0178 
-13.1 0.271 0.0185 
-13.1 0.272 0.0191 
-13.1 0.272 0.0211 
-13.1 0.273 0.0214 
-13.1 0.273 0.0219 
-13.1 0.274 0.0241 
-13.1 0.274 0.0241 
-13.1 0.274 0.0247 
-13.1 0.275 0.0252 
-13.1 0.276 0.0274 
-13.1 0.276 0.0275 
-13.1 0.276 0.0276 
-13.1 0.276 0.0277 
-13.1 0.276 0.0284 
-13.1 0.277 0.0284 
-13.1 0.277 0.0288 
-13.1 0.276 0.0291 
-13.1 0.276 0.0291 
-13.1 0.276 0.029 
-13.1 0.277 0.0289 
-13.1 0.276 0.0286 
-13.1 0.276 0.0285 
-13.1 0.276 0.0284 
-13.1 0.276 0.0284 
-13.1 0.276 0.0282 
-13.1 0.274 0.0277 
-13.1 0.275 0.028 
-13.1 0.274 0.0276 
-13.1 0.275 0.0276 
-13.1 0.274 0.0275 
-13.1 0.274 0.0277 
-13.2 0.274 0.0277 
-13.2 0.274 0.0275 
-13.2 0.274 0.0277 
-13.2 0.274 0.0279 
-13.2 0.274 0.0283 
-13.2 0.275 0.0291 
-13.2 0.275 0.0289 
-13.2 0.275 0.0302 
-13.2 0.275 0.0303 
-13.2 0.276 0.0308 
-13.1 0.276 0.0317 
-13.1 0.277 0.0325 
-13.1 0.278 0.0327 
-13.1 0.278 0.0326 
-13.1 0.279 0.0327 
-13.1 0.279 0.0329 
-13.1 0.28 0.0335 
-13.1 0.28 0.0342 
-13.1 0.281 0.0351 
-13.1 0.281 0.0359 
-13.1 0.281 0.0367 
-13.1 0.281 0.0373 
-13.1 0.281 0.0376 
-13.1 0.282 0.0402 
-13.1 0.282 0.0412 
-13.1 0.282 0.0418 
-13.1 0.282 0.0423 
-13.1 0.283 0.0424 
-13.1 0.282 0.0434 
-13.1 0.282 0.0452 
-13.2 0.282 0.0473 
-13.1 0.282 0.0451 
-13.1 0.281 0.045 
-13.1 0.281 0.0444 
-13.1 0.281 0.0437 
-13.1 0.281 0.0429 
-13.1 0.28 0.0425 
-13.1 0.28 0.0424 
-13.1 0.28 0.042 
-13.1 0.279 0.0418 
-13.1 0.279 0.0415 
-13.1 0.279 0.0413 
-13.1 0.279 0.0413 
-13.1 0.279 0.0411 
-13.1 0.279 0.0408 
-13.1 0.279 0.0404 
-13 0.279 0.04 
-13 0.279 0.0396 
-13 0.278 0.0392 
-13 0.278 0.0388 
-13 0.278 0.0385 
-13 0.278 0.0381 
-13 0.278 0.038 
-13 0.278 0.038 
-13 0.278 0.0377 
-13 0.278 0.0379 
-13 0.278 0.0379 
-13 0.278 0.038 
-13 0.278 0.0381 
-13 0.278 0.0381 
-13 0.278 0.0381 
-13 0.277 0.0382 
-13 0.277 0.0383 
-13 0.277 0.0384 
-13 0.277 0.0382 
-13 0.276 0.0378 
-13 0.276 0.0378 
-13 0.276 0.0376 
-13 0.276 0.0376 
-13 0.276 0.0377 
-13 0.276 0.0377 
-13 0.275 0.0377 
-13 0.275 0.0378 
-13 0.275 0.0381 
-13 0.275 0.0383 
-13 0.275 0.0384 
-13 0.275 0.0384 
-13 0.276 0.0387 
-13 0.276 0.0388 
-13 0.276 0.0391 
-13 0.276 0.0392 
-13 0.276 0.0397 
-13 0.276 0.0397 
-13 0.276 0.04 
-13 0.276 0.04 
-13 0.276 0.04 
-13 0.276 0.04 
-13 0.276 0.0399 
-13 0.276 0.04 
-13 0.275 0.0401 
-13 0.275 0.0401 
-13 0.275 0.04 
-12.9 0.275 0.04 
-12.9 0.275 0.0401 
-12.9 0.275 0.04 
-12.9 0.275 0.0399 
-12.9 0.274 0.0397 
-12.9 0.274 0.0397 
-12.9 0.274 0.0398 
-12.9 0.274 0.0397 
-12.9 0.274 0.0397 
-12.9 0.274 0.0397 
-12.9 0.274 0.0398 
-12.9 0.274 0.0399 
-12.9 0.274 0.04 
-12.9 0.274 0.04 
-12.9 0.274 0.0401 
-12.9 0.274 0.0401 
-12.9 0.274 0.0402 
-12.9 0.274 0.0405 
-12.9 0.274 0.0405 
-12.9 0.274 0.0405 
-12.8 0.274 0.0404 
-12.8 0.274 0.0403 
-12.8 0.273 0.0399 
-12.8 0.274 0.04 
-12.8 0.273 0.04 
-12.8 0.273 0.0401 
-12.8 0.273 0.0396 
-12.8 0.274 0.0383 
-12.8 0.273 0.0394 
-12.8 0.275 0.0198 
-12.8 0.271 0.0394 
-12.8 0.272 0.0397 
-12.8 0.272 0.0399 
-12.8 0.272 0.0397 
-12.8 0.272 0.0396 
-12.8 0.272 0.0395 
-12.8 0.272 0.0394 
-12.8 0.272 0.0393 
-12.8 0.272 0.0392 
-12.8 0.272 0.0394 
-12.8 0.272 0.0395 
-12.8 0.272 0.0395 
-12.8 0.272 0.0397 
-12.8 0.272 0.04 
-12.8 0.272 0.0402 
-12.8 0.272 0.0404 
-12.8 0.272 0.0406 
-12.8 0.272 0.0407 
-12.8 0.272 0.0411 
-12.8 0.272 0.0413 
-12.8 0.272 0.0414 
-12.8 0.272 0.0419 
-12.8 0.272 0.0419 
-12.8 0.272 0.042 
-12.7 0.272 0.0421 
-12.7 0.272 0.0423 
-12.7 0.272 0.0425 
-12.7 0.271 0.0426 
-12.7 0.271 0.043 
-12.7 0.271 0.043 
-12.7 0.271 0.043 
-12.7 0.272 0.0431 
-12.7 0.271 0.0431 
-12.7 0.272 0.0432 
-12.7 0.272 0.0431 
-12.7 0.272 0.0433 
-12.7 0.272 0.0431 
-12.7 0.272 0.0431 
-12.7 0.272 0.0434 
-12.7 0.272 0.0434 
-12.7 0.272 0.0436 
-12.7 0.272 0.0438 
-12.7 0.272 0.0442 
-12.7 0.272 0.0442 
-12.7 0.272 0.0442 
-12.7 0.272 0.0441 
-12.7 0.272 0.0439 
-12.7 0.272 0.0439 
-12.7 0.271 0.0439 
-12.7 0.271 0.0438 
-12.7 0.271 0.0437 
-12.7 0.271 0.0437 
-12.7 0.271 0.0436 
-12.7 0.27 0.0432 
-12.7 0.27 0.0431 
-12.7 0.27 0.043 
-12.7 0.27 0.0424 
-12.7 0.27 0.0424 
-12.7 0.27 0.0423 
-12.7 0.27 0.0422 
-12.7 0.269 0.0415 
-12.7 0.269 0.0415 
-12.7 0.269 0.0415 
-12.7 0.269 0.0407 
-12.7 0.269 0.0408 
-12.7 0.269 0.0409 
-12.7 0.269 0.0409 
-12.7 0.269 0.0409 
-12.7 0.269 0.0409 
-12.7 0.269 0.0409 
-12.7 0.269 0.0409 
-12.7 0.269 0.0409 
-12.7 0.269 0.0408 
-12.7 0.268 0.0409 
-12.7 0.269 0.0409 
-12.7 0.269 0.041 
-12.7 0.268 0.0409 
-12.7 0.268 0.041 
-12.6 0.268 0.041 
-12.6 0.268 0.041 
-12.6 0.268 0.041 
-12.6 0.268 0.0412 
-12.6 0.268 0.0413 
-12.6 0.268 0.0413 
-12.6 0.268 0.0414 
-12.6 0.268 0.0415 
-12.6 0.268 0.0416 
-12.6 0.268 0.0417 
-12.6 0.268 0.0418 
-12.6 0.268 0.0419 
-12.6 0.268 0.042 
-12.6 0.268 0.042 
-12.6 0.268 0.0421 
-12.6 0.268 0.0422 
-12.6 0.268 0.0422 
-12.6 0.268 0.042 
-12.6 0.268 0.042 
-12.6 0.268 0.0421 
-12.6 0.268 0.0421 
-12.6 0.267 0.0419 
-12.6 0.268 0.0419 
-12.6 0.268 0.0419 
-12.6 0.268 0.0414 
-12.6 0.268 0.0414 
-12.6 0.268 0.0414 
-12.6 0.268 0.0414 
-12.6 0.268 0.0414 
-12.6 0.267 0.0413 
-12.6 0.267 0.0413 
-12.6 0.267 0.0413 
-12.6 0.267 0.0413 
-12.6 0.267 0.0413 
-12.6 0.268 0.0411 
-12.6 0.268 0.0411 
-12.6 0.267 0.0405 
-12.6 0.267 0.0406 
-12.6 0.267 0.0406 
-12.6 0.267 0.0406 
-12.6 0.267 0.0402 
-12.6 0.267 0.0398 
-12.6 0.267 0.04 
-12.6 0.267 0.0396 
-12.6 0.267 0.0396 
-12.6 0.267 0.0397 
-12.6 0.267 0.0398 
-12.6 0.267 0.0397 
-12.6 0.267 0.0398 
-12.6 0.267 0.0399 
-12.6 0.267 0.0399 
-12.6 0.267 0.0399 
-12.6 0.267 0.0399 
-12.6 0.267 0.04 
-12.6 0.267 0.04 
-12.6 0.267 0.0398 
-12.6 0.267 0.0398 
-12.6 0.267 0.0398 
-12.6 0.267 0.0398 
-12.6 0.267 0.0394 
-12.6 0.267 0.0393 
-12.6 0.267 0.0392 
-12.6 0.267 0.0391 
-12.6 0.267 0.0391 
-12.6 0.267 0.039 
-12.6 0.267 0.0386 
-12.6 0.267 0.0385 
-12.6 0.267 0.0381 
-12.6 0.267 0.0383 
-12.6 0.267 0.0383 
-12.6 0.267 0.0384 
-12.6 0.267 0.0379 
-12.6 0.267 0.0376 
-12.6 0.267 0.0376 
-12.6 0.267 0.0373 
-12.6 0.267 0.0374 
-12.6 0.267 0.0371 
-12.6 0.267 0.0372 
-12.6 0.266 0.0369 
-12.6 0.266 0.0369 
-12.6 0.266 0.0369 
-12.6 0.266 0.0369 
-12.6 0.266 0.0369 
-12.6 0.266 0.0366 
-12.6 0.266 0.0366 
-12.6 0.266 0.0368 
-12.5 0.266 0.0371 
-12.5 0.266 0.0366 
-12.5 0.266 0.0362 
-12.5 0.266 0.036 
-12.6 0.266 0.0356 
-12.6 0.266 0.0356 
-12.6 0.266 0.0354 
-12.6 0.266 0.035 
-12.6 0.266 0.0345 
-12.6 0.266 0.0341 
-12.6 0.266 0.0338 
-12.6 0.266 0.0335 
-12.6 0.266 0.0332 
-12.6 0.266 0.0326 
-12.5 0.266 0.0326 
-12.5 0.266 0.0324 
-12.5 0.266 0.0323 
-12.6 0.266 0.032 
-12.5 0.267 0.0319 
-12.5 0.266 0.0316 
-12.6 0.266 0.0312 
-12.6 0.266 0.0311 
-12.6 0.266 0.0313 
-12.6 0.266 0.0316 
-12.6 0.267 0.0316 
-12.5 0.266 0.032 
-12.6 0.266 0.032 
-12.5 0.266 0.0322 
-12.5 0.266 0.0323 
-12.6 0.266 0.0322 
-12.5 0.266 0.0323 
-12.6 0.266 0.0324 
-12.5 0.266 0.0326 
-12.5 0.266 0.0325 
-12.5 0.266 0.0326 
-12.5 0.266 0.0327 
-12.5 0.266 0.0327 
-12.5 0.266 0.0328 
-12.5 0.266 0.0328 
-12.5 0.266 0.0329 
-12.5 0.266 0.033 
-12.5 0.266 0.033 
-12.5 0.266 0.0331 
-12.5 0.266 0.0331 
-12.5 0.266 0.0331 
-12.5 0.266 0.0332 
-12.5 0.266 0.0333 
-12.5 0.266 0.0333 
-12.5 0.266 0.0333 
-12.5 0.266 0.0334 
-12.5 0.266 0.0334 
-12.5 0.266 0.0334 
-12.5 0.266 0.0335 
-12.5 0.266 0.0335 
-12.5 0.266 0.0336 
-12.5 0.266 0.0336 
-12.5 0.266 0.0336 
-12.5 0.266 0.0336 
-12.5 0.266 0.0337 
-12.5 0.266 0.0337 
-12.5 0.266 0.0337 
-12.5 0.266 0.0338 
-12.5 0.266 0.0338 
-12.5 0.266 0.0338 
-12.5 0.266 0.0339 
-12.5 0.266 0.0339 
-12.5 0.266 0.0339 
