19.4 -0.468 -0.628 
18.6 -1.51 -1.38 
18.6 -1.56 -1.58 
20 -2.15 -1.09 
20.2 -2.23 -0.857 
20 -1.23 -0.449 
22.2 -1.31 0.53 
23.5 -0.913 1.16 
24.5 -0.707 1.64 
24.8 -0.48 1.88 
26.2 -0.588 2.42 
27.7 -0.567 3.05 
29.2 -0.543 3.7 
30.5 -0.588 4.22 
30 -0.66 3.96 
29.2 -0.684 3.56 
26.6 -0.911 2.38 
23.8 -1.16 1.17 
20.3 -1.47 -0.217 
20 -1.44 -0.312 
20.1 -1.37 -0.245 
19.9 -1.35 -0.346 
19.6 -1.29 -0.41 
19.7 -1.29 -0.39 
20.7 -1.18 0.0131 
21.6 -1.08 0.367 
23.4 -0.913 1.08 
24.1 -0.895 1.35 
24.4 -0.882 1.47 
25.1 -0.835 1.76 
25.3 -0.8 1.82 
25.4 -0.714 1.87 
25 -0.695 1.73 
24.9 -0.62 1.73 
24.7 -0.641 1.63 
24.5 -0.663 1.56 
24.2 -0.687 1.43 
24 -0.732 1.34 
24.6 -0.668 1.41 
23.5 -0.752 1.14 
23 -0.803 0.977 
22.7 -0.817 0.849 
22 -0.911 0.577 
21.8 -0.936 0.479 
21.5 -0.931 0.365 
21.1 -0.944 0.239 
20.6 -0.993 0.0448 
19.9 -1.03 -0.218 
19.9 -1.04 -0.243 
19.7 -1.02 -0.307 
19.5 -0.99 -0.363 
19.1 -0.999 -0.504 
19.1 -0.926 -0.497 
19 -0.854 -0.555 
18.8 -0.827 -0.62 
18.7 -0.743 -0.661 
18.8 -0.686 -0.641 
18.9 -0.611 -0.622 
19 -0.568 -0.616 
19 -0.519 -0.599 
19.1 -0.486 -0.6 
19 -0.5 -0.628 
18.9 -0.514 -0.656 
18.9 -0.516 -0.673 
18.7 -0.558 -0.757 
18.7 -0.549 -0.739 
18.6 -0.574 -0.776 
18.6 -0.548 -0.781 
18.6 -0.55 -0.806 
18.4 -0.541 -0.87 
18.3 -0.55 -0.907 
18.2 -0.562 -0.95 
18 -0.578 -1.07 
17.9 -0.587 -1.08 
17.9 -0.608 -1.09 
17.6 -0.647 -1.21 
17.7 -0.657 -1.19 
17.7 -0.657 -1.19 
17.5 -0.688 -1.27 
17.5 -0.687 -1.28 
17.4 -0.684 -1.29 
17.2 -0.708 -1.39 
17.2 -0.712 -1.4 
17 -0.736 -1.48 
17.1 -0.739 -1.46 
17.1 -0.728 -1.44 
17.2 -0.721 -1.4 
17.2 -0.745 -1.4 
17.2 -0.74 -1.4 
17.4 -0.732 -1.34 
17.5 -0.743 -1.28 
17.8 -0.744 -1.17 
17.8 -0.74 -1.16 
17.9 -0.744 -1.12 
18.2 -0.751 -1 
18.1 -0.763 -1.04 
18.1 -0.772 -1.03 
18.3 -0.796 -0.953 
18.2 -0.8 -0.972 
18.3 -0.813 -0.944 
18.3 -0.805 -0.947 
18.3 -0.801 -0.936 
18.4 -0.799 -0.906 
18.4 -0.803 -0.914 
18.4 -0.794 -0.906 
18.4 -0.803 -0.91 
18.4 -0.806 -0.908 
18.4 -0.825 -0.905 
18.3 -0.835 -0.939 
18.2 -0.835 -0.95 
18.1 -0.841 -1.01 
18.1 -0.847 -1 
18 -0.85 -1.04 
18 -0.852 -1.04 
18 -0.858 -1.05 
17.9 -0.866 -1.07 
17.9 -0.871 -1.07 
17.8 -0.869 -1.11 
17.6 -0.875 -1.15 
17.6 -0.873 -1.16 
17.5 -0.865 -1.21 
17.4 -0.866 -1.24 
17.4 -0.86 -1.25 
17.3 -0.851 -1.26 
17.3 -0.827 -1.27 
17.2 -0.819 -1.28 
17.1 -0.823 -1.29 
17.1 -0.821 -1.3 
17.1 -0.804 -1.29 
17.2 -0.796 -1.27 
17.2 -0.8 -1.26 
17.2 -0.799 -1.25 
17.2 -0.791 -1.24 
17.2 -0.775 -1.22 
17.3 -0.763 -1.21 
17.3 -0.737 -1.18 
17.3 -0.725 -1.17 
17.3 -0.711 -1.16 
17.4 -0.684 -1.14 
17.4 -0.67 -1.11 
17.4 -0.644 -1.1 
17.5 -0.637 -1.09 
17.5 -0.621 -1.07 
17.6 -0.616 -1.04 
17.7 -0.612 -1.01 
17.8 -0.605 -0.965 
17.8 -0.602 -0.96 
17.8 -0.602 -0.941 
18 -0.599 -0.89 
18 -0.592 -0.858 
18.1 -0.593 -0.831 
18.3 -0.585 -0.765 
18.3 -0.587 -0.751 
18.4 -0.59 -0.73 
18.6 -0.588 -0.675 
18.6 -0.587 -0.662 
18.7 -0.584 -0.619 
18.7 -0.593 -0.619 
18.8 -0.591 -0.594 
18.8 -0.605 -0.588 
18.9 -0.61 -0.552 
19 -0.618 -0.524 
19.2 -0.629 -0.457 
19.3 -0.644 -0.429 
19.5 -0.66 -0.384 
19.8 -0.675 -0.299 
20 -0.65 -0.262 
20 -0.694 -0.244 
20.2 -0.697 -0.153 
20.3 -0.701 -0.146 
20.3 -0.706 -0.131 
20.5 -0.697 -0.0721 
20.5 -0.7 -0.0718 
20.5 -0.701 -0.0708 
20.6 -0.679 -0.0313 
20.6 -0.679 -0.0337 
20.7 -0.65 0.00393 
20.7 -0.649 0.00519 
20.9 -0.629 0.042 
20.8 -0.631 0.0394 
20.9 -0.633 0.0415 
21 -0.618 0.0747 
21 -0.619 0.0778 
21 -0.619 0.0862 
21 -0.621 0.0923 
21.2 -0.611 0.147 
21.3 -0.616 0.149 
21.3 -0.619 0.158 
21.3 -0.622 0.164 
21.5 -0.615 0.206 
21.5 -0.614 0.196 
21.6 -0.604 0.223 
21.6 -0.612 0.224 
21.7 -0.618 0.242 
21.8 -0.623 0.266 
21.8 -0.634 0.267 
21.8 -0.643 0.267 
21.7 -0.655 0.26 
21.7 -0.657 0.254 
21.7 -0.653 0.254 
21.6 -0.639 0.234 
21.7 -0.635 0.239 
21.7 -0.615 0.242 
21.6 -0.614 0.239 
21.7 -0.591 0.246 
21.7 -0.591 0.246 
21.6 -0.587 0.243 
21.7 -0.567 0.264 
21.7 -0.568 0.268 
21.7 -0.562 0.277 
21.8 -0.54 0.316 
21.8 -0.543 0.316 
21.8 -0.536 0.326 
21.9 -0.513 0.375 
21.9 -0.514 0.379 
22 -0.492 0.414 
22 -0.495 0.413 
22 -0.5 0.412 
22 -0.494 0.434 
22 -0.499 0.431 
22.1 -0.488 0.446 
22.1 -0.486 0.447 
22.1 -0.482 0.452 
22.1 -0.472 0.468 
22.2 -0.471 0.482 
22.2 -0.464 0.51 
22.3 -0.459 0.523 
22.3 -0.449 0.558 
22.4 -0.451 0.56 
22.4 -0.442 0.573 
22.4 -0.445 0.568 
22.4 -0.444 0.589 
22.4 -0.449 0.588 
22.5 -0.451 0.603 
22.5 -0.453 0.603 
22.5 -0.457 0.609 
22.5 -0.458 0.605 
22.5 -0.462 0.605 
22.5 -0.464 0.608 
22.5 -0.47 0.606 
22.5 -0.468 0.604 
22.5 -0.466 0.602 
22.5 -0.462 0.611 
22.5 -0.462 0.597 
22.5 -0.467 0.596 
22.4 -0.465 0.588 
22.4 -0.466 0.586 
22.4 -0.464 0.585 
22.4 -0.463 0.585 
22.4 -0.461 0.581 
22.4 -0.462 0.58 
22.4 -0.464 0.573 
22.4 -0.467 0.574 
22.4 -0.469 0.567 
22.4 -0.468 0.569 
22.4 -0.47 0.567 
22.4 -0.472 0.566 
22.4 -0.475 0.563 
22.4 -0.477 0.561 
22.4 -0.484 0.566 
22.4 -0.488 0.563 
22.4 -0.494 0.566 
22.4 -0.493 0.563 
22.5 -0.495 0.58 
22.5 -0.491 0.58 
22.5 -0.595 0.602 
22.5 -0.493 0.586 
22.5 -0.491 0.6 
22.5 -0.493 0.596 
22.6 -0.489 0.611 
22.6 -0.486 0.612 
22.6 -0.483 0.622 
22.6 -0.478 0.626 
22.6 -0.476 0.631 
22.6 -0.475 0.63 
22.6 -0.466 0.642 
22.6 -0.459 0.641 
22.6 -0.448 0.635 
22.6 -0.447 0.638 
22.6 -0.438 0.637 
22.6 -0.443 0.641 
22.6 -0.439 0.642 
22.6 -0.44 0.64 
22.6 -0.439 0.641 
22.6 -0.439 0.636 
22.6 -0.441 0.641 
22.6 -0.442 0.64 
22.6 -0.444 0.64 
22.6 -0.447 0.64 
22.6 -0.451 0.64 
22.7 -0.455 0.642 
22.7 -0.459 0.643 
22.7 -0.465 0.639 
22.6 -0.477 0.631 
22.6 -0.49 0.621 
22.6 -0.5 0.611 
22.6 -0.514 0.606 
22.6 -0.522 0.598 
22.5 -0.532 0.58 
22.5 -0.536 0.578 
22.5 -0.539 0.583 
22.5 -0.548 0.571 
22.5 -0.551 0.567 
22.5 -0.545 0.551 
22.4 -0.541 0.544 
22.4 -0.537 0.54 
22.4 -0.537 0.542 
22.5 -0.535 0.556 
22.5 -0.53 0.561 
22.5 -0.529 0.574 
22.5 -0.526 0.575 
22.5 -0.517 0.591 
22.5 -0.512 0.598 
22.6 -0.503 0.619 
22.5 -0.495 0.622 
22.5 -0.483 0.623 
22.5 -0.464 0.633 
22.5 -0.452 0.621 
22.4 -0.425 0.605 
22.4 -0.427 0.609 
22.3 -0.404 0.592 
22.3 -0.401 0.597 
22.2 -0.376 0.588 
22.3 -0.381 0.592 
22.3 -0.397 0.607 
22.4 -0.405 0.614 
22.4 -0.393 0.625 
22.4 -0.391 0.628 
22.4 -0.39 0.625 
22.4 -0.378 0.624 
22.4 -0.381 0.611 
22.4 -0.387 0.601 
22.4 -0.389 0.611 
22.4 -0.391 0.607 
22.4 -0.398 0.607 
22.5 -0.404 0.598 
22.5 -0.409 0.591 
22.5 -0.416 0.586 
22.5 -0.415 0.577 
22.5 -0.416 0.558 
22.4 -0.411 0.541 
22.4 -0.4 0.522 
22.3 -0.387 0.503 
22.3 -0.371 0.474 
22.1 -0.351 0.438 
22 -0.326 0.4 
21.9 -0.301 0.362 
21.8 -0.273 0.324 
21.7 -0.252 0.29 
21.6 -0.229 0.267 
21.5 -0.216 0.252 
21.5 -0.198 0.243 
21.5 -0.189 0.236 
21.5 -0.183 0.233 
21.5 -0.178 0.228 
21.4 -0.169 0.225 
21.4 -0.166 0.226 
21.4 -0.159 0.232 
21.4 -0.152 0.235 
21.4 -0.149 0.234 
21.4 -0.144 0.237 
21.4 -0.143 0.233 
21.3 -0.135 0.236 
21.3 -0.134 0.233 
21.3 -0.128 0.232 
21.3 -0.128 0.226 
21.3 -0.126 0.223 
21.3 -0.124 0.219 
21.3 -0.119 0.214 
21.3 -0.122 0.212 
21.3 -0.123 0.212 
21.3 -0.121 0.208 
21.3 -0.122 0.211 
21.3 -0.123 0.21 
21.3 -0.124 0.205 
21.3 -0.125 0.211 
21.3 -0.123 0.209 
21.3 -0.119 0.206 
21.3 -0.118 0.205 
21.3 -0.115 0.205 
21.2 -0.111 0.204 
21.2 -0.113 0.201 
21.2 -0.106 0.2 
21.2 -0.106 0.197 
21.2 -0.104 0.196 
21.2 -0.102 0.198 
21.2 -0.104 0.198 
21.2 -0.103 0.201 
21.2 -0.103 0.201 
21.2 -0.104 0.203 
21.2 -0.104 0.203 
21.2 -0.104 0.206 
21.2 -0.102 0.203 
21.2 -0.106 0.206 
21.2 -0.103 0.205 
21.2 -0.103 0.207 
21.2 -0.104 0.204 
21.2 -0.104 0.204 
21.2 -0.105 0.202 
21.2 -0.106 0.203 
21.2 -0.103 0.2 
21.1 -0.101 0.196 
21.1 -0.101 0.194 
21.1 -0.0976 0.184 
21.1 -0.0964 0.174 
21.1 -0.093 0.167 
21.1 -0.0878 0.157 
21.1 -0.0872 0.155 
21.1 -0.0813 0.15 
21.1 -0.0808 0.15 
21.1 -0.0756 0.144 
21.1 -0.0771 0.143 
21.1 -0.0768 0.137 
21.1 -0.0776 0.138 
21.1 -0.0781 0.139 
21.1 -0.0789 0.139 
21.1 -0.0819 0.142 
21.1 -0.083 0.14 
21.1 -0.0834 0.143 
21.1 -0.0846 0.144 
21.1 -0.0843 0.148 
21.1 -0.0838 0.148 
21.2 -0.0859 0.15 
21.2 -0.0864 0.152 
21.2 -0.0859 0.152 
21.2 -0.0852 0.152 
21.2 -0.0844 0.154 
21.2 -0.0819 0.153 
21.2 -0.0842 0.154 
21.3 -0.0853 0.151 
21.3 -0.0872 0.154 
21.3 -0.0904 0.152 
21.3 -0.0907 0.15 
21.3 -0.0928 0.148 
21.3 -0.0914 0.148 
21.3 -0.0934 0.15 
21.3 -0.0941 0.148 
21.3 -0.0965 0.153 
21.3 -0.0961 0.153 
21.3 -0.0982 0.155 
21.3 -0.098 0.154 
21.3 -0.101 0.158 
21.3 -0.0998 0.157 
21.3 -0.103 0.157 
21.3 -0.102 0.155 
21.3 -0.103 0.155 
21.3 -0.101 0.153 
21.3 -0.101 0.155 
21.3 -0.101 0.154 
21.3 -0.0996 0.15 
21.3 -0.0991 0.149 
21.3 -0.0964 0.145 
21.3 -0.0958 0.145 
21.4 -0.0965 0.141 
21.4 -0.0971 0.142 
21.4 -0.0975 0.14 
21.4 -0.0967 0.14 
21.4 -0.0964 0.139 
21.4 -0.0967 0.138 
21.4 -0.0965 0.138 
21.4 -0.0967 0.137 
21.4 -0.0969 0.136 
21.4 -0.0962 0.135 
21.4 -0.0972 0.135 
21.4 -0.0972 0.134 
21.4 -0.0977 0.134 
21.4 -0.0977 0.135 
21.4 -0.0983 0.135 
21.4 -0.0981 0.134 
21.4 -0.0983 0.133 
21.4 -0.101 0.131 
21.4 -0.102 0.131 
21.4 -0.103 0.13 
21.4 -0.103 0.13 
21.4 -0.105 0.13 
21.4 -0.106 0.131 
21.4 -0.107 0.131 
21.4 -0.108 0.131 
21.4 -0.11 0.133 
21.4 -0.111 0.133 
21.4 -0.111 0.134 
21.4 -0.111 0.134 
21.4 -0.111 0.136 
21.4 -0.112 0.137 
21.4 -0.113 0.138 
21.4 -0.114 0.138 
21.4 -0.116 0.139 
21.4 -0.118 0.141 
21.4 -0.119 0.143 
21.4 -0.12 0.144 
21.4 -0.121 0.145 
21.4 -0.122 0.146 
21.4 -0.124 0.147 
21.4 -0.125 0.148 
21.5 -0.125 0.149 
21.5 -0.126 0.151 
21.5 -0.126 0.151 
21.5 -0.127 0.153 
21.5 -0.126 0.154 
21.5 -0.125 0.156 
21.5 -0.125 0.156 
21.5 -0.125 0.159 
21.5 -0.125 0.159 
21.5 -0.125 0.161 
21.5 -0.123 0.161 
21.5 -0.121 0.161 
21.5 -0.12 0.163 
21.5 -0.12 0.162 
21.5 -0.12 0.163 
21.5 -0.116 0.161 
21.5 -0.117 0.162 
21.5 -0.115 0.161 
21.5 -0.118 0.158 
21.5 -0.122 0.155 
21.5 -0.125 0.153 
21.5 -0.127 0.151 
21.5 -0.127 0.15 
21.5 -0.126 0.149 
21.5 -0.127 0.148 
21.5 -0.128 0.147 
21.5 -0.128 0.146 
21.5 -0.129 0.147 
21.5 -0.129 0.148 
21.6 -0.129 0.148 
21.6 -0.133 0.147 
21.6 -0.136 0.145 
21.6 -0.14 0.145 
21.6 -0.142 0.144 
21.6 -0.144 0.141 
21.6 -0.146 0.141 
21.6 -0.149 0.141 
21.6 -0.15 0.141 
21.6 -0.151 0.141 
21.6 -0.152 0.142 
21.7 -0.155 0.142 
21.7 -0.157 0.143 
21.7 -0.161 0.146 
21.7 -0.163 0.145 
21.7 -0.167 0.146 
21.7 -0.17 0.146 
21.7 -0.172 0.149 
21.7 -0.173 0.149 
21.8 -0.174 0.151 
21.8 -0.175 0.152 
21.8 -0.176 0.154 
21.8 -0.176 0.156 
21.8 -0.174 0.155 
21.8 -0.172 0.158 
21.8 -0.171 0.157 
21.8 -0.168 0.159 
21.8 -0.168 0.159 
21.8 -0.166 0.16 
21.8 -0.165 0.159 
21.8 -0.163 0.158 
21.8 -0.16 0.158 
21.8 -0.16 0.157 
21.8 -0.16 0.157 
21.8 -0.16 0.157 
21.8 -0.159 0.157 
21.8 -0.158 0.157 
21.8 -0.158 0.157 
21.8 -0.158 0.16 
21.8 -0.158 0.16 
21.8 -0.159 0.162 
21.8 -0.162 0.163 
21.8 -0.167 0.166 
21.8 -0.17 0.167 
21.8 -0.174 0.17 
21.9 -0.177 0.172 
21.9 -0.18 0.174 
21.9 -0.184 0.176 
21.9 -0.187 0.177 
21.9 -0.189 0.177 
21.9 -0.19 0.178 
21.9 -0.192 0.178 
21.9 -0.192 0.178 
21.9 -0.194 0.179 
21.9 -0.194 0.178 
21.9 -0.194 0.178 
21.9 -0.195 0.179 
21.9 -0.197 0.18 
21.9 -0.201 0.182 
22 -0.2 0.182 
22 -0.199 0.182 
22 -0.198 0.181 
22 -0.196 0.181 
22 -0.196 0.18 
22 -0.195 0.18 
22 -0.193 0.178 
22 -0.191 0.178 
22 -0.188 0.178 
22 -0.188 0.177 
22 -0.188 0.177 
22 -0.187 0.178 
22 -0.187 0.178 
22 -0.188 0.179 
22 -0.188 0.178 
22 -0.189 0.178 
22 -0.19 0.178 
22 -0.19 0.177 
22.1 -0.191 0.177 
22.1 -0.191 0.176 
22.1 -0.192 0.174 
22.1 -0.192 0.174 
22.1 -0.191 0.173 
22.1 -0.191 0.173 
22.1 -0.191 0.172 
22.1 -0.191 0.171 
22.1 -0.191 0.169 
22.1 -0.192 0.169 
22.1 -0.191 0.166 
22.1 -0.191 0.165 
22.1 -0.193 0.162 
22.1 -0.193 0.162 
22.1 -0.195 0.16 
22.1 -0.194 0.16 
22.1 -0.195 0.159 
22.1 -0.194 0.159 
22.1 -0.197 0.159 
22.1 -0.198 0.16 
22.1 -0.2 0.162 
22.1 -0.2 0.161 
22.1 -0.202 0.161 
22.1 -0.202 0.16 
22.1 -0.202 0.16 
22.1 -0.201 0.16 
22.1 -0.199 0.159 
22.1 -0.198 0.159 
22.1 -0.199 0.157 
22.1 -0.198 0.156 
22.1 -0.197 0.156 
22.1 -0.196 0.155 
22.1 -0.196 0.155 
22.1 -0.196 0.154 
22.2 -0.195 0.154 
22.2 -0.194 0.152 
22.2 -0.194 0.15 
22.2 -0.193 0.149 
22.2 -0.192 0.149 
22.2 -0.19 0.149 
22.2 -0.19 0.148 
22.2 -0.188 0.147 
22.2 -0.188 0.148 
22.2 -0.186 0.148 
22.2 -0.187 0.149 
22.2 -0.186 0.149 
22.2 -0.184 0.148 
22.2 -0.184 0.148 
22.2 -0.183 0.147 
22.2 -0.184 0.146 
22.2 -0.183 0.146 
22.2 -0.181 0.145 
22.2 -0.18 0.145 
22.2 -0.179 0.144 
22.2 -0.179 0.144 
22.2 -0.176 0.143 
22.2 -0.176 0.143 
22.2 -0.174 0.142 
22.2 -0.174 0.142 
22.2 -0.173 0.142 
22.2 -0.172 0.139 
22.2 -0.172 0.139 
22.2 -0.172 0.139 
22.2 -0.17 0.136 
22.2 -0.169 0.136 
22.2 -0.17 0.136 
22.3 -0.169 0.134 
22.3 -0.169 0.134 
22.3 -0.168 0.134 
22.3 -0.169 0.132 
22.3 -0.169 0.132 
22.3 -0.168 0.132 
22.3 -0.167 0.132 
22.3 -0.166 0.129 
22.3 -0.166 0.129 
22.3 -0.166 0.129 
22.3 -0.165 0.127 
22.3 -0.165 0.127 
22.3 -0.165 0.128 
22.3 -0.164 0.127 
22.3 -0.163 0.128 
22.3 -0.161 0.128 
22.3 -0.161 0.128 
22.3 -0.16 0.127 
22.3 -0.158 0.126 
22.3 -0.162 0.124 
22.3 -0.166 0.123 
22.3 -0.167 0.121 
22.3 -0.166 0.12 
22.3 -0.165 0.12 
22.3 -0.166 0.119 
22.3 -0.165 0.119 
22.3 -0.166 0.119 
22.3 -0.166 0.118 
22.3 -0.17 0.116 
22.3 -0.172 0.115 
22.3 -0.173 0.114 
22.3 -0.173 0.113 
22.3 -0.173 0.113 
22.3 -0.174 0.113 
22.3 -0.173 0.113 
22.3 -0.173 0.112 
22.3 -0.173 0.112 
22.3 -0.172 0.111 
22.3 -0.171 0.11 
22.3 -0.171 0.11 
22.3 -0.171 0.11 
22.3 -0.172 0.109 
22.3 -0.172 0.109 
22.3 -0.172 0.109 
22.3 -0.173 0.108 
22.3 -0.173 0.108 
22.3 -0.173 0.108 
22.3 -0.173 0.108 
22.3 -0.173 0.108 
22.3 -0.174 0.106 
22.3 -0.174 0.107 
22.3 -0.174 0.107 
22.3 -0.175 0.105 
22.3 -0.175 0.106 
22.3 -0.175 0.106 
22.3 -0.177 0.105 
22.3 -0.177 0.105 
22.3 -0.177 0.105 
22.3 -0.179 0.104 
22.3 -0.179 0.104 
22.3 -0.179 0.104 
22.3 -0.181 0.104 
22.3 -0.181 0.104 
22.3 -0.181 0.104 
22.3 -0.181 0.104 
22.3 -0.181 0.104 
22.3 -0.181 0.104 
22.3 -0.181 0.104 
22.3 -0.181 0.105 
22.3 -0.181 0.104 
22.3 -0.181 0.104 
22.3 -0.181 0.104 
22.3 -0.181 0.104 
22.4 -0.18 0.105 
22.4 -0.18 0.105 
22.4 -0.18 0.105 
22.4 -0.181 0.105 
22.4 -0.181 0.105 
22.4 -0.181 0.105 
22.4 -0.18 0.105 
22.4 -0.181 0.107 
22.4 -0.181 0.106 
22.4 -0.181 0.106 
22.4 -0.181 0.106 
22.4 -0.181 0.105 
22.4 -0.181 0.105 
22.4 -0.181 0.106 
22.4 -0.181 0.106 
22.4 -0.181 0.106 
22.4 -0.181 0.106 
22.4 -0.181 0.106 
22.4 -0.181 0.107 
22.4 -0.181 0.107 
22.4 -0.181 0.107 
22.4 -0.181 0.107 
22.4 -0.181 0.107 
22.4 -0.181 0.107 
22.4 -0.181 0.107 
22.4 -0.18 0.108 
22.4 -0.18 0.108 
22.4 -0.18 0.108 
22.4 -0.18 0.108 
22.4 -0.18 0.108 
22.4 -0.18 0.108 
22.4 -0.18 0.108 
22.4 -0.18 0.108 
22.4 -0.181 0.108 
22.4 -0.181 0.108 
22.4 -0.18 0.108 
22.4 -0.18 0.109 
22.4 -0.18 0.108 
22.4 -0.18 0.11 
22.4 -0.18 0.109 
22.4 -0.18 0.109 
22.4 -0.18 0.108 
22.4 -0.18 0.108 
22.4 -0.18 0.108 
22.4 -0.18 0.108 
22.4 -0.18 0.108 
22.4 -0.18 0.108 
22.4 -0.18 0.109 
22.4 -0.18 0.109 
22.4 -0.18 0.11 
22.4 -0.179 0.11 
22.4 -0.179 0.109 
22.4 -0.184 0.158 
22.4 -0.177 0.11 
22.4 -0.177 0.11 
22.4 -0.176 0.11 
22.4 -0.176 0.11 
22.4 -0.178 0.11 
22.4 -0.178 0.11 
22.4 -0.178 0.11 
22.4 -0.178 0.11 
22.4 -0.178 0.11 
22.4 -0.178 0.113 
22.4 -0.178 0.112 
22.5 -0.177 0.111 
22.5 -0.177 0.111 
22.5 -0.178 0.11 
22.5 -0.178 0.112 
22.5 -0.177 0.112 
22.5 -0.177 0.111 
22.5 -0.177 0.112 
22.5 -0.177 0.112 
22.5 -0.177 0.111 
22.5 -0.177 0.112 
22.5 -0.177 0.112 
22.5 -0.177 0.112 
22.5 -0.176 0.113 
22.5 -0.176 0.113 
22.5 -0.177 0.113 
22.5 -0.177 0.113 
22.5 -0.177 0.114 
22.5 -0.177 0.114 
22.5 -0.177 0.114 
22.5 -0.176 0.113 
22.5 -0.176 0.113 
22.5 -0.176 0.113 
22.5 -0.176 0.113 
22.5 -0.176 0.113 
22.5 -0.176 0.114 
22.5 -0.176 0.113 
22.5 -0.175 0.113 
22.5 -0.175 0.113 
22.5 -0.175 0.114 
22.5 -0.175 0.114 
22.5 -0.175 0.114 
22.5 -0.175 0.114 
22.5 -0.175 0.114 
22.5 -0.176 0.115 
22.5 -0.176 0.115 
22.5 -0.176 0.114 
22.5 -0.176 0.114 
22.5 -0.176 0.114 
22.5 -0.176 0.114 
22.5 -0.176 0.114 
22.5 -0.176 0.114 
22.5 -0.176 0.114 
22.5 -0.175 0.114 
22.5 -0.175 0.114 
22.5 -0.175 0.114 
22.5 -0.175 0.114 
22.5 -0.175 0.114 
22.5 -0.176 0.115 
22.5 -0.176 0.115 
22.5 -0.176 0.115 
22.5 -0.176 0.115 
22.5 -0.176 0.118 
22.5 -0.176 0.118 
22.5 -0.175 0.117 
22.5 -0.175 0.117 
22.5 -0.176 0.118 
22.5 -0.176 0.119 
22.5 -0.175 0.119 
22.5 -0.176 0.12 
22.4 -0.176 0.12 
22.4 -0.176 0.12 
22.5 -0.176 0.119 
22.4 -0.176 0.119 
22.4 -0.176 0.12 
22.5 -0.177 0.119 
22.4 -0.176 0.12 
22.4 -0.176 0.119 
22.4 -0.176 0.119 
22.4 -0.177 0.118 
22.4 -0.177 0.118 
22.4 -0.177 0.118 
22.4 -0.177 0.118 
22.4 -0.178 0.117 
22.4 -0.178 0.117 
22.4 -0.178 0.117 
22.4 -0.179 0.117 
22.4 -0.179 0.117 
22.4 -0.18 0.116 
22.4 -0.18 0.116 
22.4 -0.18 0.116 
22.4 -0.18 0.116 
22.4 -0.18 0.116 
22.4 -0.18 0.116 
22.4 -0.181 0.116 
22.4 -0.181 0.117 
22.4 -0.18 0.117 
22.4 -0.181 0.117 
22.4 -0.181 0.116 
22.4 -0.181 0.116 
22.4 -0.181 0.117 
22.4 -0.181 0.117 
22.4 -0.182 0.116 
22.4 -0.182 0.116 
22.4 -0.182 0.115 
22.4 -0.182 0.116 
22.4 -0.182 0.115 
22.4 -0.182 0.115 
22.4 -0.182 0.115 
22.5 -0.181 0.115 
22.5 -0.181 0.115 
22.5 -0.182 0.115 
22.5 -0.182 0.115 
22.5 -0.182 0.115 
22.5 -0.181 0.115 
22.5 -0.181 0.113 
22.5 -0.181 0.113 
22.5 -0.182 0.112 
22.5 -0.18 0.113 
22.5 -0.18 0.113 
22.5 -0.18 0.113 
22.5 -0.18 0.112 
22.5 -0.18 0.113 
22.5 -0.18 0.112 
22.5 -0.18 0.112 
22.5 -0.181 0.112 
22.5 -0.18 0.112 
22.5 -0.18 0.111 
22.5 -0.181 0.111 
22.5 -0.181 0.111 
22.6 -0.181 0.11 
22.6 -0.181 0.11 
22.6 -0.181 0.11 
22.6 -0.181 0.11 
22.6 -0.181 0.11 
22.6 -0.182 0.109 
22.6 -0.182 0.11 
22.6 -0.182 0.109 
22.6 -0.182 0.109 
22.6 -0.182 0.109 
22.6 -0.182 0.109 
22.6 -0.182 0.109 
22.6 -0.181 0.11 
22.6 -0.182 0.11 
22.6 -0.182 0.11 
22.6 -0.182 0.11 
22.6 -0.18 0.11 
22.6 -0.179 0.11 
22.6 -0.179 0.11 
22.7 -0.178 0.109 
22.7 -0.179 0.109 
22.7 -0.178 0.109 
22.7 -0.177 0.11 
22.7 -0.177 0.109 
22.7 -0.177 0.11 
22.7 -0.177 0.111 
22.7 -0.177 0.11 
22.7 -0.177 0.11 
22.7 -0.177 0.11 
22.7 -0.177 0.11 
22.7 -0.178 0.109 
22.7 -0.179 0.11 
22.7 -0.179 0.109 
22.7 -0.178 0.109 
22.7 -0.178 0.109 
22.7 -0.176 0.108 
22.7 -0.176 0.107 
22.6 -0.176 0.106 
22.6 -0.176 0.105 
22.6 -0.175 0.105 
22.6 -0.175 0.105 
22.6 -0.175 0.105 
22.6 -0.174 0.104 
22.6 -0.174 0.104 
22.6 -0.175 0.103 
22.6 -0.175 0.102 
22.7 -0.176 0.102 
22.6 -0.176 0.102 
22.6 -0.175 0.102 
22.6 -0.175 0.103 
22.7 -0.175 0.104 
22.7 -0.175 0.104 
22.7 -0.175 0.105 
22.7 -0.175 0.105 
22.7 -0.175 0.104 
22.7 -0.175 0.104 
22.7 -0.175 0.104 
22.7 -0.176 0.105 
22.7 -0.176 0.105 
22.7 -0.177 0.104 
22.7 -0.176 0.104 
22.7 -0.177 0.104 
22.6 -0.177 0.103 
22.6 -0.177 0.103 
22.6 -0.177 0.103 
22.6 -0.177 0.103 
22.6 -0.178 0.101 
22.6 -0.179 0.101 
22.6 -0.179 0.101 
22.6 -0.179 0.101 
22.6 -0.179 0.101 
22.6 -0.179 0.101 
22.6 -0.179 0.1 
22.6 -0.179 0.1 
22.6 -0.179 0.1 
22.6 -0.179 0.102 
22.6 -0.179 0.101 
22.6 -0.179 0.101 
22.6 -0.179 0.1 
22.6 -0.18 0.0999 
22.6 -0.179 0.0999 
22.6 -0.18 0.0997 
22.6 -0.18 0.0995 
22.6 -0.18 0.1 
22.6 -0.18 0.0999 
22.6 -0.18 0.0999 
22.6 -0.18 0.0998 
22.6 -0.18 0.0997 
22.6 -0.18 0.0997 
22.6 -0.181 0.1 
22.6 -0.181 0.1 
22.6 -0.181 0.1 
22.5 -0.18 0.101 
22.5 -0.18 0.1 
22.5 -0.18 0.0996 
22.5 -0.179 0.099 
22.5 -0.179 0.0988 
22.5 -0.18 0.0988 
22.5 -0.181 0.0986 
22.5 -0.181 0.0986 
22.6 -0.177 0.0982 
22.6 -0.178 0.0979 
22.6 -0.178 0.0979 
22.6 -0.178 0.0978 
22.6 -0.176 0.0977 
22.6 -0.176 0.0981 
22.6 -0.175 0.0978 
22.6 -0.176 0.0978 
22.6 -0.176 0.0987 
22.6 -0.177 0.0988 
22.6 -0.178 0.102 
22.6 -0.177 0.101 
22.6 -0.178 0.102 
22.6 -0.178 0.102 
22.6 -0.179 0.103 
22.6 -0.179 0.103 
22.6 -0.179 0.104 
22.6 -0.179 0.106 
22.6 -0.18 0.108 
22.6 -0.181 0.109 
22.6 -0.181 0.11 
22.6 -0.182 0.114 
22.6 -0.182 0.116 
22.6 -0.183 0.116 
22.6 -0.183 0.118 
22.6 -0.183 0.12 
22.5 -0.157 0.119 
22.6 -0.18 0.123 
22.6 -0.178 0.125 
22.6 -0.177 0.125 
22.6 -0.176 0.126 
22.6 -0.173 0.126 
22.6 -0.169 0.128 
22.6 -0.168 0.13 
22.6 -0.17 0.132 
22.6 -0.17 0.133 
22.6 -0.167 0.135 
22.6 -0.166 0.137 
22.6 -0.168 0.138 
22.6 -0.168 0.14 
22.6 -0.167 0.14 
22.6 -0.165 0.142 
22.6 -0.164 0.143 
22.6 -0.164 0.144 
22.6 -0.163 0.144 
22.6 -0.166 0.145 
22.6 -0.161 0.144 
22.6 -0.16 0.144 
22.6 -0.16 0.143 
22.6 -0.16 0.142 
22.5 -0.16 0.141 
22.5 -0.159 0.139 
22.5 -0.159 0.139 
22.5 -0.158 0.137 
22.6 -0.158 0.134 
22.6 -0.157 0.133 
22.6 -0.164 0.133 
22.6 -0.156 0.131 
22.6 -0.155 0.129 
22.6 -0.155 0.128 
22.6 -0.155 0.127 
22.6 -0.155 0.128 
22.6 -0.155 0.126 
22.6 -0.154 0.128 
22.6 -0.154 0.128 
22.6 -0.154 0.128 
22.6 -0.154 0.128 
22.6 -0.153 0.128 
22.6 -0.149 0.129 
22.6 -0.15 0.129 
22.5 -0.147 0.164 
22.5 -0.146 0.163 
22.5 -0.147 0.156 
22.6 -0.148 0.132 
22.6 -0.152 0.129 
22.6 -0.152 0.13 
22.5 -0.152 0.13 
22.5 -0.152 0.13 
22.5 -0.152 0.13 
22.5 -0.152 0.13 
22.5 -0.152 0.13 
22.5 -0.151 0.13 
22.5 -0.151 0.13 
22.5 -0.151 0.13 
22.5 -0.151 0.13 
22.5 -0.151 0.13 
22.5 -0.151 0.13 
22.5 -0.151 0.13 
22.5 -0.149 0.131 
22.5 -0.15 0.129 
22.4 -0.168 0.141 
22.5 -0.149 0.13 
22.5 -0.149 0.129 
22.5 -0.149 0.129 
22.5 -0.149 0.129 
22.4 -0.148 0.129 
22.5 -0.14 0.132 
22.3 -0.157 0.147 
22.4 -0.143 0.145 
22.4 -0.146 0.128 
22.4 -0.147 0.128 
22.4 -0.146 0.129 
22.4 -0.146 0.129 
22.4 -0.147 0.128 
22.4 -0.146 0.128 
22.4 -0.146 0.128 
22.4 -0.146 0.128 
22.4 -0.146 0.128 
22.4 -0.146 0.129 
22.4 -0.147 0.129 
22.4 -0.147 0.129 
22.5 -0.147 0.13 
22.5 -0.147 0.13 
22.5 -0.147 0.131 
22.5 -0.146 0.131 
22.5 -0.146 0.132 
22.5 -0.146 0.134 
22.5 -0.145 0.136 
22.5 -0.144 0.137 
22.5 -0.144 0.14 
22.5 -0.143 0.142 
22.5 -0.142 0.144 
22.5 -0.141 0.144 
22.5 -0.14 0.145 
22.5 -0.14 0.143 
22.5 -0.139 0.143 
22.5 -0.138 0.143 
22.4 -0.138 0.143 
22.4 -0.137 0.143 
22.4 -0.136 0.143 
22.4 -0.135 0.143 
22.4 -0.134 0.142 
22.4 -0.134 0.142 
22.4 -0.133 0.142 
22.4 -0.133 0.141 
22.4 -0.133 0.141 
22.4 -0.132 0.141 
22.4 -0.132 0.14 
22.4 -0.132 0.14 
22.4 -0.131 0.139 
22.4 -0.131 0.138 
22.4 -0.13 0.137 
22.3 -0.129 0.136 
22.3 -0.128 0.135 
22.3 -0.128 0.135 
22.3 -0.128 0.134 
22.3 -0.126 0.133 
22.3 -0.126 0.133 
22.3 -0.126 0.133 
22.3 -0.125 0.133 
22.3 -0.124 0.132 
22.3 -0.125 0.133 
22.3 -0.125 0.133 
22.3 -0.124 0.134 
22.3 -0.124 0.134 
22.4 -0.124 0.135 
22.4 -0.125 0.135 
22.4 -0.124 0.137 
22.4 -0.124 0.137 
22.4 -0.124 0.138 
22.4 -0.124 0.138 
22.4 -0.124 0.14 
22.4 -0.124 0.14 
22.4 -0.123 0.141 
22.4 -0.124 0.141 
22.4 -0.124 0.142 
22.4 -0.124 0.142 
22.4 -0.124 0.141 
22.4 -0.124 0.141 
22.4 -0.124 0.141 
22.4 -0.123 0.14 
22.4 -0.123 0.139 
22.4 -0.123 0.139 
22.4 -0.123 0.139 
22.4 -0.122 0.137 
22.4 -0.122 0.137 
22.4 -0.122 0.137 
22.4 -0.121 0.136 
22.4 -0.121 0.135 
22.4 -0.119 0.134 
22.4 -0.12 0.134 
22.4 -0.119 0.134 
22.4 -0.117 0.134 
22 -0.152 0.0882 
22.4 -0.118 0.134 
22.4 -0.117 0.134 
22.4 -0.117 0.134 
22.4 -0.117 0.134 
22.4 -0.116 0.134 
22.4 -0.116 0.135 
22.4 -0.116 0.135 
22.4 -0.115 0.135 
22.4 -0.116 0.135 
22.4 -0.116 0.135 
22.4 -0.117 0.136 
22.4 -0.116 0.137 
22.4 -0.116 0.138 
22.4 -0.115 0.138 
22.4 -0.114 0.139 
22.4 -0.114 0.139 
22.4 -0.115 0.139 
22.4 -0.115 0.14 
22.4 -0.115 0.14 
22.4 -0.115 0.141 
22.4 -0.115 0.141 
22.4 -0.114 0.141 
22.4 -0.114 0.141 
22.4 -0.114 0.143 
22.4 -0.114 0.145 
22.4 -0.115 0.147 
22.4 -0.114 0.148 
22.4 -0.114 0.148 
22.4 -0.114 0.148 
22.4 -0.114 0.147 
22.4 -0.114 0.146 
22.4 -0.115 0.141 
22.4 -0.115 0.14 
22.4 -0.114 0.139 
22.4 -0.114 0.138 
22.4 -0.114 0.137 
22.4 -0.113 0.138 
22.4 -0.112 0.137 
22.4 -0.112 0.137 
22.5 -0.112 0.137 
22.5 -0.112 0.137 
22.5 -0.111 0.136 
22.5 -0.111 0.136 
22.5 -0.11 0.136 
22.5 -0.11 0.136 
22.5 -0.11 0.135 
22.5 -0.111 0.135 
22.5 -0.111 0.136 
22.5 -0.111 0.136 
22.5 -0.111 0.136 
22.5 -0.111 0.136 
22.5 -0.111 0.137 
22.5 -0.111 0.136 
22.5 -0.111 0.136 
22.5 -0.111 0.137 
22.5 -0.111 0.137 
22.4 -0.11 0.138 
22.5 -0.109 0.137 
22.4 -0.109 0.137 
22.4 -0.108 0.137 
22.4 -0.108 0.137 
22.4 -0.107 0.136 
22.4 -0.106 0.136 
22.4 -0.105 0.135 
22.4 -0.105 0.135 
22.4 -0.104 0.134 
22.4 -0.104 0.133 
22.4 -0.103 0.133 
22.4 -0.102 0.132 
22.4 -0.102 0.131 
22.4 -0.101 0.131 
22.4 -0.101 0.13 
22.4 -0.101 0.13 
22.4 -0.1 0.129 
22.4 -0.1 0.129 
22.4 -0.0999 0.128 
22.4 -0.0989 0.127 
22.4 -0.0987 0.127 
22.4 -0.0984 0.127 
22.4 -0.0984 0.126 
22.4 -0.0983 0.127 
22.4 -0.0979 0.127 
22.4 -0.0977 0.127 
22.4 -0.0976 0.127 
22.4 -0.0974 0.127 
22.4 -0.0972 0.127 
22.4 -0.0971 0.127 
22.4 -0.097 0.127 
22.4 -0.097 0.127 
22.4 -0.0967 0.126 
22.4 -0.0967 0.127 
22.4 -0.0968 0.127 
22.4 -0.0969 0.126 
22.4 -0.0971 0.126 
22.4 -0.0972 0.126 
22.4 -0.0972 0.126 
22.4 -0.0971 0.126 
22.4 -0.0969 0.126 
22.4 -0.0967 0.125 
22.4 -0.0966 0.125 
22.4 -0.0968 0.125 
22.4 -0.097 0.125 
22.4 -0.0968 0.125 
22.4 -0.0973 0.125 
22.4 -0.0973 0.125 
22.4 -0.0976 0.125 
22.4 -0.0976 0.124 
22.4 -0.0975 0.124 
22.4 -0.0973 0.124 
22.4 -0.0974 0.124 
22.4 -0.0977 0.124 
22.4 -0.0978 0.124 
22.4 -0.0976 0.124 
22.4 -0.0976 0.123 
22.4 -0.101 0.124 
22.4 -0.101 0.124 
22.4 -0.102 0.124 
22.4 -0.101 0.125 
22.4 -0.0992 0.124 
22.4 -0.0996 0.124 
22.4 -0.0999 0.124 
22.4 -0.0999 0.125 
22.4 -0.0998 0.125 
22.4 -0.1 0.125 
22.4 -0.1 0.125 
22.4 -0.0998 0.125 
22.4 -0.0978 0.124 
22.4 -0.0977 0.124 
22.4 -0.0977 0.124 
22.4 -0.0978 0.124 
22.4 -0.0978 0.125 
22.4 -0.0979 0.125 
22.4 -0.0979 0.125 
22.4 -0.098 0.125 
22.4 -0.098 0.125 
22.4 -0.0979 0.125 
22.4 -0.0979 0.125 
22.4 -0.0968 0.125 
22.4 -0.0969 0.125 
22.4 -0.0971 0.124 
22.4 -0.0974 0.124 
22.4 -0.0976 0.124 
22.4 -0.0978 0.124 
22.4 -0.0979 0.124 
22.4 -0.0979 0.124 
22.4 -0.098 0.124 
22.4 -0.098 0.124 
22.4 -0.0979 0.124 
22.4 -0.098 0.124 
22.4 -0.0977 0.124 
22.4 -0.0975 0.124 
22.4 -0.0978 0.124 
22.4 -0.0978 0.124 
22.4 -0.0973 0.124 
22.4 -0.0973 0.124 
22.4 -0.0973 0.124 
22.4 -0.0973 0.124 
22.4 -0.097 0.125 
22.4 -0.0969 0.125 
22.4 -0.0969 0.125 
22.4 -0.0969 0.125 
22.4 -0.0955 0.125 
22.4 -0.0953 0.125 
22.4 -0.0954 0.125 
22.3 -0.0958 0.126 
22.3 -0.0961 0.126 
22.3 -0.0959 0.126 
22.3 -0.096 0.125 
22.3 -0.0941 0.125 
22.3 -0.0939 0.125 
22.3 -0.0921 0.124 
22.3 -0.094 0.125 
22.3 -0.0941 0.125 
22.3 -0.0948 0.124 
22.3 -0.0948 0.125 
22.3 -0.0947 0.124 
22.3 -0.0946 0.124 
22.3 -0.0951 0.124 
22.3 -0.0947 0.124 
22.3 -0.0948 0.125 
22.3 -0.095 0.124 
22.4 -0.0951 0.124 
22.3 -0.0952 0.125 
22.3 -0.0957 0.125 
22.3 -0.0966 0.126 
22.3 -0.096 0.125 
22.3 -0.0956 0.125 
22.3 -0.0957 0.125 
22.4 -0.0949 0.124 
22.4 -0.0944 0.124 
22.4 -0.0939 0.125 
22.4 -0.0932 0.124 
22.4 -0.0933 0.124 
22.4 -0.0929 0.124 
22.4 -0.0929 0.124 
22.4 -0.0928 0.124 
22.4 -0.0921 0.123 
22.4 -0.0914 0.123 
22.4 -0.0919 0.123 
22.4 -0.0919 0.124 
22.4 -0.0913 0.124 
22.4 -0.091 0.124 
22.4 -0.0908 0.124 
22.4 -0.0905 0.124 
22.4 -0.0902 0.125 
22.4 -0.0892 0.124 
22.4 -0.0885 0.124 
22.4 -0.0883 0.124 
22.4 -0.0881 0.124 
22.4 -0.0877 0.124 
22.4 -0.0864 0.123 
22.4 -0.0858 0.123 
22.4 -0.0854 0.124 
22.4 -0.0853 0.124 
22.4 -0.0853 0.124 
22.4 -0.0849 0.125 
22.4 -0.0848 0.126 
22.4 -0.0853 0.126 
22.3 -0.0856 0.127 
22.3 -0.0861 0.127 
22.3 -0.0866 0.127 
22.3 -0.0868 0.128 
22.3 -0.0869 0.129 
22.3 -0.0869 0.129 
22.3 -0.0868 0.129 
22.3 -0.0868 0.129 
22.3 -0.087 0.129 
22.2 -0.0871 0.129 
22.2 -0.087 0.129 
22.2 -0.0873 0.13 
22.2 -0.0872 0.129 
22.2 -0.0874 0.13 
22.2 -0.0876 0.13 
22.2 -0.0876 0.129 
22.2 -0.0879 0.129 
22.2 -0.0879 0.129 
22.1 -0.0884 0.13 
22.2 -0.0886 0.129 
22.2 -0.0891 0.13 
22.2 -0.089 0.13 
22.2 -0.0892 0.13 
22.2 -0.0894 0.13 
22.2 -0.0892 0.13 
22.2 -0.0891 0.13 
22.2 -0.0891 0.13 
22.2 -0.0891 0.13 
22.2 -0.0892 0.13 
22.2 -0.0897 0.131 
22.2 -0.0896 0.131 
22.2 -0.0897 0.131 
22.2 -0.0902 0.131 
22.2 -0.0902 0.131 
22.2 -0.0902 0.132 
22.2 -0.0907 0.132 
22.2 -0.0907 0.132 
22.2 -0.0908 0.132 
22.2 -0.0915 0.133 
22.2 -0.0918 0.133 
22.2 -0.0922 0.134 
22.2 -0.092 0.134 
22.1 -0.0924 0.135 
22.1 -0.0924 0.135 
22.1 -0.0927 0.135 
22.1 -0.0924 0.135 
22.1 -0.0929 0.136 
22.1 -0.0931 0.136 
22.1 -0.0931 0.136 
22.1 -0.093 0.136 
22.1 -0.0935 0.135 
22.1 -0.0936 0.135 
22.1 -0.0936 0.135 
22.1 -0.0935 0.134 
22.1 -0.0932 0.133 
22.1 -0.0939 0.133 
22.1 -0.0942 0.133 
22.1 -0.0931 0.133 
22.1 -0.0927 0.133 
22.1 -0.0928 0.133 
22.1 -0.0929 0.133 
22.1 -0.0931 0.133 
22.1 -0.0928 0.133 
22.1 -0.0928 0.133 
22.1 -0.0928 0.133 
22.1 -0.0925 0.133 
22.1 -0.0921 0.133 
22.1 -0.0921 0.133 
22.1 -0.0916 0.133 
22.1 -0.0917 0.133 
22.1 -0.0913 0.133 
22.1 -0.091 0.133 
22.1 -0.0908 0.133 
22.1 -0.0906 0.133 
22 -0.0899 0.133 
22 -0.0899 0.133 
22 -0.0899 0.133 
22 -0.09 0.133 
22 -0.0898 0.133 
22 -0.0894 0.133 
22 -0.0885 0.133 
22 -0.0887 0.133 
22 -0.0886 0.133 
22 -0.0885 0.133 
22 -0.0876 0.134 
22 -0.0876 0.133 
22 -0.0872 0.134 
22 -0.0865 0.134 
22 -0.0868 0.134 
22 -0.0872 0.134 
22 -0.0869 0.134 
22 -0.086 0.134 
22 -0.0854 0.134 
22 -0.0851 0.133 
22 -0.0849 0.133 
22 -0.0847 0.133 
22 -0.0827 0.133 
22 -0.0827 0.133 
22 -0.0831 0.133 
22 -0.0828 0.133 
22 -0.0834 0.133 
22 -0.0833 0.132 
22 -0.0832 0.133 
22 -0.083 0.133 
22 -0.0834 0.132 
22 -0.0831 0.133 
22 -0.0827 0.133 
22 -0.0821 0.133 
21.9 -0.0818 0.133 
21.9 -0.0813 0.133 
21.9 -0.0811 0.133 
21.9 -0.0807 0.133 
21.9 -0.0791 0.133 
21.9 -0.0791 0.133 
21.9 -0.0788 0.133 
21.9 -0.0787 0.134 
21.9 -0.078 0.134 
21.9 -0.0783 0.133 
21.9 -0.0782 0.134 
21.9 -0.0786 0.134 
21.9 -0.0784 0.134 
21.9 -0.0781 0.134 
21.9 -0.0778 0.134 
21.9 -0.0771 0.135 
21.9 -0.0773 0.135 
21.9 -0.0765 0.135 
21.9 -0.076 0.135 
21.9 -0.0741 0.134 
21.8 -0.0744 0.134 
21.8 -0.0736 0.134 
21.8 -0.0735 0.134 
21.8 -0.0741 0.134 
21.8 -0.0717 0.135 
21.8 -0.0719 0.134 
21.8 -0.0716 0.135 
21.8 -0.0708 0.134 
21.8 -0.071 0.134 
21.8 -0.0713 0.134 
21.8 -0.0717 0.134 
21.8 -0.0716 0.134 
21.8 -0.0717 0.134 
21.8 -0.0719 0.134 
21.8 -0.0722 0.134 
21.8 -0.0723 0.134 
21.8 -0.0725 0.134 
21.8 -0.0727 0.134 
21.8 -0.0727 0.134 
21.8 -0.0732 0.134 
21.8 -0.0732 0.134 
21.8 -0.0736 0.134 
21.8 -0.0747 0.134 
21.8 -0.0744 0.134 
21.8 -0.0748 0.134 
21.8 -0.075 0.134 
21.8 -0.0752 0.134 
21.8 -0.0762 0.135 
21.8 -0.076 0.135 
21.8 -0.076 0.134 
21.9 -0.0764 0.135 
21.9 -0.0762 0.135 
21.9 -0.0763 0.134 
21.9 -0.0764 0.135 
21.9 -0.0771 0.133 
21.9 -0.0774 0.134 
21.9 -0.0776 0.133 
21.9 -0.0778 0.133 
21.9 -0.0785 0.133 
21.9 -0.0779 0.133 
21.9 -0.0782 0.133 
21.9 -0.0784 0.133 
21.9 -0.0783 0.134 
21.9 -0.0784 0.134 
21.9 -0.0786 0.134 
21.9 -0.0782 0.134 
21.9 -0.0782 0.134 
21.9 -0.0781 0.134 
21.9 -0.0782 0.134 
21.9 -0.0782 0.134 
21.9 -0.0783 0.134 
21.9 -0.0782 0.134 
21.9 -0.0778 0.134 
21.8 -0.0768 0.135 
21.9 -0.077 0.134 
21.8 -0.0767 0.134 
21.8 -0.0763 0.135 
21.8 -0.0761 0.135 
21.8 -0.0761 0.135 
21.8 -0.0761 0.135 
21.8 -0.076 0.135 
21.8 -0.0759 0.135 
21.8 -0.076 0.136 
21.8 -0.076 0.136 
21.8 -0.0759 0.136 
21.8 -0.0756 0.137 
21.8 -0.0757 0.137 
21.8 -0.0758 0.137 
21.8 -0.0756 0.137 
21.8 -0.0755 0.137 
21.8 -0.0751 0.137 
21.8 -0.0752 0.137 
21.8 -0.0751 0.137 
21.8 -0.0747 0.136 
21.8 -0.0751 0.137 
21.8 -0.0752 0.137 
21.8 -0.0753 0.137 
21.8 -0.0752 0.137 
21.8 -0.0751 0.137 
21.8 -0.075 0.137 
21.8 -0.075 0.137 
21.8 -0.075 0.137 
21.8 -0.0752 0.137 
21.8 -0.0749 0.137 
21.8 -0.0752 0.137 
21.8 -0.0751 0.138 
21.8 -0.075 0.138 
21.8 -0.075 0.137 
21.8 -0.0751 0.138 
21.8 -0.0751 0.138 
21.8 -0.0755 0.138 
21.8 -0.0761 0.137 
21.8 -0.0759 0.137 
21.8 -0.0759 0.137 
21.8 -0.0761 0.137 
21.8 -0.0759 0.137 
21.8 -0.0758 0.137 
21.8 -0.076 0.138 
21.8 -0.0758 0.137 
21.8 -0.0757 0.138 
21.8 -0.0756 0.138 
21.8 -0.0756 0.138 
21.8 -0.0755 0.138 
21.8 -0.0754 0.138 
21.8 -0.0754 0.138 
21.8 -0.0756 0.139 
21.8 -0.0757 0.139 
21.8 -0.0759 0.139 
21.8 -0.0761 0.139 
21.8 -0.0758 0.138 
21.8 -0.075 0.138 
21.8 -0.0754 0.139 
21.8 -0.0753 0.139 
21.8 -0.0753 0.139 
21.8 -0.0755 0.139 
21.8 -0.0754 0.139 
21.8 -0.0747 0.139 
21.8 -0.0747 0.139 
21.8 -0.0747 0.139 
21.8 -0.0751 0.139 
21.8 -0.0751 0.139 
21.8 -0.0749 0.139 
21.8 -0.0748 0.138 
21.8 -0.0747 0.138 
21.8 -0.0746 0.138 
21.8 -0.0745 0.138 
21.8 -0.0743 0.138 
21.8 -0.0743 0.138 
21.8 -0.0726 0.138 
21.8 -0.0741 0.138 
21.7 -0.0736 0.139 
21.7 -0.074 0.139 
21.7 -0.0738 0.14 
21.7 -0.0736 0.14 
21.7 -0.0747 0.14 
21.7 -0.0749 0.14 
21.8 -0.0745 0.14 
21.7 -0.0746 0.14 
21.8 -0.0748 0.141 
21.8 -0.0748 0.14 
21.8 -0.0746 0.14 
21.8 -0.075 0.14 
21.8 -0.075 0.14 
21.8 -0.074 0.141 
21.8 -0.0713 0.141 
21.8 -0.107 0.206 
21.8 -0.0705 0.142 
21.8 -0.0704 0.141 
21.8 -0.0685 0.138 
21.8 -0.0725 0.141 
21.8 -0.0714 0.141 
21.8 -0.0714 0.141 
21.8 -0.0713 0.141 
21.8 -0.0718 0.141 
21.8 -0.0736 0.141 
21.8 -0.0731 0.141 
