19.3 0.162 -0.308 
18.4 -0.751 -1.01 
19.5 -1.24 -1.02 
20.1 -1.59 -0.946 
20.8 -1.76 -0.533 
22.1 -0.93 0.376 
25.3 -0.5 2.01 
28.5 0.364 3.91 
28.9 0.835 4.33 
29.2 1.1 4.62 
30 1.19 5.05 
31.2 1.25 5.65 
32.6 1.23 6.32 
34.6 1.24 7.39 
34.3 1.2 7.16 
33.6 1.15 6.71 
31 0.777 5.27 
27.5 0.318 3.47 
20.9 -0.469 0.575 
20.2 -0.54 0.297 
20.2 -0.504 0.301 
19.9 -0.499 0.198 
19.5 -0.408 0.0662 
19.3 -0.422 -0.00254 
19.7 -0.318 0.163 
20.3 -0.24 0.399 
21.3 -0.0895 0.841 
21.9 -0.139 1.07 
22.3 -0.133 1.18 
22.6 -0.146 1.32 
22.6 -0.0971 1.33 
22.6 0.0193 1.36 
22.3 0.0416 1.24 
22.1 0.124 1.17 
21.9 0.0773 1.08 
21.7 0.0523 1 
21.4 -0.0367 0.897 
21.2 -0.146 0.8 
20.9 -0.0637 0.7 
20.6 -0.285 0.551 
20.2 -0.362 0.426 
20 -0.39 0.324 
19.5 -0.455 0.133 
19.4 -0.468 0.0953 
19.2 -0.468 0.0243 
19 -0.471 -0.0506 
18.7 -0.49 -0.167 
18.1 -0.529 -0.37 
18.2 -0.533 -0.355 
18 -0.521 -0.419 
17.8 -0.507 -0.469 
17.5 -0.525 -0.601 
17.5 -0.477 -0.603 
17.2 -0.4 -0.691 
17.1 -0.339 -0.745 
16.8 -0.309 -0.827 
16.9 -0.258 -0.82 
16.9 -0.21 -0.837 
16.8 -0.15 -0.868 
16.8 -0.121 -0.908 
16.7 -0.0978 -0.93 
16.7 -0.0814 -0.936 
16.6 -0.105 -0.981 
16.6 -0.095 -0.99 
16.4 -0.108 -1.06 
16.4 -0.0779 -1.04 
16.4 -0.0887 -1.08 
16.3 -0.0624 -1.08 
16.3 -0.0407 -1.1 
16.2 -0.00791 -1.16 
16.1 -0.0082 -1.19 
16 -0.02 -1.23 
15.8 -0.0304 -1.34 
15.7 -0.03 -1.36 
15.7 -0.0358 -1.36 
15.4 -0.0691 -1.48 
15.5 -0.0747 -1.46 
15.5 -0.0836 -1.47 
15.3 -0.118 -1.56 
15.3 -0.107 -1.57 
15.3 -0.1 -1.59 
15.1 -0.124 -1.67 
15.1 -0.13 -1.68 
15 -0.17 -1.73 
15 -0.172 -1.7 
15.1 -0.155 -1.67 
15.2 -0.149 -1.63 
15.2 -0.178 -1.64 
15.3 -0.178 -1.6 
15.5 -0.17 -1.52 
15.6 -0.185 -1.46 
16 -0.199 -1.32 
16 -0.195 -1.31 
16.1 -0.205 -1.27 
16.4 -0.226 -1.13 
16.3 -0.239 -1.16 
16.3 -0.244 -1.15 
16.6 -0.261 -1.06 
16.5 -0.268 -1.07 
16.6 -0.275 -1.03 
16.6 -0.269 -1.04 
16.7 -0.263 -1.03 
16.8 -0.274 -0.988 
16.7 -0.272 -1 
16.8 -0.273 -0.978 
16.8 -0.286 -0.969 
16.9 -0.292 -0.949 
16.8 -0.304 -0.963 
16.8 -0.312 -0.964 
16.8 -0.314 -0.967 
16.7 -0.321 -1.03 
16.7 -0.32 -1.04 
16.5 -0.333 -1.09 
16.5 -0.337 -1.09 
16.4 -0.346 -1.13 
16.4 -0.349 -1.12 
16.4 -0.356 -1.12 
16.4 -0.341 -1.15 
16.3 -0.343 -1.19 
16.3 -0.338 -1.19 
16.2 -0.33 -1.23 
16.1 -0.335 -1.25 
16.1 -0.329 -1.25 
16 -0.323 -1.27 
15.9 -0.307 -1.29 
15.9 -0.31 -1.31 
15.8 -0.311 -1.33 
15.7 -0.312 -1.35 
15.7 -0.301 -1.35 
15.7 -0.296 -1.34 
15.7 -0.299 -1.34 
15.7 -0.281 -1.32 
15.8 -0.275 -1.31 
15.8 -0.26 -1.29 
15.8 -0.25 -1.28 
15.8 -0.225 -1.27 
15.9 -0.216 -1.25 
15.9 -0.205 -1.24 
15.9 -0.176 -1.21 
16 -0.162 -1.19 
16 -0.128 -1.16 
16 -0.12 -1.15 
16 -0.0983 -1.13 
16.1 -0.0944 -1.1 
16.2 -0.0888 -1.07 
16.3 -0.0746 -1.02 
16.3 -0.0717 -1.02 
16.3 -0.0699 -1 
16.5 -0.0714 -0.96 
16.5 -0.0657 -0.939 
16.6 -0.0622 -0.911 
16.7 -0.055 -0.858 
16.8 -0.0578 -0.845 
16.8 -0.0616 -0.824 
17 -0.0621 -0.767 
17 -0.0611 -0.758 
17.1 -0.0695 -0.734 
17.1 -0.0689 -0.729 
17.2 -0.068 -0.713 
17.3 -0.0774 -0.696 
17.3 -0.0908 -0.669 
17.4 -0.099 -0.639 
17.7 -0.113 -0.58 
17.8 -0.125 -0.549 
17.9 -0.141 -0.5 
18.2 -0.156 -0.418 
18.3 -0.162 -0.39 
18.4 -0.172 -0.359 
18.7 -0.181 -0.28 
18.7 -0.185 -0.272 
18.7 -0.189 -0.256 
18.9 -0.182 -0.206 
18.9 -0.185 -0.207 
18.9 -0.186 -0.206 
19 -0.17 -0.173 
19 -0.168 -0.174 
19.1 -0.145 -0.144 
19.1 -0.147 -0.143 
19.2 -0.125 -0.115 
19.2 -0.126 -0.116 
19.2 -0.133 -0.113 
19.3 -0.119 -0.0828 
19.4 -0.121 -0.0802 
19.4 -0.12 -0.0721 
19.4 -0.12 -0.0658 
19.6 -0.106 -0.0145 
19.6 -0.118 -0.0131 
19.7 -0.118 -0.00634 
19.7 -0.124 0.000327 
19.9 -0.11 0.0423 
19.8 -0.109 0.0346 
19.9 -0.0874 0.0533 
19.9 -0.106 0.0502 
20 -0.103 0.0649 
20 -0.109 0.0819 
20.1 -0.122 0.085 
20.1 -0.134 0.0852 
20.1 -0.141 0.0782 
20 -0.139 0.0677 
20 -0.137 0.067 
20 -0.124 0.0455 
20 -0.118 0.0499 
20 -0.087 0.0539 
20 -0.088 0.0507 
20 -0.0546 0.0505 
20 -0.0542 0.0486 
20 -0.0472 0.0495 
20 -0.0169 0.063 
20 -0.0151 0.0662 
20 -0.0168 0.0695 
20 0.0165 0.104 
20 0.0127 0.103 
20.1 0.0188 0.117 
20.2 0.0506 0.161 
20.2 0.0455 0.171 
20.3 0.0676 0.205 
20.3 0.0634 0.203 
20.3 0.0594 0.206 
20.3 0.0676 0.231 
20.3 0.0654 0.229 
20.4 0.0772 0.247 
20.4 0.0773 0.247 
20.4 0.0791 0.252 
20.4 0.0835 0.263 
20.5 0.0824 0.279 
20.5 0.0858 0.311 
20.6 0.091 0.323 
20.7 0.0988 0.358 
20.7 0.0988 0.359 
20.7 0.105 0.377 
20.7 0.105 0.373 
20.7 0.105 0.393 
20.7 0.0974 0.389 
20.8 0.1 0.402 
20.8 0.0987 0.4 
20.8 0.0954 0.404 
20.8 0.096 0.403 
20.8 0.0972 0.403 
20.8 0.0923 0.399 
20.8 0.0892 0.396 
20.8 0.0914 0.396 
20.8 0.0929 0.39 
20.8 0.101 0.395 
20.7 0.101 0.385 
20.7 0.0943 0.383 
20.7 0.0986 0.377 
20.7 0.0978 0.375 
20.7 0.0957 0.373 
20.7 0.0964 0.374 
20.7 0.0919 0.369 
20.7 0.0921 0.367 
20.7 0.0856 0.359 
20.7 0.0832 0.359 
20.7 0.0736 0.353 
20.7 0.0751 0.355 
20.7 0.0692 0.352 
20.7 0.0721 0.351 
20.7 0.0666 0.345 
20.7 0.0644 0.345 
20.7 0.0566 0.342 
20.7 0.0533 0.342 
20.7 0.045 0.345 
20.7 0.044 0.342 
20.7 0.0445 0.351 
20.7 0.0445 0.353 
20.8 0.021 0.389 
20.7 0.0297 0.373 
20.8 0.0363 0.367 
20.8 0.0358 0.368 
20.8 0.0439 0.383 
20.8 0.0447 0.382 
20.8 0.0496 0.389 
20.8 0.0554 0.39 
20.8 0.056 0.387 
20.8 0.0572 0.388 
20.8 0.0659 0.397 
20.8 0.0712 0.399 
20.8 0.0803 0.391 
20.8 0.0811 0.393 
20.8 0.0883 0.393 
20.8 0.0854 0.395 
20.8 0.0927 0.397 
20.8 0.0942 0.397 
20.8 0.095 0.402 
20.8 0.0941 0.396 
20.8 0.0933 0.396 
20.8 0.0892 0.404 
20.8 0.0893 0.401 
20.8 0.088 0.401 
20.8 0.0809 0.4 
20.9 0.0744 0.401 
20.9 0.0623 0.401 
20.9 0.059 0.403 
20.9 0.0497 0.407 
20.9 0.0377 0.403 
20.9 0.0259 0.389 
20.8 0.0153 0.375 
20.8 0.00239 0.361 
20.7 -0.024 0.326 
20.6 -0.0463 0.299 
20.6 -0.0578 0.288 
20.5 -0.0709 0.274 
20.5 -0.0747 0.264 
20.4 -0.0767 0.241 
20.4 -0.0677 0.238 
20.4 -0.0615 0.241 
20.4 -0.0653 0.243 
20.4 -0.0832 0.242 
20.4 -0.0911 0.247 
20.4 -0.107 0.261 
20.4 -0.112 0.263 
20.5 -0.11 0.276 
20.5 -0.116 0.278 
20.5 -0.116 0.291 
20.5 -0.115 0.292 
20.4 -0.111 0.293 
20.4 -0.102 0.291 
20.4 -0.0899 0.278 
20.2 -0.0681 0.255 
20.2 -0.0674 0.259 
20.2 -0.0507 0.24 
20.2 -0.0461 0.244 
20.1 -0.0271 0.234 
20.1 -0.0306 0.247 
20.1 -0.0317 0.257 
20.2 -0.054 0.278 
20.2 -0.0492 0.292 
20.3 -0.0482 0.298 
20.2 -0.0478 0.292 
20.2 -0.0443 0.294 
20.2 -0.0485 0.289 
20.3 -0.0608 0.284 
20.3 -0.072 0.299 
20.4 -0.0864 0.3 
20.4 -0.0935 0.297 
20.4 -0.11 0.295 
20.4 -0.117 0.293 
20.5 -0.132 0.293 
20.5 -0.133 0.285 
20.5 -0.144 0.273 
20.5 -0.143 0.253 
20.4 -0.137 0.233 
20.3 -0.128 0.207 
20.2 -0.114 0.174 
20.1 -0.0954 0.138 
20 -0.0722 0.102 
19.9 -0.0465 0.0637 
19.8 -0.0207 0.0289 
19.7 0.0038 -0.000285 
19.6 0.0272 -0.0206 
19.5 0.0433 -0.0329 
19.5 0.0553 -0.0436 
19.4 0.0619 -0.0492 
19.4 0.0666 -0.0512 
19.4 0.0672 -0.0518 
19.4 0.0699 -0.0503 
19.4 0.0704 -0.0464 
19.4 0.0746 -0.0391 
19.4 0.0787 -0.0337 
19.4 0.0804 -0.0327 
19.4 0.0813 -0.025 
19.4 0.0818 -0.0273 
19.4 0.0822 -0.0172 
19.4 0.0845 -0.0207 
19.4 0.0862 -0.0155 
19.4 0.0869 -0.0209 
19.4 0.0901 -0.0246 
19.4 0.0927 -0.0277 
19.3 0.0957 -0.0282 
19.4 0.0916 -0.0289 
19.4 0.0898 -0.0283 
19.4 0.091 -0.0292 
19.4 0.089 -0.0241 
19.4 0.0873 -0.0234 
19.4 0.0832 -0.0222 
19.4 0.0795 -0.016 
19.4 0.0797 -0.0158 
19.4 0.08 -0.0137 
19.4 0.0819 -0.0148 
19.4 0.0842 -0.0134 
19.3 0.0871 -0.0115 
19.3 0.0854 -0.0162 
19.3 0.0899 -0.0151 
19.3 0.0917 -0.0178 
19.3 0.0941 -0.0193 
19.3 0.0958 -0.018 
19.3 0.095 -0.0172 
19.3 0.0952 -0.0133 
19.3 0.0934 -0.0121 
19.3 0.0938 -0.012 
19.3 0.0935 -0.0114 
19.3 0.0949 -0.00989 
19.3 0.0984 -0.0145 
19.3 0.0957 -0.0128 
19.3 0.0961 -0.0125 
19.3 0.0959 -0.0105 
19.3 0.0958 -0.0136 
19.3 0.0956 -0.0151 
19.3 0.0961 -0.0167 
19.3 0.099 -0.0211 
19.3 0.0998 -0.0239 
19.2 0.102 -0.0272 
19.2 0.102 -0.0305 
19.2 0.104 -0.039 
19.2 0.107 -0.0489 
19.2 0.11 -0.0554 
19.2 0.117 -0.0619 
19.2 0.114 -0.0637 
19.2 0.119 -0.0687 
19.2 0.12 -0.0689 
19.2 0.125 -0.0735 
19.2 0.124 -0.0741 
19.2 0.124 -0.0789 
19.2 0.124 -0.0779 
19.2 0.124 -0.0777 
19.2 0.125 -0.078 
19.2 0.125 -0.0766 
19.2 0.122 -0.0768 
19.2 0.128 -0.0744 
19.2 0.122 -0.0725 
19.2 0.122 -0.069 
19.2 0.123 -0.0684 
19.2 0.12 -0.0652 
19.3 0.119 -0.06 
19.3 0.118 -0.0568 
19.3 0.118 -0.0576 
19.3 0.117 -0.0561 
19.3 0.117 -0.0554 
19.3 0.112 -0.0517 
19.3 0.111 -0.0532 
19.4 0.11 -0.0504 
19.4 0.106 -0.0496 
19.4 0.106 -0.0514 
19.4 0.105 -0.0534 
19.4 0.107 -0.0553 
19.4 0.105 -0.0536 
19.4 0.105 -0.0544 
19.4 0.104 -0.0509 
19.4 0.105 -0.0509 
19.4 0.105 -0.0498 
19.4 0.105 -0.0506 
19.4 0.103 -0.0487 
19.4 0.104 -0.048 
19.4 0.102 -0.0485 
19.4 0.102 -0.0494 
19.4 0.104 -0.0528 
19.4 0.106 -0.0537 
19.4 0.107 -0.0549 
19.4 0.106 -0.0557 
19.4 0.108 -0.0597 
19.4 0.108 -0.0601 
19.4 0.111 -0.0643 
19.4 0.112 -0.065 
19.4 0.111 -0.0668 
19.4 0.11 -0.0666 
19.4 0.109 -0.0668 
19.4 0.11 -0.0677 
19.4 0.11 -0.0691 
19.4 0.109 -0.0699 
19.4 0.11 -0.0703 
19.4 0.11 -0.0712 
19.4 0.109 -0.0713 
19.4 0.11 -0.0721 
19.4 0.108 -0.0701 
19.4 0.108 -0.071 
19.4 0.107 -0.072 
19.4 0.108 -0.0713 
19.4 0.107 -0.0709 
19.4 0.108 -0.0719 
19.4 0.108 -0.0726 
19.4 0.105 -0.0716 
19.4 0.105 -0.0716 
19.4 0.104 -0.0721 
19.4 0.104 -0.0727 
19.4 0.101 -0.0701 
19.4 0.0998 -0.0699 
19.5 0.0982 -0.0699 
19.5 0.0976 -0.07 
19.5 0.0958 -0.0668 
19.5 0.0954 -0.0665 
19.5 0.0949 -0.0654 
19.5 0.0948 -0.0651 
19.5 0.0946 -0.0641 
19.5 0.0942 -0.0629 
19.5 0.0937 -0.0623 
19.5 0.0926 -0.062 
19.5 0.0916 -0.0615 
19.5 0.0898 -0.0603 
19.5 0.0871 -0.0565 
19.5 0.0862 -0.0556 
19.5 0.0852 -0.0545 
19.5 0.0851 -0.0541 
19.5 0.0842 -0.0535 
19.5 0.0834 -0.0528 
19.5 0.0824 -0.0519 
19.5 0.079 -0.0475 
19.5 0.079 -0.0471 
19.5 0.0792 -0.0461 
19.5 0.0801 -0.0452 
19.5 0.0802 -0.0412 
19.5 0.0803 -0.0411 
19.5 0.0786 -0.0363 
19.5 0.0788 -0.0366 
19.5 0.0773 -0.0332 
19.6 0.0777 -0.032 
19.6 0.0761 -0.0287 
19.6 0.0767 -0.0272 
19.6 0.0764 -0.0275 
19.6 0.0806 -0.029 
19.6 0.0851 -0.0311 
19.6 0.0843 -0.0302 
19.6 0.086 -0.0313 
19.6 0.0839 -0.0344 
19.6 0.0805 -0.0379 
19.6 0.0763 -0.0386 
19.6 0.0736 -0.0404 
19.6 0.0724 -0.0403 
19.6 0.072 -0.0404 
19.6 0.0712 -0.0418 
19.6 0.0698 -0.0411 
19.6 0.0698 -0.0423 
19.6 0.068 -0.0417 
19.6 0.068 -0.0418 
19.6 0.0673 -0.0418 
19.7 0.0628 -0.0408 
19.7 0.0588 -0.0409 
19.7 0.0522 -0.0393 
19.7 0.0493 -0.0395 
19.7 0.0461 -0.0402 
19.8 0.0425 -0.0392 
19.8 0.0392 -0.0383 
19.8 0.0365 -0.0372 
19.8 0.0347 -0.036 
19.8 0.0309 -0.0327 
19.8 0.0262 -0.0294 
19.8 0.0219 -0.0269 
19.9 0.0156 -0.0221 
19.9 0.0123 -0.0216 
19.9 0.00797 -0.0195 
19.9 0.00513 -0.0192 
19.9 0.000281 -0.0156 
19.9 -0.00334 -0.0129 
20 -0.00758 -0.00869 
20 -0.0103 -0.00564 
20 -0.0138 -0.000783 
20 -0.0142 0.00271 
20 -0.0113 0.00147 
20 -0.0115 0.00687 
20 -0.0105 0.00676 
20 -0.00957 0.0116 
20 -0.00893 0.0108 
20 -0.0085 0.0148 
20 -0.00775 0.0138 
20 -0.00559 0.0131 
20 -0.00372 0.0154 
20 -0.00365 0.0145 
20 -0.0036 0.0147 
20 -0.00516 0.0174 
20 -0.00521 0.018 
20 -0.00583 0.0207 
20 -0.00688 0.0217 
20 -0.00841 0.0271 
20 -0.00899 0.0281 
20 -0.0121 0.0325 
20 -0.0157 0.0339 
20.1 -0.0218 0.0394 
20.1 -0.0252 0.0419 
20.1 -0.0309 0.0465 
20.1 -0.0353 0.0504 
20.1 -0.0406 0.0559 
20.1 -0.0465 0.06 
20.1 -0.0504 0.0623 
20.1 -0.0525 0.0637 
20.1 -0.0556 0.0661 
20.1 -0.0575 0.0671 
20.1 -0.0585 0.0684 
20.2 -0.0596 0.0692 
20.2 -0.0595 0.0689 
20.2 -0.0607 0.07 
20.2 -0.0621 0.0712 
20.2 -0.0648 0.0731 
20.2 -0.0698 0.0767 
20.2 -0.0697 0.0775 
20.2 -0.0697 0.0781 
20.2 -0.0694 0.0784 
20.2 -0.0675 0.0779 
20.2 -0.0678 0.0784 
20.2 -0.0675 0.0786 
20.2 -0.0657 0.0787 
20.2 -0.0639 0.078 
20.2 -0.0612 0.0783 
20.2 -0.061 0.0778 
20.2 -0.0613 0.0787 
20.2 -0.0616 0.0801 
20.2 -0.0613 0.0797 
20.2 -0.0628 0.0817 
20.2 -0.0625 0.081 
20.2 -0.0624 0.0807 
20.2 -0.0659 0.0841 
20.2 -0.0647 0.0828 
20.2 -0.0669 0.084 
20.2 -0.0669 0.0837 
20.2 -0.068 0.0831 
20.2 -0.0681 0.0836 
20.2 -0.0682 0.0837 
20.2 -0.0677 0.0846 
20.2 -0.0684 0.0851 
20.3 -0.0678 0.0839 
20.3 -0.069 0.084 
20.3 -0.0698 0.0833 
20.3 -0.0699 0.0815 
20.3 -0.0697 0.0807 
20.3 -0.0714 0.0793 
20.3 -0.0713 0.0789 
20.3 -0.0726 0.0785 
20.3 -0.0723 0.0792 
20.3 -0.0734 0.0787 
20.3 -0.0735 0.0785 
20.3 -0.0769 0.0806 
20.3 -0.0786 0.0817 
20.3 -0.0814 0.0855 
20.3 -0.0819 0.085 
20.3 -0.0839 0.0865 
20.3 -0.0835 0.0862 
20.3 -0.0841 0.0871 
20.3 -0.0836 0.0872 
20.3 -0.0829 0.0881 
20.3 -0.083 0.0881 
20.3 -0.0829 0.087 
20.3 -0.0826 0.0864 
20.3 -0.083 0.0872 
20.3 -0.0822 0.0867 
20.3 -0.0816 0.0863 
20.3 -0.082 0.0854 
20.3 -0.0814 0.085 
20.3 -0.0813 0.084 
20.3 -0.0807 0.0826 
20.3 -0.0797 0.0814 
20.3 -0.0788 0.0812 
20.3 -0.0771 0.0807 
20.3 -0.0764 0.0805 
20.3 -0.0747 0.08 
20.3 -0.0751 0.081 
20.3 -0.0731 0.0815 
20.3 -0.0733 0.0819 
20.3 -0.072 0.0827 
20.3 -0.0714 0.0829 
20.3 -0.0704 0.0822 
20.3 -0.0685 0.0821 
20.3 -0.0691 0.0815 
20.3 -0.0686 0.081 
20.3 -0.0663 0.08 
20.3 -0.0666 0.0796 
20.3 -0.0647 0.0794 
20.3 -0.0652 0.0801 
20.3 -0.0631 0.079 
20.3 -0.0627 0.0794 
20.3 -0.0612 0.0787 
20.3 -0.0607 0.0786 
20.3 -0.0603 0.0785 
20.3 -0.0585 0.0773 
20.4 -0.0581 0.0773 
20.4 -0.0576 0.0769 
20.4 -0.0561 0.0752 
20.4 -0.056 0.0748 
20.4 -0.0556 0.0746 
20.4 -0.0532 0.0722 
20.4 -0.0541 0.0719 
20.4 -0.0539 0.0721 
20.4 -0.0529 0.0711 
20.4 -0.0527 0.0712 
20.4 -0.0522 0.0712 
20.4 -0.0505 0.0698 
20.4 -0.0503 0.0692 
20.4 -0.0494 0.0688 
20.4 -0.0489 0.0687 
20.4 -0.0472 0.0682 
20.4 -0.0472 0.0684 
20.4 -0.0473 0.0688 
20.4 -0.0459 0.0689 
20.4 -0.0456 0.0684 
20.4 -0.0437 0.0686 
20.4 -0.0441 0.0688 
20.4 -0.042 0.0685 
20.4 -0.0416 0.0676 
20.4 -0.0436 0.0667 
20.4 -0.0464 0.0658 
20.4 -0.0468 0.0655 
20.4 -0.0453 0.0643 
20.4 -0.0444 0.0638 
20.4 -0.0441 0.0634 
20.4 -0.0427 0.0631 
20.4 -0.0425 0.0627 
20.4 -0.0442 0.0614 
20.4 -0.0498 0.0595 
20.4 -0.0524 0.0581 
20.4 -0.0544 0.057 
20.4 -0.0548 0.0564 
20.4 -0.0547 0.0562 
20.4 -0.0548 0.056 
20.4 -0.0547 0.0559 
20.4 -0.0546 0.0558 
20.4 -0.0543 0.0553 
20.4 -0.054 0.0546 
20.4 -0.0531 0.0537 
20.4 -0.053 0.0536 
20.4 -0.0532 0.0538 
20.4 -0.0532 0.053 
20.4 -0.0534 0.0531 
20.4 -0.0536 0.0531 
20.4 -0.0536 0.0517 
20.4 -0.0541 0.0524 
20.4 -0.0541 0.0523 
20.4 -0.054 0.0522 
20.4 -0.0533 0.0514 
20.4 -0.0541 0.0512 
20.4 -0.054 0.0513 
20.4 -0.0541 0.0512 
20.4 -0.0544 0.05 
20.4 -0.0543 0.0501 
20.4 -0.0542 0.0499 
20.4 -0.0546 0.0488 
20.4 -0.0546 0.0487 
20.4 -0.0548 0.0487 
20.4 -0.0557 0.0481 
20.4 -0.0558 0.0481 
20.4 -0.0558 0.0479 
20.4 -0.0566 0.0476 
20.4 -0.0566 0.0478 
20.5 -0.0572 0.0482 
20.5 -0.0571 0.0478 
20.5 -0.0571 0.048 
20.5 -0.0571 0.048 
20.5 -0.0571 0.0482 
20.5 -0.0573 0.049 
20.5 -0.0572 0.0485 
20.5 -0.0573 0.0489 
20.5 -0.0573 0.049 
20.5 -0.0573 0.0492 
20.5 -0.0575 0.0503 
20.5 -0.0576 0.0502 
20.5 -0.0577 0.05 
20.5 -0.0577 0.0501 
20.5 -0.0578 0.0502 
20.5 -0.0579 0.0504 
20.5 -0.0581 0.0504 
20.5 -0.0581 0.0503 
20.5 -0.0591 0.0526 
20.5 -0.0587 0.0514 
20.5 -0.0587 0.0509 
20.5 -0.0586 0.0506 
20.5 -0.0594 0.0519 
20.5 -0.0593 0.0518 
20.5 -0.0592 0.0518 
20.5 -0.0592 0.0519 
20.5 -0.0591 0.0521 
20.5 -0.0591 0.0522 
20.5 -0.0591 0.0523 
20.5 -0.0591 0.0525 
20.5 -0.059 0.0526 
20.5 -0.0591 0.0528 
20.5 -0.059 0.0526 
20.5 -0.0591 0.0526 
20.5 -0.0591 0.0527 
20.5 -0.0593 0.0546 
20.5 -0.0592 0.0544 
20.5 -0.0592 0.0544 
20.5 -0.0592 0.0544 
20.5 -0.0592 0.0543 
20.5 -0.0594 0.0549 
20.5 -0.0594 0.0549 
20.5 -0.0594 0.0545 
20.5 -0.0594 0.0542 
20.5 -0.0593 0.0542 
20.5 -0.0592 0.0544 
20.5 -0.059 0.0549 
20.5 -0.059 0.0549 
20.5 -0.0591 0.0564 
20.5 -0.0593 0.056 
20.5 -0.0588 0.0548 
20.5 -0.0588 0.0548 
20.5 -0.0589 0.055 
20.5 -0.0589 0.0551 
20.5 -0.0588 0.0553 
20.5 -0.0588 0.0556 
20.5 -0.0589 0.0558 
20.5 -0.0593 0.0564 
20.5 -0.0594 0.0565 
20.6 -0.0598 0.0579 
20.6 -0.0594 0.0572 
20.6 -0.0591 0.057 
20.6 -0.0591 0.0578 
20.6 -0.0593 0.0579 
20.6 -0.0593 0.058 
20.6 -0.0592 0.0581 
20.6 -0.0595 0.0587 
20.6 -0.0594 0.0584 
20.6 -0.0594 0.0585 
20.6 -0.0595 0.0586 
20.6 -0.0619 0.0612 
20.6 -0.0618 0.0617 
20.6 -0.0616 0.0614 
20.6 -0.0613 0.0608 
20.6 -0.0623 0.0613 
20.6 -0.0617 0.0604 
20.6 -0.0618 0.0607 
20.6 -0.0634 0.061 
20.6 -0.0632 0.0609 
20.6 -0.0631 0.0604 
20.6 -0.0645 0.0617 
20.6 -0.0647 0.0617 
20.6 -0.0644 0.0619 
20.6 -0.066 0.0635 
20.6 -0.066 0.063 
20.6 -0.066 0.0632 
20.6 -0.0672 0.0634 
20.6 -0.0671 0.0626 
20.6 -0.0678 0.064 
20.6 -0.07 0.0651 
20.6 -0.0697 0.0648 
20.6 -0.0697 0.0648 
20.6 -0.0699 0.0651 
20.6 -0.071 0.0651 
20.6 -0.0714 0.0656 
20.6 -0.0711 0.0645 
20.6 -0.0721 0.0643 
20.6 -0.0718 0.0643 
20.6 -0.0719 0.0645 
20.6 -0.0724 0.064 
20.6 -0.0724 0.0641 
20.6 -0.0725 0.0642 
20.6 -0.0726 0.0644 
20.6 -0.0726 0.0648 
20.6 -0.0727 0.0648 
20.6 -0.0727 0.0648 
20.6 -0.0733 0.0655 
20.6 -0.0735 0.0658 
20.6 -0.0737 0.0656 
20.6 -0.0739 0.065 
20.6 -0.0738 0.0651 
20.6 -0.0738 0.0652 
20.6 -0.074 0.0652 
20.6 -0.0739 0.0647 
20.6 -0.074 0.0647 
20.6 -0.0739 0.0648 
20.6 -0.0737 0.065 
20.6 -0.0737 0.0668 
20.6 -0.0737 0.0665 
20.6 -0.0739 0.0667 
20.6 -0.074 0.0667 
20.6 -0.0742 0.0679 
20.6 -0.0742 0.0679 
20.6 -0.074 0.0679 
20.6 -0.0741 0.068 
20.6 -0.0749 0.0716 
20.6 -0.0751 0.0724 
20.6 -0.0744 0.0714 
20.6 -0.0742 0.0707 
20.6 -0.0754 0.0729 
20.6 -0.0757 0.0736 
20.6 -0.0754 0.0733 
20.6 -0.0761 0.0746 
20.6 -0.0762 0.0749 
20.6 -0.0757 0.075 
20.6 -0.0755 0.0746 
20.6 -0.0754 0.0746 
20.6 -0.0754 0.0746 
20.5 -0.0758 0.0746 
20.5 -0.0759 0.0748 
20.5 -0.076 0.0746 
20.5 -0.0761 0.0747 
20.6 -0.0761 0.0725 
20.6 -0.076 0.0721 
20.6 -0.0756 0.0725 
20.6 -0.0755 0.0725 
20.5 -0.0759 0.0714 
20.5 -0.076 0.0715 
20.5 -0.0765 0.072 
20.5 -0.0766 0.0721 
20.5 -0.0774 0.0722 
20.5 -0.0774 0.0715 
20.5 -0.0776 0.0716 
20.5 -0.0775 0.0717 
20.5 -0.0776 0.0707 
20.5 -0.078 0.071 
20.5 -0.0781 0.0716 
20.5 -0.0799 0.0719 
20.5 -0.0794 0.0727 
20.5 -0.0789 0.0717 
20.5 -0.0791 0.0718 
20.5 -0.0797 0.0713 
20.5 -0.0793 0.0713 
20.5 -0.0797 0.0723 
20.5 -0.0797 0.0726 
20.5 -0.0815 0.0726 
20.5 -0.0813 0.0719 
20.5 -0.081 0.0717 
20.5 -0.0811 0.0718 
20.5 -0.0819 0.0714 
20.5 -0.0815 0.0712 
20.5 -0.0812 0.0713 
20.6 -0.0809 0.0712 
20.6 -0.0813 0.0714 
20.6 -0.0818 0.0715 
20.6 -0.0819 0.0717 
20.6 -0.0817 0.0715 
20.6 -0.0818 0.0715 
20.6 -0.0833 0.0717 
20.6 -0.0832 0.0717 
20.6 -0.0838 0.0709 
20.6 -0.0838 0.0704 
20.6 -0.0827 0.0712 
20.6 -0.0829 0.0707 
20.6 -0.0827 0.0707 
20.6 -0.0831 0.0709 
20.6 -0.0833 0.071 
20.6 -0.0832 0.0709 
20.6 -0.0829 0.0707 
20.6 -0.0843 0.0698 
20.6 -0.0839 0.0697 
20.6 -0.0853 0.0685 
20.6 -0.0856 0.0685 
20.6 -0.0858 0.0676 
20.7 -0.0875 0.0659 
20.7 -0.0878 0.066 
20.6 -0.0879 0.0664 
20.6 -0.0884 0.0667 
20.7 -0.0914 0.0645 
20.6 -0.0908 0.0649 
20.6 -0.0911 0.065 
20.6 -0.0913 0.0648 
20.6 -0.0923 0.0641 
20.7 -0.0925 0.0636 
20.7 -0.0921 0.0635 
20.7 -0.0925 0.0628 
20.7 -0.0928 0.0629 
20.7 -0.0939 0.0615 
20.7 -0.0935 0.0612 
20.7 -0.093 0.0603 
20.7 -0.0922 0.0607 
20.7 -0.0915 0.0608 
20.7 -0.0912 0.0602 
20.7 -0.0921 0.0599 
20.7 -0.0924 0.0626 
20.7 -0.0915 0.0629 
20.7 -0.0894 0.0605 
20.7 -0.0897 0.0607 
20.7 -0.0903 0.0611 
20.7 -0.0902 0.0609 
20.7 -0.0902 0.0609 
20.7 -0.0901 0.0606 
20.7 -0.0903 0.0603 
20.7 -0.0904 0.0602 
20.7 -0.0926 0.0598 
20.7 -0.0931 0.06 
20.7 -0.094 0.0595 
20.7 -0.0939 0.0595 
20.7 -0.0934 0.0589 
20.7 -0.0921 0.0588 
20.7 -0.092 0.0573 
20.7 -0.0923 0.0571 
20.7 -0.0911 0.0569 
20.7 -0.091 0.0572 
20.7 -0.0908 0.0574 
20.7 -0.091 0.0568 
20.7 -0.0907 0.057 
20.7 -0.0919 0.0564 
20.7 -0.0916 0.0562 
20.7 -0.108 0.0424 
20.7 -0.0924 0.0567 
20.7 -0.0922 0.0564 
20.7 -0.0925 0.0565 
20.7 -0.0997 0.0383 
20.7 -0.0941 0.0579 
20.7 -0.094 0.058 
20.7 -0.0941 0.058 
20.7 -0.0946 0.0567 
20.7 -0.0949 0.0573 
20.7 -0.0949 0.0567 
20.7 -0.0961 0.0572 
20.7 -0.0963 0.0569 
20.7 -0.0961 0.0566 
20.7 -0.0959 0.0566 
20.7 -0.0966 0.0562 
20.7 -0.0962 0.0565 
20.7 -0.0965 0.0567 
20.7 -0.0962 0.0566 
20.7 -0.0959 0.0564 
20.7 -0.0988 0.0563 
20.7 -0.0989 0.0561 
20.7 -0.0992 0.0561 
20.7 -0.0988 0.056 
20.7 -0.0986 0.0559 
20.7 -0.0983 0.0557 
20.7 -0.0982 0.0556 
20.7 -0.098 0.055 
20.7 -0.0978 0.055 
20.7 -0.0978 0.0549 
20.7 -0.0977 0.0549 
20.7 -0.0977 0.055 
20.7 -0.0988 0.0538 
20.7 -0.0988 0.0538 
20.7 -0.0987 0.0539 
20.7 -0.0987 0.0539 
20.7 -0.0986 0.0537 
20.7 -0.0984 0.0535 
20.7 -0.0983 0.0534 
20.7 -0.0982 0.0533 
20.7 -0.0981 0.0531 
20.7 -0.098 0.053 
20.7 -0.0977 0.053 
20.6 -0.0979 0.051 
20.6 -0.0976 0.0507 
20.6 -0.0973 0.0508 
20.6 -0.0965 0.0504 
20.6 -0.0969 0.0498 
20.6 -0.0969 0.0495 
20.6 -0.0961 0.049 
20.6 -0.0962 0.0487 
20.6 -0.0966 0.0489 
20.6 -0.0978 0.05 
20.6 -0.0954 0.0502 
20.6 -0.0957 0.0503 
20.6 -0.0958 0.0503 
20.6 -0.0964 0.0503 
20.7 -0.0946 0.0508 
20.7 -0.0943 0.0508 
20.7 -0.0941 0.051 
20.7 -0.0937 0.0515 
20.7 -0.0936 0.0516 
20.7 -0.0945 0.0526 
20.7 -0.0945 0.0527 
20.7 -0.0955 0.0542 
20.7 -0.0951 0.0531 
20.7 -0.0952 0.0534 
20.7 -0.0956 0.0534 
20.7 -0.0967 0.056 
20.7 -0.0966 0.056 
20.7 -0.0969 0.058 
20.7 -0.0969 0.06 
20.7 -0.0974 0.0621 
20.7 -0.0977 0.0647 
20.7 -0.0978 0.0672 
20.7 -0.0985 0.07 
20.7 -0.0985 0.0721 
20.7 -0.0984 0.072 
20.7 -0.0895 0.0717 
20.7 -0.0973 0.0732 
20.7 -0.0965 0.0745 
20.7 -0.095 0.0749 
20.7 -0.0938 0.0755 
20.7 -0.0923 0.0761 
20.7 -0.0877 0.0764 
20.7 -0.0861 0.0774 
20.7 -0.0877 0.0796 
20.7 -0.084 0.0802 
20.7 -0.0876 0.0819 
20.7 -0.0833 0.0827 
20.7 -0.0878 0.086 
20.7 -0.0879 0.0883 
20.7 -0.0877 0.0901 
20.7 -0.0874 0.092 
20.7 -0.0874 0.0935 
20.7 -0.0874 0.0949 
20.7 -0.0865 0.0962 
20.7 -0.0852 0.0969 
20.7 -0.0843 0.0976 
20.7 -0.0818 0.0957 
20.7 -0.0817 0.0982 
20.7 -0.0807 0.0985 
20.7 -0.08 0.0985 
20.7 -0.0797 0.0987 
20.7 -0.081 0.0733 
20.7 -0.0792 0.0971 
20.7 -0.0783 0.0966 
20.7 -0.0782 0.0961 
20.7 -0.0782 0.0956 
20.7 -0.078 0.0951 
20.7 -0.0781 0.0949 
20.7 -0.0777 0.0944 
20.7 -0.0799 0.0931 
20.7 -0.0759 0.0927 
20.7 -0.0754 0.0921 
20.7 -0.0749 0.0921 
20.7 -0.076 0.0918 
20.7 -0.0747 0.0913 
20.7 -0.0732 0.0915 
20.7 -0.0723 0.0909 
20.7 -0.0723 0.0908 
20.7 -0.0718 0.0905 
20.7 -0.0706 0.0894 
20.7 -0.0708 0.0895 
20.7 -0.0699 0.0888 
20.7 -0.0694 0.0886 
20.7 -0.0691 0.0882 
20.7 -0.0707 0.0887 
20.7 -0.0685 0.0882 
20.7 -0.068 0.0878 
20.6 -0.0692 0.0872 
20.6 -0.0683 0.0865 
20.6 -0.0656 0.086 
20.6 -0.0652 0.0856 
20.6 -0.0648 0.0867 
20.6 -0.0666 0.0888 
20.6 -0.0642 0.0875 
20.6 -0.0636 0.0877 
20.6 -0.0635 0.0881 
20.6 -0.0636 0.0881 
20.6 -0.0637 0.0887 
20.6 -0.0631 0.0879 
20.6 -0.0628 0.0875 
20.6 -0.0624 0.0874 
20.6 -0.0628 0.0877 
20.6 -0.0616 0.0868 
20.6 -0.061 0.0863 
20.6 -0.0605 0.086 
20.6 -0.0599 0.0856 
20.5 -0.059 0.0853 
20.6 -0.0588 0.085 
20.5 -0.0576 0.0843 
20.5 -0.0574 0.084 
20.5 -0.0571 0.0837 
20.5 -0.0567 0.0833 
20.5 -0.0585 0.0835 
20.5 -0.0567 0.0832 
20.5 -0.0573 0.0832 
20.6 -0.0574 0.083 
20.6 -0.0579 0.083 
20.6 -0.0577 0.0823 
20.6 -0.0583 0.0826 
20.6 -0.0589 0.0829 
20.6 -0.059 0.083 
20.6 -0.0595 0.0832 
20.6 -0.0601 0.0838 
20.6 -0.0599 0.084 
20.6 -0.0602 0.0843 
20.6 -0.0601 0.0842 
20.6 -0.0602 0.0849 
20.6 -0.0597 0.0856 
20.6 -0.0588 0.0862 
20.6 -0.058 0.0866 
20.6 -0.0577 0.0884 
20.6 -0.0569 0.0901 
20.6 -0.0561 0.0916 
20.6 -0.0557 0.0927 
20.6 -0.055 0.0935 
20.6 -0.0545 0.0934 
20.6 -0.0545 0.0934 
20.6 -0.0537 0.0931 
20.6 -0.0529 0.0929 
20.6 -0.0522 0.0924 
20.5 -0.0516 0.0921 
20.5 -0.0511 0.0919 
20.5 -0.0505 0.0917 
20.5 -0.0508 0.0921 
20.5 -0.0508 0.0924 
20.5 -0.051 0.0926 
20.5 -0.0511 0.0927 
20.5 -0.051 0.092 
20.5 -0.0507 0.0912 
20.5 -0.0503 0.0908 
20.5 -0.0502 0.0901 
20.5 -0.0495 0.0896 
20.5 -0.0486 0.0882 
20.4 -0.0482 0.0877 
20.4 -0.0471 0.0866 
20.4 -0.0466 0.0859 
20.4 -0.0461 0.0854 
20.4 -0.0443 0.0841 
20.4 -0.0443 0.0841 
20.4 -0.044 0.0839 
20.4 -0.0439 0.0839 
20.4 -0.0425 0.0833 
20.4 -0.0433 0.0841 
20.4 -0.0441 0.0848 
20.4 -0.0438 0.0856 
20.4 -0.0443 0.0862 
20.4 -0.0446 0.0872 
20.4 -0.045 0.0879 
20.5 -0.0455 0.0896 
20.5 -0.0459 0.0899 
20.5 -0.0469 0.092 
20.5 -0.0471 0.0924 
20.5 -0.0478 0.0939 
20.5 -0.0483 0.0943 
20.5 -0.0493 0.0959 
20.5 -0.0497 0.0963 
20.5 -0.0513 0.0976 
20.5 -0.0513 0.0975 
20.5 -0.0528 0.098 
20.5 -0.0528 0.0979 
20.5 -0.0528 0.0979 
20.5 -0.0527 0.0976 
20.5 -0.0528 0.097 
20.5 -0.053 0.0968 
20.5 -0.053 0.0966 
20.5 -0.0528 0.0958 
20.5 -0.0529 0.0956 
20.5 -0.0526 0.0955 
20.5 -0.0516 0.0949 
20.5 -0.0521 0.0948 
20.5 -0.0511 0.094 
20.5 -0.0512 0.0939 
20.5 -0.0509 0.0939 
20.5 -0.0497 0.0936 
20.5 -0.0501 0.0937 
20.5 -0.0498 0.0936 
20.5 -0.0492 0.094 
20.5 -0.05 0.0941 
20.5 -0.0501 0.0943 
20.5 -0.0501 0.0943 
20.5 -0.0507 0.0948 
20.5 -0.0508 0.0948 
20.5 -0.0509 0.0956 
20.5 -0.0511 0.0958 
20.5 -0.0513 0.0962 
20.5 -0.054 0.095 
20.5 -0.055 0.0954 
20.5 -0.0551 0.0974 
20.5 -0.0552 0.099 
20.4 -0.0546 0.0984 
20.5 -0.0536 0.103 
20.5 -0.0545 0.104 
20.4 -0.0551 0.105 
20.4 -0.0552 0.105 
20.4 -0.0558 0.106 
20.4 -0.0564 0.107 
20.4 -0.0568 0.107 
20.4 -0.0572 0.107 
20.4 -0.0578 0.108 
20.4 -0.0585 0.11 
20.5 -0.0592 0.11 
20.4 -0.0594 0.11 
20.4 -0.0596 0.111 
20.5 -0.0599 0.11 
20.5 -0.06 0.11 
20.5 -0.0601 0.11 
20.5 -0.0601 0.11 
20.5 -0.0599 0.11 
20.5 -0.0596 0.109 
20.5 -0.0594 0.108 
20.5 -0.0586 0.107 
20.5 -0.058 0.107 
20.5 -0.0571 0.106 
20.5 -0.0573 0.106 
20.5 -0.0562 0.105 
20.5 -0.0561 0.105 
20.5 -0.0552 0.104 
20.5 -0.0552 0.104 
20.5 -0.0546 0.104 
20.5 -0.0548 0.104 
20.5 -0.0549 0.103 
20.5 -0.0555 0.104 
20.5 -0.0559 0.104 
20.5 -0.0564 0.104 
20.5 -0.0562 0.104 
20.5 -0.0564 0.104 
20.5 -0.0571 0.104 
20.5 -0.057 0.104 
20.5 -0.057 0.104 
20.5 -0.0575 0.104 
20.5 -0.0573 0.104 
20.5 -0.0571 0.104 
20.5 -0.0564 0.104 
20.5 -0.0561 0.103 
20.5 -0.0554 0.103 
20.5 -0.0549 0.103 
20.5 -0.0536 0.101 
20.5 -0.0532 0.101 
20.5 -0.0516 0.1 
20.5 -0.0515 0.1 
20.5 -0.0503 0.0994 
20.5 -0.0503 0.0992 
20.5 -0.0498 0.099 
20.5 -0.0488 0.0975 
20.5 -0.0481 0.0968 
20.5 -0.0467 0.0961 
20.5 -0.0467 0.0957 
20.5 -0.0464 0.0953 
20.5 -0.0454 0.0944 
20.5 -0.0453 0.0943 
20.5 -0.045 0.0937 
20.5 -0.0438 0.0928 
20.5 -0.0437 0.0929 
20.5 -0.0434 0.093 
20.5 -0.043 0.0934 
20.5 -0.0431 0.0938 
20.5 -0.0426 0.0938 
20.5 -0.0425 0.0945 
20.5 -0.0423 0.0946 
20.5 -0.0423 0.0946 
20.5 -0.0421 0.0948 
20.5 -0.042 0.0949 
20.5 -0.042 0.0949 
20.5 -0.042 0.0947 
20.5 -0.0419 0.0946 
20.5 -0.0418 0.0948 
20.5 -0.042 0.0948 
20.5 -0.0422 0.0945 
20.5 -0.0424 0.0943 
20.5 -0.0425 0.0941 
20.5 -0.0426 0.094 
20.5 -0.0425 0.0939 
20.5 -0.0424 0.0936 
20.5 -0.0423 0.0931 
20.5 -0.0424 0.0931 
20.5 -0.0425 0.0927 
20.5 -0.0427 0.0926 
20.5 -0.0428 0.0925 
20.5 -0.0431 0.0926 
20.5 -0.043 0.0925 
20.5 -0.0432 0.0924 
20.5 -0.0432 0.0922 
20.5 -0.0433 0.0922 
20.5 -0.0433 0.092 
20.4 -0.0437 0.0918 
20.4 -0.044 0.0917 
20.4 -0.0442 0.0915 
20.4 -0.0446 0.0908 
20.4 -0.0447 0.0908 
20.4 -0.0452 0.0904 
20.4 -0.0454 0.0906 
20.4 -0.0457 0.0906 
20.4 -0.0454 0.0909 
20.4 -0.0453 0.0912 
20.4 -0.0452 0.0915 
20.4 -0.0455 0.0917 
20.4 -0.0455 0.092 
20.4 -0.0454 0.0921 
20.4 -0.0454 0.0922 
20.4 -0.0456 0.0922 
20.4 -0.0456 0.0922 
20.4 -0.0458 0.0923 
20.4 -0.0458 0.0921 
20.4 -0.0459 0.0922 
20.4 -0.0461 0.0924 
20.4 -0.0463 0.0927 
20.4 -0.0464 0.0926 
20.4 -0.0466 0.0927 
20.4 -0.0468 0.0927 
20.4 -0.0472 0.0925 
20.4 -0.0472 0.0923 
20.4 -0.0474 0.0923 
20.4 -0.0471 0.092 
20.4 -0.0471 0.092 
20.4 -0.0472 0.0919 
20.4 -0.0477 0.0916 
20.4 -0.0476 0.0916 
20.4 -0.0478 0.0917 
20.4 -0.0479 0.0918 
20.4 -0.0479 0.0918 
20.4 -0.048 0.0914 
20.4 -0.0479 0.0914 
20.4 -0.0479 0.0915 
20.4 -0.0482 0.0915 
20.4 -0.048 0.0914 
20.4 -0.0479 0.0914 
20.4 -0.0482 0.0915 
20.4 -0.0484 0.0917 
20.4 -0.048 0.0918 
20.4 -0.0481 0.0918 
20.4 -0.0481 0.092 
20.4 -0.0482 0.092 
20.4 -0.0483 0.0925 
20.4 -0.0484 0.0926 
20.4 -0.0484 0.0927 
20.4 -0.0483 0.0928 
20.4 -0.0483 0.0928 
20.4 -0.0484 0.0933 
20.4 -0.0486 0.0934 
20.4 -0.0493 0.094 
20.4 -0.0499 0.0942 
20.4 -0.05 0.0944 
20.4 -0.0501 0.0943 
20.4 -0.0502 0.0946 
20.4 -0.0503 0.0948 
20.4 -0.0506 0.0952 
20.4 -0.0508 0.0955 
20.4 -0.0509 0.0954 
20.4 -0.0515 0.0954 
20.4 -0.0515 0.0953 
20.4 -0.0521 0.0952 
20.4 -0.0519 0.0951 
20.4 -0.0525 0.0953 
20.4 -0.0522 0.0952 
20.4 -0.0528 0.0952 
20.4 -0.0531 0.0951 
20.4 -0.0532 0.0952 
20.4 -0.054 0.0956 
20.4 -0.0552 0.0962 
20.4 -0.0561 0.0964 
20.4 -0.0559 0.0961 
20.4 -0.0554 0.0958 
20.4 -0.0553 0.0958 
20.4 -0.0546 0.0956 
20.4 -0.0541 0.0958 
20.4 -0.0538 0.0959 
20.4 -0.0533 0.0957 
20.4 -0.0534 0.0958 
20.4 -0.0528 0.0955 
20.4 -0.0525 0.0954 
20.4 -0.0533 0.0956 
20.4 -0.0534 0.0956 
20.4 -0.0531 0.0954 
20.4 -0.0531 0.0951 
20.4 -0.0531 0.0955 
20.4 -0.0531 0.0955 
20.3 -0.0532 0.0956 
20.3 -0.0531 0.0955 
20.3 -0.0531 0.0954 
20.3 -0.0532 0.0956 
20.3 -0.0527 0.0953 
20.3 -0.0525 0.0953 
20.3 -0.0522 0.0952 
20.3 -0.0521 0.0956 
20.3 -0.0521 0.096 
20.3 -0.0516 0.0957 
20.3 -0.0514 0.096 
20.3 -0.0514 0.0964 
20.3 -0.0511 0.0966 
20.3 -0.051 0.0969 
20.3 -0.0508 0.0971 
20.3 -0.0512 0.0975 
20.2 -0.0516 0.0977 
20.2 -0.0519 0.098 
20.2 -0.0522 0.0984 
20.2 -0.0526 0.0991 
20.2 -0.0528 0.0996 
20.2 -0.0528 0.0998 
20.1 -0.0528 0.1 
20.1 -0.0528 0.1 
20.1 -0.053 0.1 
20.1 -0.0532 0.1 
20.1 -0.0537 0.1 
20.1 -0.0536 0.1 
20.1 -0.0541 0.1 
20.1 -0.0541 0.1 
20.1 -0.0546 0.1 
20.1 -0.0546 0.1 
20.1 -0.0545 0.1 
20.1 -0.0549 0.1 
20.1 -0.0549 0.1 
20.1 -0.0553 0.1 
20.1 -0.0554 0.1 
20.1 -0.056 0.101 
20.1 -0.0561 0.101 
20.1 -0.0565 0.101 
20.1 -0.0566 0.101 
20.1 -0.0566 0.101 
20.1 -0.0564 0.101 
20.1 -0.0565 0.101 
20.1 -0.0566 0.101 
20.1 -0.0566 0.101 
20.1 -0.0568 0.101 
20.1 -0.0567 0.102 
20.1 -0.0569 0.102 
20.1 -0.0573 0.102 
20.1 -0.0575 0.102 
20.1 -0.0576 0.103 
20.1 -0.0583 0.103 
20.1 -0.0583 0.103 
20.1 -0.0585 0.103 
20.1 -0.0592 0.104 
20.1 -0.0594 0.104 
20.1 -0.06 0.105 
20.1 -0.0598 0.105 
20 -0.0605 0.106 
20 -0.0604 0.106 
20 -0.0611 0.107 
20 -0.061 0.107 
20 -0.0617 0.108 
20 -0.0622 0.108 
20 -0.0626 0.108 
20 -0.0628 0.108 
20 -0.0633 0.108 
20 -0.0637 0.108 
20 -0.0639 0.107 
20 -0.0641 0.107 
19.9 -0.0642 0.106 
19.9 -0.0649 0.106 
19.9 -0.0655 0.105 
19.9 -0.0649 0.105 
19.9 -0.065 0.105 
19.9 -0.0651 0.105 
19.9 -0.0655 0.105 
19.9 -0.0655 0.105 
19.9 -0.0653 0.105 
19.9 -0.0655 0.105 
19.9 -0.0654 0.105 
19.9 -0.0652 0.105 
19.9 -0.0649 0.104 
19.9 -0.0651 0.104 
19.9 -0.0649 0.104 
19.9 -0.0648 0.104 
19.9 -0.0648 0.104 
19.9 -0.0647 0.104 
19.9 -0.0646 0.104 
19.9 -0.0644 0.103 
19.9 -0.0641 0.103 
19.9 -0.064 0.103 
19.9 -0.0638 0.103 
19.9 -0.0638 0.103 
19.9 -0.0635 0.103 
19.9 -0.0632 0.103 
19.9 -0.0631 0.103 
19.9 -0.0632 0.103 
19.9 -0.0631 0.103 
19.9 -0.063 0.103 
19.9 -0.0625 0.103 
19.9 -0.0626 0.103 
19.9 -0.0623 0.103 
19.8 -0.0622 0.103 
19.8 -0.0623 0.103 
19.8 -0.0624 0.103 
19.8 -0.0622 0.102 
19.9 -0.0616 0.102 
19.9 -0.0611 0.102 
19.9 -0.0608 0.102 
19.8 -0.0605 0.102 
19.8 -0.0606 0.102 
19.8 -0.0594 0.101 
19.8 -0.0593 0.101 
19.8 -0.0591 0.101 
19.8 -0.0588 0.101 
19.8 -0.0586 0.1 
19.8 -0.0586 0.1 
19.8 -0.0584 0.1 
19.8 -0.0582 0.1 
19.8 -0.0576 0.1 
19.8 -0.0576 0.1 
19.8 -0.0573 0.1 
19.8 -0.0568 0.1 
19.8 -0.0564 0.1 
19.8 -0.056 0.1 
19.8 -0.0556 0.1 
19.8 -0.0553 0.1 
19.8 -0.0539 0.1 
19.8 -0.0538 0.1 
19.8 -0.0536 0.1 
19.8 -0.0533 0.1 
19.8 -0.0528 0.1 
19.8 -0.053 0.1 
19.8 -0.0528 0.1 
19.8 -0.053 0.1 
19.8 -0.0526 0.1 
19.8 -0.0522 0.1 
19.8 -0.052 0.1 
19.7 -0.0514 0.0999 
19.7 -0.0513 0.0998 
19.7 -0.0507 0.0997 
19.7 -0.0503 0.0997 
19.7 -0.0489 0.0991 
19.7 -0.049 0.099 
19.7 -0.0484 0.0987 
19.7 -0.0484 0.0987 
19.7 -0.0486 0.0987 
19.7 -0.0474 0.0983 
19.7 -0.0474 0.0983 
19.7 -0.0472 0.0984 
19.7 -0.0468 0.098 
19.7 -0.0469 0.0979 
19.7 -0.0471 0.0978 
19.7 -0.0474 0.0977 
19.7 -0.0473 0.0977 
19.7 -0.0474 0.0978 
19.7 -0.048 0.0976 
19.7 -0.0483 0.0978 
19.7 -0.0485 0.098 
19.7 -0.0488 0.0981 
19.7 -0.0495 0.0983 
19.7 -0.0496 0.0984 
19.7 -0.05 0.0986 
19.7 -0.0503 0.0987 
19.7 -0.0507 0.0988 
19.7 -0.052 0.0993 
19.7 -0.0519 0.0994 
19.7 -0.0522 0.0995 
19.7 -0.0526 0.0994 
19.7 -0.0527 0.0995 
19.7 -0.0553 0.101 
19.7 -0.0537 0.0996 
19.7 -0.054 0.0997 
19.7 -0.0548 0.1 
19.7 -0.0547 0.1 
19.7 -0.0549 0.1 
19.7 -0.055 0.1 
19.7 -0.0559 0.0998 
19.7 -0.0559 0.0999 
19.7 -0.0562 0.0995 
19.7 -0.0564 0.0995 
19.7 -0.0571 0.0991 
19.7 -0.0571 0.0992 
19.7 -0.057 0.0991 
19.7 -0.0571 0.0986 
19.7 -0.0572 0.0985 
19.7 -0.0573 0.0985 
19.7 -0.0572 0.0984 
19.7 -0.0573 0.0981 
19.7 -0.0574 0.098 
19.7 -0.0574 0.0981 
19.7 -0.0573 0.0979 
19.7 -0.0573 0.0978 
19.7 -0.0573 0.0978 
19.7 -0.0573 0.0975 
19.7 -0.0571 0.0975 
19.7 -0.057 0.0975 
19.7 -0.0568 0.0971 
19.7 -0.0568 0.097 
19.7 -0.0566 0.0971 
19.7 -0.0565 0.0966 
19.7 -0.0565 0.0965 
19.7 -0.0564 0.0964 
19.7 -0.0564 0.0965 
19.7 -0.0564 0.0968 
19.7 -0.0566 0.097 
19.7 -0.0566 0.0972 
19.7 -0.0564 0.0972 
19.7 -0.0565 0.0971 
19.7 -0.0565 0.0973 
19.7 -0.0566 0.0974 
19.7 -0.0565 0.0973 
19.7 -0.0566 0.0975 
19.7 -0.0566 0.0974 
19.6 -0.0568 0.0974 
19.6 -0.0567 0.0973 
19.7 -0.0567 0.0973 
19.6 -0.0567 0.0975 
19.6 -0.0568 0.0974 
19.6 -0.0568 0.0974 
19.6 -0.0566 0.0974 
19.6 -0.0565 0.0972 
19.6 -0.0564 0.0969 
19.7 -0.0565 0.0971 
19.6 -0.0564 0.0972 
19.7 -0.0565 0.0972 
19.7 -0.0564 0.0971 
19.6 -0.056 0.0977 
19.6 -0.0563 0.098 
19.7 -0.0563 0.0979 
19.6 -0.0563 0.0979 
19.6 -0.0564 0.0979 
19.6 -0.0563 0.098 
19.6 -0.0564 0.0981 
19.6 -0.0565 0.0981 
19.6 -0.0563 0.0983 
19.6 -0.0563 0.098 
19.6 -0.0564 0.098 
19.6 -0.0563 0.0981 
19.6 -0.0561 0.0982 
19.6 -0.0561 0.0984 
19.6 -0.056 0.0984 
19.6 -0.056 0.0984 
19.6 -0.056 0.0985 
19.6 -0.0556 0.099 
19.6 -0.0556 0.099 
19.6 -0.0555 0.0991 
19.6 -0.0555 0.0992 
19.6 -0.0557 0.0994 
19.6 -0.0558 0.0995 
19.6 -0.0559 0.0996 
19.6 -0.0558 0.1 
19.6 -0.0556 0.1 
19.6 -0.0554 0.1 
19.6 -0.0554 0.1 
19.6 -0.0553 0.1 
19.6 -0.0553 0.1 
19.6 -0.0556 0.1 
19.6 -0.0552 0.101 
19.6 -0.0551 0.101 
19.6 -0.0549 0.1 
19.6 -0.0543 0.1 
19.6 -0.0544 0.1 
19.6 -0.0543 0.1 
19.6 -0.0536 0.0998 
19.6 -0.0534 0.0998 
19.6 -0.0532 0.0998 
19.6 -0.0532 0.0998 
19.6 -0.0529 0.0996 
19.6 -0.0529 0.0996 
19.6 -0.0526 0.0998 
19.6 -0.0526 0.0999 
19.6 -0.0524 0.1 
19.6 -0.0525 0.101 
19.6 -0.0526 0.101 
19.6 -0.0526 0.101 
19.6 -0.0533 0.101 
19.6 -0.0534 0.101 
19.6 -0.0537 0.101 
19.6 -0.0535 0.101 
19.6 -0.0535 0.102 
19.6 -0.0538 0.102 
19.6 -0.0542 0.102 
19.6 -0.0542 0.101 
19.6 -0.0544 0.101 
19.5 -0.0978 0.152 
19.3 -0.0704 0.159 
19.6 -0.0479 0.101 
19.5 -0.0741 0.102 
19.6 -0.0568 0.105 
19.6 -0.0549 0.102 
19.6 -0.0545 0.102 
19.6 -0.0582 0.104 
19.6 -0.0549 0.102 
19.6 -0.0549 0.101 
19.6 -0.0549 0.101 
19.6 -0.0549 0.102 
19.6 -0.0562 0.1 
19.6 -0.0568 0.101 
19.6 -0.0568 0.102 
19.6 -0.0563 0.101 
19.6 -0.0562 0.101 
19.6 -0.056 0.102 
19.6 -0.0557 0.102 
19.6 -0.0566 0.102 
19.6 -0.0562 0.102 
19.6 -0.0577 0.102 
19.6 -0.0606 0.104 
19.6 -0.0497 0.104 
19.6 -0.0563 0.102 
19.6 -0.0573 0.102 
19.6 -0.0562 0.102 
19.6 -0.0562 0.102 
19.6 -0.0561 0.102 
