19.8 -0.56 -0.544 
19.3 -1.36 -1.16 
18.8 -1.3 -1.41 
19.1 -2.03 -1.47 
20 -1.65 -0.79 
20.7 -0.98 -0.217 
22.5 -0.767 0.698 
24.6 -0.244 1.82 
25.1 0.135 2.21 
25.3 0.459 2.42 
26.6 0.419 3.03 
28.5 0.563 3.95 
32.5 0.819 6.08 
34.6 0.825 7.23 
34.8 0.693 7.23 
35.2 0.783 7.51 
33.6 0.55 6.54 
33.3 0.458 6.33 
30.9 0.305 5.11 
30.8 0.211 5 
29.9 0.192 4.61 
25.7 -0.091 2.63 
18.9 -0.914 -0.299 
18.6 -0.894 -0.377 
18.8 -0.828 -0.279 
20.1 -0.783 0.235 
21.7 -0.688 0.888 
22.5 -0.702 1.18 
22.9 -0.663 1.37 
23.7 -0.599 1.72 
23.7 -0.584 1.72 
23.6 -0.537 1.69 
23.3 -0.536 1.56 
22.7 -0.558 1.33 
22.6 -0.579 1.25 
22.4 -0.638 1.19 
22.3 -0.719 1.12 
22 -0.814 1.02 
22.7 -0.78 1.2 
21.3 -1.04 0.746 
21 -1.14 0.595 
20.4 -1.31 0.363 
20.2 -1.37 0.278 
19.9 -1.38 0.19 
19.7 -1.36 0.0988 
19.4 -1.38 -0.0327 
18.7 -1.43 -0.277 
18.7 -1.41 -0.298 
18.5 -1.39 -0.375 
18.2 -1.4 -0.465 
18 -1.4 -0.552 
17.5 -1.42 -0.758 
17.5 -1.4 -0.767 
17.1 -1.41 -0.934 
17 -1.42 -0.968 
16.7 -1.43 -1.06 
16.8 -1.4 -1.05 
16.8 -1.35 -1.05 
16.9 -1.32 -1.03 
17 -1.3 -0.985 
17 -1.28 -0.984 
16.9 -1.31 -1.03 
16.8 -1.33 -1.08 
16.8 -1.33 -1.07 
16.6 -1.39 -1.13 
16.7 -1.36 -1.11 
16.6 -1.34 -1.14 
16.6 -1.32 -1.14 
16.6 -1.29 -1.15 
16.5 -1.27 -1.21 
16.4 -1.26 -1.25 
16.3 -1.26 -1.29 
16 -1.24 -1.41 
16 -1.23 -1.42 
16 -1.22 -1.44 
15.8 -1.22 -1.52 
15.8 -1.24 -1.54 
15.7 -1.24 -1.56 
15.5 -1.27 -1.65 
15.5 -1.28 -1.65 
15.4 -1.28 -1.67 
15.2 -1.31 -1.76 
15.3 -1.28 -1.75 
15.2 -1.31 -1.79 
15.2 -1.29 -1.76 
15.2 -1.28 -1.76 
15.2 -1.32 -1.79 
15.2 -1.33 -1.76 
15.3 -1.32 -1.72 
15.5 -1.32 -1.66 
15.7 -1.36 -1.55 
15.8 -1.35 -1.53 
15.9 -1.35 -1.47 
16.3 -1.37 -1.32 
16.3 -1.37 -1.32 
16.3 -1.38 -1.29 
16.6 -1.43 -1.16 
16.5 -1.42 -1.2 
16.6 -1.45 -1.14 
16.6 -1.47 -1.14 
16.7 -1.46 -1.11 
16.7 -1.46 -1.11 
16.8 -1.45 -1.07 
16.7 -1.48 -1.08 
16.8 -1.48 -1.05 
16.8 -1.48 -1.06 
16.7 -1.48 -1.06 
16.7 -1.5 -1.07 
16.5 -1.51 -1.13 
16.5 -1.51 -1.15 
16.3 -1.51 -1.21 
16.3 -1.51 -1.21 
16.2 -1.53 -1.25 
16.2 -1.53 -1.25 
16.2 -1.54 -1.25 
16.1 -1.54 -1.28 
16 -1.53 -1.3 
16 -1.54 -1.31 
15.9 -1.54 -1.35 
16 -1.53 -1.33 
15.9 -1.52 -1.35 
15.9 -1.5 -1.36 
15.9 -1.48 -1.37 
15.8 -1.44 -1.37 
15.9 -1.39 -1.35 
15.9 -1.38 -1.33 
15.8 -1.36 -1.35 
15.7 -1.34 -1.38 
15.7 -1.32 -1.37 
15.6 -1.31 -1.37 
15.6 -1.29 -1.37 
15.6 -1.28 -1.36 
15.6 -1.27 -1.36 
15.6 -1.26 -1.35 
15.6 -1.25 -1.34 
15.6 -1.23 -1.32 
15.7 -1.2 -1.28 
15.7 -1.19 -1.28 
15.7 -1.18 -1.27 
15.7 -1.15 -1.25 
15.7 -1.14 -1.25 
15.7 -1.11 -1.23 
15.8 -1.1 -1.2 
15.8 -1.08 -1.19 
15.8 -1.07 -1.17 
15.9 -1.06 -1.14 
15.9 -1.06 -1.13 
16 -1.04 -1.08 
16.1 -1.03 -1.06 
16.1 -1.03 -1.04 
16.3 -1.02 -0.98 
16.3 -1.02 -0.971 
16.3 -1.02 -0.951 
16.5 -1.02 -0.903 
16.5 -1.03 -0.88 
16.7 -1.03 -0.828 
16.7 -1.03 -0.823 
16.8 -1.03 -0.804 
16.8 -1.03 -0.781 
16.9 -1.03 -0.746 
17 -1.04 -0.732 
17.1 -1.04 -0.679 
17.2 -1.05 -0.649 
17.4 -1.06 -0.581 
17.5 -1.07 -0.548 
17.7 -1.09 -0.511 
18 -1.11 -0.418 
18.1 -1.12 -0.391 
18.2 -1.13 -0.364 
18.5 -1.15 -0.28 
18.5 -1.16 -0.281 
18.5 -1.16 -0.267 
18.7 -1.16 -0.211 
18.7 -1.17 -0.215 
18.8 -1.15 -0.174 
18.8 -1.15 -0.174 
18.9 -1.13 -0.14 
18.9 -1.13 -0.145 
19 -1.11 -0.117 
19 -1.11 -0.118 
19 -1.12 -0.114 
19.1 -1.1 -0.0869 
19.2 -1.1 -0.0839 
19.2 -1.11 -0.0791 
19.2 -1.11 -0.0684 
19.3 -1.12 -0.0564 
19.4 -1.11 -0.0297 
19.4 -1.12 -0.025 
19.4 -1.12 -0.0178 
19.4 -1.12 -0.0183 
19.5 -1.12 0.000709 
19.5 -1.12 -0.00571 
19.6 -1.12 0.0291 
19.7 -1.11 0.0537 
19.8 -1.11 0.0803 
19.9 -1.12 0.104 
20 -1.14 0.123 
20 -1.15 0.134 
20 -1.15 0.132 
20 -1.15 0.134 
20 -1.14 0.129 
20 -1.13 0.127 
20 -1.11 0.132 
20 -1.11 0.129 
20 -1.08 0.132 
19.9 -1.08 0.12 
19.9 -1.07 0.116 
20 -1.05 0.148 
20 -1.06 0.146 
20 -1.06 0.146 
20 -1.04 0.186 
20 -1.05 0.188 
20.1 -1.04 0.195 
20.2 -1.03 0.24 
20.2 -1.03 0.243 
20.3 -1.01 0.278 
20.3 -1.01 0.283 
20.3 -1.01 0.292 
20.4 -0.998 0.323 
20.4 -0.999 0.325 
20.4 -0.985 0.352 
20.5 -0.985 0.358 
20.5 -0.982 0.367 
20.5 -0.974 0.388 
20.6 -0.98 0.405 
20.7 -0.975 0.44 
20.7 -0.975 0.451 
20.8 -0.97 0.484 
20.8 -0.972 0.484 
20.9 -0.967 0.506 
20.8 -0.968 0.499 
20.8 -0.977 0.498 
20.9 -0.985 0.518 
20.9 -0.986 0.516 
21 -0.993 0.538 
20.9 -0.992 0.532 
21 -0.996 0.543 
21 -1 0.535 
21 -1.01 0.539 
21 -1.01 0.536 
21 -1.01 0.54 
21 -1.01 0.544 
21 -1 0.549 
21 -1 0.544 
21 -0.996 0.543 
21 -0.997 0.546 
21 -0.991 0.545 
21 -0.991 0.544 
21 -0.985 0.549 
21 -0.986 0.547 
21 -0.986 0.548 
21 -0.989 0.544 
21 -0.995 0.538 
21 -0.999 0.537 
21 -1 0.543 
21 -1 0.541 
21 -1.01 0.541 
21 -1.02 0.539 
21.1 -1.02 0.536 
21.1 -1.03 0.535 
21.1 -1.04 0.531 
21.1 -1.04 0.531 
21.1 -1.04 0.532 
21.1 -1.04 0.533 
21.1 -1.04 0.535 
21.1 -1.04 0.54 
21.1 -1.04 0.545 
21.1 -1.04 0.558 
21.1 -1.04 0.557 
21.2 -1.04 0.572 
21.2 -1.04 0.569 
21.2 -1.04 0.577 
21.2 -1.04 0.576 
21.2 -1.04 0.584 
21.2 -1.04 0.583 
21.2 -1.03 0.587 
21.2 -1.02 0.587 
21.2 -1.01 0.586 
21.2 -1.01 0.585 
21.2 -1 0.581 
21.2 -1 0.585 
21.2 -0.995 0.584 
21.2 -1 0.585 
21.2 -0.994 0.59 
21.2 -0.994 0.59 
21.2 -1 0.596 
21.3 -1 0.601 
21.3 -1 0.602 
21.3 -1.01 0.602 
21.3 -1.01 0.604 
21.3 -1.02 0.607 
21.3 -1.03 0.615 
21.3 -1.03 0.62 
21.3 -1.04 0.618 
21.3 -1.05 0.605 
21.3 -1.06 0.583 
21.2 -1.07 0.568 
21.2 -1.08 0.542 
21.1 -1.08 0.521 
21 -1.08 0.497 
21 -1.09 0.488 
21 -1.09 0.487 
21 -1.09 0.478 
21 -1.09 0.47 
21 -1.09 0.48 
21 -1.08 0.501 
21.1 -1.08 0.533 
21.2 -1.06 0.573 
21.3 -1.04 0.623 
21.5 -1.02 0.668 
21.6 -1.01 0.706 
21.7 -0.994 0.739 
21.7 -0.984 0.763 
21.8 -0.973 0.778 
21.8 -0.97 0.787 
21.8 -0.953 0.785 
21.8 -0.923 0.797 
21.8 -0.922 0.796 
21.8 -0.879 0.792 
21.8 -0.883 0.806 
21.7 -0.844 0.797 
21.7 -0.842 0.799 
21.7 -0.803 0.808 
21.7 -0.803 0.798 
21.7 -0.795 0.788 
21.7 -0.804 0.787 
21.7 -0.777 0.808 
21.7 -0.779 0.812 
21.7 -0.782 0.813 
21.8 -0.76 0.829 
21.7 -0.76 0.81 
21.8 -0.748 0.808 
21.8 -0.752 0.809 
21.8 -0.732 0.806 
21.8 -0.733 0.788 
21.8 -0.724 0.783 
21.8 -0.731 0.77 
21.8 -0.721 0.757 
21.8 -0.722 0.747 
21.7 -0.707 0.726 
21.7 -0.693 0.708 
21.7 -0.672 0.678 
21.6 -0.648 0.648 
21.5 -0.618 0.622 
21.4 -0.585 0.59 
21.3 -0.547 0.555 
21.2 -0.511 0.523 
21.1 -0.479 0.489 
21 -0.45 0.456 
20.9 -0.421 0.432 
20.8 -0.397 0.414 
20.8 -0.37 0.397 
20.7 -0.351 0.384 
20.7 -0.335 0.374 
20.7 -0.324 0.369 
20.7 -0.311 0.362 
20.6 -0.296 0.359 
20.6 -0.291 0.364 
20.6 -0.282 0.373 
20.6 -0.28 0.372 
20.6 -0.27 0.376 
20.6 -0.271 0.373 
20.5 -0.26 0.377 
20.5 -0.259 0.374 
20.5 -0.251 0.374 
20.5 -0.253 0.372 
20.5 -0.251 0.368 
20.5 -0.249 0.362 
20.5 -0.245 0.357 
20.5 -0.256 0.363 
20.5 -0.257 0.361 
20.5 -0.254 0.357 
20.5 -0.254 0.354 
20.5 -0.254 0.352 
20.5 -0.258 0.349 
20.5 -0.252 0.343 
20.5 -0.252 0.342 
20.5 -0.248 0.332 
20.5 -0.247 0.331 
20.5 -0.242 0.329 
20.4 -0.232 0.317 
20.5 -0.236 0.318 
20.4 -0.233 0.316 
20.4 -0.224 0.308 
20.4 -0.226 0.312 
20.4 -0.225 0.314 
20.4 -0.217 0.311 
20.4 -0.218 0.311 
20.3 -0.227 0.296 
20.4 -0.211 0.304 
20.3 -0.207 0.3 
20.3 -0.206 0.297 
20.3 -0.205 0.296 
20.3 -0.205 0.293 
20.3 -0.205 0.288 
20.3 -0.204 0.285 
20.3 -0.203 0.282 
20.3 -0.204 0.281 
20.3 -0.206 0.279 
20.3 -0.204 0.277 
20.3 -0.207 0.271 
20.3 -0.206 0.269 
20.3 -0.207 0.263 
20.4 -0.204 0.251 
20.4 -0.199 0.242 
20.3 -0.192 0.231 
20.4 -0.187 0.221 
20.5 -0.177 0.195 
20.3 -0.181 0.213 
20.3 -0.178 0.206 
20.3 -0.18 0.204 
20.4 -0.177 0.199 
20.4 -0.181 0.201 
20.4 -0.183 0.206 
20.4 -0.182 0.204 
20.4 -0.184 0.205 
20.4 -0.184 0.206 
20.4 -0.187 0.209 
20.4 -0.19 0.214 
20.4 -0.189 0.214 
20.5 -0.191 0.216 
20.5 -0.189 0.217 
20.5 -0.191 0.223 
20.5 -0.19 0.226 
20.5 -0.188 0.225 
20.5 -0.187 0.223 
20.5 -0.184 0.221 
20.5 -0.18 0.221 
20.5 -0.178 0.217 
20.5 -0.178 0.215 
20.5 -0.179 0.217 
20.5 -0.181 0.216 
20.5 -0.181 0.216 
20.5 -0.182 0.215 
20.5 -0.181 0.212 
20.5 -0.182 0.214 
20.5 -0.183 0.214 
20.5 -0.184 0.216 
20.5 -0.183 0.213 
20.5 -0.184 0.212 
20.5 -0.186 0.216 
20.5 -0.187 0.218 
20.5 -0.186 0.218 
20.5 -0.186 0.218 
20.5 -0.186 0.218 
20.6 -0.186 0.22 
20.6 -0.185 0.218 
20.6 -0.184 0.221 
20.6 -0.184 0.22 
20.6 -0.183 0.218 
20.6 -0.183 0.217 
20.6 -0.18 0.217 
20.6 -0.18 0.217 
20.6 -0.179 0.216 
20.6 -0.179 0.217 
20.6 -0.179 0.216 
20.6 -0.178 0.216 
20.6 -0.178 0.215 
20.6 -0.178 0.215 
20.6 -0.177 0.214 
20.6 -0.178 0.213 
20.6 -0.178 0.211 
20.6 -0.177 0.211 
20.6 -0.177 0.21 
20.6 -0.177 0.209 
20.6 -0.177 0.209 
20.6 -0.177 0.209 
20.6 -0.178 0.209 
20.6 -0.178 0.208 
20.6 -0.178 0.207 
20.6 -0.178 0.207 
20.6 -0.18 0.206 
20.6 -0.18 0.206 
20.6 -0.18 0.205 
20.6 -0.181 0.205 
20.6 -0.183 0.207 
20.6 -0.184 0.207 
20.6 -0.185 0.207 
20.6 -0.186 0.207 
20.6 -0.187 0.207 
20.6 -0.187 0.208 
20.6 -0.189 0.211 
20.6 -0.189 0.211 
20.6 -0.19 0.212 
20.6 -0.19 0.213 
20.6 -0.191 0.214 
20.6 -0.193 0.215 
20.6 -0.194 0.216 
20.6 -0.195 0.217 
20.6 -0.196 0.218 
20.6 -0.197 0.22 
20.6 -0.198 0.22 
20.6 -0.198 0.221 
20.6 -0.199 0.222 
20.6 -0.2 0.222 
20.6 -0.2 0.223 
20.6 -0.201 0.225 
20.6 -0.202 0.226 
20.6 -0.202 0.227 
20.6 -0.202 0.227 
20.6 -0.202 0.23 
20.6 -0.203 0.23 
20.7 -0.203 0.231 
20.7 -0.203 0.232 
20.7 -0.203 0.233 
20.7 -0.203 0.234 
20.7 -0.203 0.235 
20.7 -0.204 0.234 
20.7 -0.204 0.234 
20.7 -0.202 0.233 
20.7 -0.202 0.233 
20.7 -0.202 0.232 
20.7 -0.203 0.23 
20.7 -0.204 0.228 
20.7 -0.206 0.227 
20.7 -0.208 0.226 
20.7 -0.208 0.225 
20.7 -0.208 0.225 
20.7 -0.208 0.225 
20.7 -0.208 0.225 
20.7 -0.207 0.225 
20.7 -0.206 0.226 
20.7 -0.206 0.226 
20.7 -0.205 0.227 
20.7 -0.207 0.228 
20.7 -0.208 0.228 
20.8 -0.21 0.228 
20.8 -0.211 0.226 
20.8 -0.213 0.224 
20.8 -0.215 0.224 
20.8 -0.216 0.225 
20.8 -0.217 0.225 
20.8 -0.218 0.225 
20.8 -0.219 0.225 
20.8 -0.221 0.226 
20.8 -0.222 0.226 
20.8 -0.225 0.226 
20.8 -0.227 0.225 
20.9 -0.23 0.226 
20.9 -0.233 0.226 
20.9 -0.235 0.226 
20.9 -0.237 0.227 
20.9 -0.238 0.228 
20.9 -0.237 0.229 
20.9 -0.238 0.23 
20.9 -0.237 0.232 
20.9 -0.236 0.231 
20.9 -0.233 0.233 
20.9 -0.232 0.232 
20.9 -0.229 0.233 
20.9 -0.229 0.232 
20.9 -0.226 0.233 
20.9 -0.225 0.231 
20.9 -0.223 0.23 
20.9 -0.22 0.23 
20.9 -0.22 0.229 
20.9 -0.22 0.228 
20.9 -0.217 0.227 
20.9 -0.217 0.227 
20.9 -0.214 0.227 
20.9 -0.214 0.226 
20.9 -0.212 0.227 
20.9 -0.214 0.227 
20.9 -0.214 0.228 
21 -0.216 0.229 
21 -0.217 0.23 
21 -0.22 0.23 
21 -0.223 0.232 
21 -0.225 0.233 
21 -0.228 0.236 
21 -0.233 0.238 
21 -0.235 0.238 
21 -0.236 0.239 
21 -0.237 0.238 
21 -0.238 0.238 
21 -0.238 0.239 
21 -0.24 0.239 
21 -0.242 0.24 
21 -0.243 0.24 
21 -0.245 0.24 
21.1 -0.246 0.24 
21.1 -0.248 0.241 
21.1 -0.249 0.241 
21.1 -0.249 0.241 
21.1 -0.248 0.24 
21.1 -0.249 0.239 
21.1 -0.248 0.237 
21.1 -0.246 0.236 
21.1 -0.243 0.233 
21.1 -0.241 0.231 
21.1 -0.237 0.23 
21.1 -0.236 0.229 
21.1 -0.236 0.229 
21.1 -0.233 0.229 
21.1 -0.234 0.229 
21.1 -0.233 0.23 
21.1 -0.233 0.229 
21.1 -0.233 0.228 
21.1 -0.234 0.228 
21.1 -0.234 0.226 
21.2 -0.234 0.223 
21.2 -0.234 0.222 
21.2 -0.234 0.219 
21.2 -0.234 0.219 
21.2 -0.236 0.217 
21.2 -0.235 0.218 
21.2 -0.235 0.215 
21.2 -0.234 0.214 
21.2 -0.234 0.211 
21.2 -0.235 0.21 
21.2 -0.234 0.206 
21.2 -0.234 0.206 
21.2 -0.236 0.203 
21.2 -0.236 0.203 
21.2 -0.237 0.2 
21.2 -0.238 0.201 
21.3 -0.239 0.198 
21.3 -0.239 0.198 
21.3 -0.243 0.197 
21.3 -0.244 0.198 
21.3 -0.246 0.198 
21.3 -0.246 0.197 
21.3 -0.249 0.196 
21.3 -0.249 0.196 
21.3 -0.251 0.195 
21.3 -0.25 0.195 
21.3 -0.25 0.194 
21.3 -0.25 0.192 
21.3 -0.249 0.191 
21.3 -0.249 0.19 
21.3 -0.249 0.19 
21.3 -0.25 0.188 
21.3 -0.249 0.188 
21.3 -0.25 0.186 
21.3 -0.249 0.185 
21.3 -0.248 0.182 
21.3 -0.248 0.181 
21.3 -0.247 0.179 
21.3 -0.247 0.179 
21.3 -0.246 0.179 
21.3 -0.245 0.179 
21.3 -0.243 0.178 
21.3 -0.243 0.179 
21.3 -0.24 0.179 
21.3 -0.242 0.179 
21.3 -0.239 0.18 
21.3 -0.238 0.18 
21.3 -0.237 0.18 
21.3 -0.235 0.179 
21.3 -0.236 0.18 
21.3 -0.234 0.179 
21.3 -0.233 0.179 
21.3 -0.23 0.178 
21.3 -0.23 0.178 
21.3 -0.227 0.176 
21.3 -0.227 0.177 
21.3 -0.224 0.175 
21.3 -0.224 0.175 
21.4 -0.22 0.173 
21.4 -0.221 0.174 
21.4 -0.221 0.174 
21.4 -0.219 0.171 
21.4 -0.22 0.171 
21.4 -0.218 0.171 
21.4 -0.216 0.169 
21.4 -0.216 0.169 
21.4 -0.216 0.168 
21.4 -0.216 0.166 
21.4 -0.216 0.166 
21.4 -0.215 0.166 
21.4 -0.216 0.164 
21.4 -0.216 0.164 
21.4 -0.215 0.164 
21.4 -0.214 0.162 
21.4 -0.214 0.162 
21.4 -0.215 0.162 
21.4 -0.215 0.16 
21.4 -0.214 0.16 
21.4 -0.213 0.158 
21.4 -0.213 0.157 
21.4 -0.211 0.155 
21.4 -0.212 0.156 
21.4 -0.211 0.155 
21.4 -0.211 0.155 
21.4 -0.21 0.154 
21.4 -0.216 0.151 
21.4 -0.22 0.149 
21.4 -0.221 0.148 
21.4 -0.221 0.147 
21.4 -0.221 0.147 
21.4 -0.221 0.146 
21.4 -0.22 0.146 
21.5 -0.22 0.146 
21.5 -0.221 0.144 
21.5 -0.229 0.14 
21.4 -0.233 0.138 
21.4 -0.236 0.137 
21.4 -0.236 0.137 
21.4 -0.236 0.137 
21.4 -0.236 0.136 
21.4 -0.236 0.136 
21.5 -0.236 0.136 
21.5 -0.236 0.136 
21.5 -0.236 0.135 
21.5 -0.235 0.134 
21.5 -0.235 0.133 
21.5 -0.235 0.134 
21.5 -0.236 0.132 
21.5 -0.236 0.132 
21.5 -0.237 0.132 
21.5 -0.237 0.131 
21.5 -0.237 0.131 
21.5 -0.238 0.131 
21.5 -0.238 0.13 
21.5 -0.238 0.13 
21.5 -0.239 0.129 
21.5 -0.239 0.129 
21.5 -0.239 0.129 
21.5 -0.24 0.128 
21.5 -0.241 0.127 
21.5 -0.242 0.127 
21.5 -0.242 0.127 
21.5 -0.243 0.127 
21.5 -0.243 0.127 
21.5 -0.244 0.127 
21.5 -0.243 0.127 
21.5 -0.244 0.127 
21.5 -0.244 0.128 
21.5 -0.244 0.127 
21.5 -0.244 0.129 
21.5 -0.245 0.129 
21.5 -0.245 0.129 
21.6 -0.244 0.129 
21.6 -0.244 0.129 
21.6 -0.244 0.128 
21.6 -0.244 0.13 
21.6 -0.244 0.13 
21.6 -0.244 0.13 
21.6 -0.243 0.132 
21.6 -0.243 0.131 
21.6 -0.243 0.131 
21.6 -0.243 0.131 
21.6 -0.243 0.133 
21.6 -0.243 0.133 
21.6 -0.243 0.133 
21.6 -0.243 0.133 
21.6 -0.243 0.133 
21.6 -0.243 0.134 
21.6 -0.243 0.133 
21.6 -0.243 0.133 
21.6 -0.243 0.134 
21.6 -0.243 0.133 
21.6 -0.243 0.133 
21.6 -0.243 0.132 
21.6 -0.244 0.133 
21.6 -0.244 0.133 
21.6 -0.244 0.133 
21.6 -0.244 0.133 
21.6 -0.244 0.135 
21.6 -0.244 0.135 
21.6 -0.244 0.135 
21.6 -0.244 0.135 
21.6 -0.244 0.135 
21.6 -0.244 0.134 
21.6 -0.244 0.134 
21.6 -0.243 0.136 
21.6 -0.244 0.136 
21.6 -0.244 0.136 
21.6 -0.244 0.136 
21.6 -0.244 0.136 
21.6 -0.243 0.137 
21.6 -0.244 0.137 
21.6 -0.243 0.137 
21.6 -0.243 0.137 
21.6 -0.243 0.138 
21.6 -0.243 0.138 
21.6 -0.243 0.138 
21.6 -0.243 0.14 
21.6 -0.243 0.139 
21.6 -0.243 0.139 
21.6 -0.243 0.138 
21.6 -0.243 0.138 
21.6 -0.243 0.138 
21.6 -0.244 0.138 
21.6 -0.244 0.138 
21.6 -0.244 0.138 
21.6 -0.244 0.138 
21.6 -0.244 0.138 
21.6 -0.243 0.14 
21.7 -0.243 0.139 
21.7 -0.243 0.139 
21.7 -0.244 0.141 
21.7 -0.243 0.14 
21.7 -0.242 0.14 
21.7 -0.242 0.14 
21.7 -0.242 0.14 
21.7 -0.242 0.139 
21.7 -0.242 0.139 
21.7 -0.242 0.139 
21.7 -0.243 0.142 
21.7 -0.243 0.142 
21.7 -0.243 0.142 
21.7 -0.243 0.142 
21.7 -0.243 0.141 
21.7 -0.242 0.14 
21.7 -0.243 0.139 
21.7 -0.243 0.14 
21.7 -0.243 0.14 
21.7 -0.242 0.139 
21.7 -0.242 0.139 
21.7 -0.243 0.139 
21.7 -0.242 0.14 
21.7 -0.242 0.14 
21.7 -0.242 0.14 
21.7 -0.242 0.14 
21.7 -0.242 0.14 
21.7 -0.242 0.141 
21.7 -0.242 0.14 
21.7 -0.242 0.141 
21.7 -0.243 0.141 
21.7 -0.243 0.141 
21.7 -0.243 0.141 
21.7 -0.243 0.141 
21.7 -0.242 0.14 
21.7 -0.242 0.14 
21.7 -0.242 0.14 
21.8 -0.243 0.139 
21.8 -0.243 0.139 
21.8 -0.243 0.14 
21.8 -0.243 0.139 
21.8 -0.243 0.139 
21.8 -0.243 0.139 
21.7 -0.243 0.14 
21.7 -0.243 0.14 
21.8 -0.243 0.14 
21.7 -0.243 0.14 
21.8 -0.243 0.141 
21.8 -0.243 0.14 
21.8 -0.243 0.14 
21.8 -0.243 0.14 
21.8 -0.243 0.14 
21.8 -0.243 0.14 
21.8 -0.243 0.14 
21.8 -0.243 0.14 
21.8 -0.243 0.14 
21.8 -0.242 0.14 
21.8 -0.242 0.14 
21.8 -0.242 0.14 
21.8 -0.242 0.14 
21.8 -0.242 0.14 
21.8 -0.242 0.141 
21.8 -0.242 0.141 
21.8 -0.243 0.142 
21.8 -0.242 0.142 
21.8 -0.242 0.142 
21.8 -0.242 0.141 
21.8 -0.242 0.143 
21.8 -0.242 0.143 
21.8 -0.242 0.143 
21.8 -0.242 0.143 
21.8 -0.242 0.143 
21.8 -0.242 0.143 
21.8 -0.242 0.144 
21.8 -0.242 0.143 
21.8 -0.242 0.143 
21.8 -0.242 0.143 
21.8 -0.242 0.142 
21.8 -0.242 0.142 
21.7 -0.242 0.142 
21.7 -0.242 0.142 
21.7 -0.242 0.141 
21.7 -0.242 0.141 
21.7 -0.242 0.14 
21.7 -0.242 0.141 
21.7 -0.242 0.141 
21.7 -0.242 0.14 
21.7 -0.242 0.14 
21.7 -0.242 0.14 
21.7 -0.242 0.14 
21.7 -0.242 0.139 
21.7 -0.242 0.139 
21.7 -0.242 0.138 
21.7 -0.243 0.139 
21.7 -0.243 0.138 
21.7 -0.243 0.137 
21.7 -0.243 0.138 
21.7 -0.243 0.138 
21.7 -0.243 0.138 
21.7 -0.242 0.137 
21.7 -0.242 0.137 
21.8 -0.243 0.137 
21.8 -0.243 0.137 
21.8 -0.243 0.137 
21.8 -0.243 0.137 
21.8 -0.243 0.136 
21.8 -0.243 0.136 
21.8 -0.243 0.136 
21.8 -0.243 0.136 
21.8 -0.243 0.136 
21.8 -0.242 0.136 
21.8 -0.242 0.136 
21.8 -0.242 0.136 
21.8 -0.242 0.136 
21.8 -0.242 0.136 
21.8 -0.242 0.137 
21.8 -0.242 0.137 
21.8 -0.242 0.137 
21.8 -0.242 0.135 
21.8 -0.242 0.135 
21.9 -0.242 0.134 
21.9 -0.242 0.134 
21.9 -0.242 0.135 
21.9 -0.241 0.134 
21.9 -0.241 0.134 
21.9 -0.241 0.134 
21.9 -0.242 0.134 
21.9 -0.242 0.134 
21.9 -0.242 0.134 
21.9 -0.242 0.134 
21.9 -0.242 0.134 
21.9 -0.242 0.134 
21.9 -0.242 0.134 
21.9 -0.242 0.133 
21.9 -0.242 0.133 
21.9 -0.242 0.133 
21.9 -0.242 0.133 
21.9 -0.242 0.133 
21.9 -0.242 0.132 
21.9 -0.242 0.132 
21.9 -0.242 0.132 
21.9 -0.242 0.132 
21.9 -0.242 0.132 
21.9 -0.242 0.132 
21.9 -0.241 0.132 
21.9 -0.241 0.132 
21.9 -0.241 0.132 
21.9 -0.243 0.132 
21.9 -0.241 0.132 
21.9 -0.24 0.132 
21.9 -0.24 0.132 
22 -0.239 0.132 
22 -0.239 0.131 
22 -0.239 0.131 
22 -0.239 0.131 
22 -0.239 0.131 
22 -0.238 0.131 
22 -0.238 0.132 
22 -0.238 0.132 
22 -0.238 0.132 
22 -0.238 0.132 
22 -0.238 0.131 
22 -0.238 0.131 
22 -0.238 0.13 
22 -0.238 0.13 
22 -0.238 0.13 
22 -0.238 0.13 
22 -0.238 0.13 
22 -0.238 0.13 
22 -0.238 0.13 
22 -0.236 0.128 
22 -0.237 0.128 
22 -0.236 0.127 
22 -0.236 0.128 
22 -0.236 0.128 
22 -0.235 0.127 
22 -0.235 0.127 
22 -0.236 0.127 
22 -0.235 0.127 
22 -0.235 0.127 
22 -0.235 0.127 
22 -0.234 0.127 
22 -0.234 0.127 
22 -0.233 0.129 
22 -0.233 0.129 
22 -0.233 0.129 
22 -0.233 0.129 
22 -0.233 0.128 
22 -0.233 0.129 
22 -0.233 0.128 
22 -0.234 0.129 
22 -0.234 0.128 
22 -0.234 0.128 
22 -0.234 0.128 
22 -0.234 0.128 
22 -0.234 0.127 
22 -0.235 0.127 
22 -0.235 0.127 
22 -0.235 0.127 
22 -0.235 0.126 
22 -0.235 0.126 
22 -0.236 0.126 
22 -0.236 0.126 
22 -0.236 0.126 
22 -0.236 0.126 
22 -0.236 0.126 
22 -0.236 0.126 
22 -0.236 0.125 
22 -0.236 0.125 
22 -0.236 0.125 
22 -0.236 0.125 
22 -0.236 0.124 
22 -0.236 0.123 
21.9 -0.236 0.123 
21.9 -0.236 0.123 
21.9 -0.236 0.123 
21.9 -0.236 0.123 
21.9 -0.236 0.123 
21.9 -0.236 0.122 
21.9 -0.236 0.122 
21.9 -0.236 0.122 
21.9 -0.236 0.122 
21.9 -0.236 0.122 
21.9 -0.237 0.121 
21.9 -0.236 0.121 
21.9 -0.236 0.12 
21.8 -0.235 0.125 
21.9 -0.235 0.121 
21.9 -0.235 0.121 
21.9 -0.235 0.121 
21.9 -0.235 0.119 
21.9 -0.235 0.119 
21.9 -0.235 0.119 
21.9 -0.235 0.12 
21.9 -0.233 0.119 
21.9 -0.234 0.118 
21.9 -0.234 0.118 
21.9 -0.232 0.119 
21.9 -0.232 0.119 
21.9 -0.233 0.119 
21.9 -0.232 0.119 
21.9 -0.232 0.119 
21.9 -0.232 0.121 
21.9 -0.233 0.121 
21.9 -0.232 0.123 
21.9 -0.232 0.122 
21.9 -0.232 0.124 
21.9 -0.232 0.124 
21.9 -0.232 0.128 
21.9 -0.232 0.127 
21.9 -0.23 0.131 
21.9 -0.23 0.135 
21.9 -0.227 0.139 
21.9 -0.228 0.144 
21.9 -0.23 0.148 
21.9 -0.23 0.148 
21.9 -0.223 0.151 
21.9 -0.228 0.158 
21.9 -0.23 0.162 
21.9 -0.228 0.165 
21.9 -0.226 0.166 
21.9 -0.224 0.166 
21.9 -0.223 0.166 
21.9 -0.222 0.167 
21.9 -0.221 0.167 
21.9 -0.221 0.167 
21.9 -0.219 0.168 
21.9 -0.218 0.17 
21.9 -0.218 0.172 
21.9 -0.217 0.174 
21.9 -0.216 0.176 
21.9 -0.216 0.177 
21.9 -0.215 0.178 
21.9 -0.215 0.18 
21.9 -0.212 0.185 
21.9 -0.212 0.181 
21.9 -0.21 0.182 
21.9 -0.209 0.182 
21.9 -0.212 0.182 
21.9 -0.206 0.182 
21.9 -0.206 0.183 
21.9 -0.205 0.182 
21.9 -0.204 0.182 
21.9 -0.203 0.181 
21.9 -0.201 0.177 
21.9 -0.198 0.171 
21.9 -0.206 0.173 
21.9 -0.198 0.172 
21.9 -0.197 0.17 
21.9 -0.197 0.169 
21.9 -0.196 0.167 
21.9 -0.195 0.165 
21.9 -0.195 0.164 
21.9 -0.195 0.165 
21.9 -0.195 0.165 
21.9 -0.194 0.164 
21.9 -0.193 0.163 
21.9 -0.193 0.163 
21.9 -0.192 0.163 
21.9 -0.192 0.163 
21.9 -0.192 0.163 
21.9 -0.191 0.163 
21.9 -0.186 0.183 
21.9 -0.191 0.163 
21.8 -0.184 0.218 
21.9 -0.189 0.163 
21.8 -0.191 0.146 
21.9 -0.191 0.163 
21.8 -0.19 0.166 
21.8 -0.19 0.164 
21.9 -0.189 0.163 
21.9 -0.189 0.164 
21.9 -0.189 0.165 
21.9 -0.189 0.165 
21.8 -0.188 0.166 
21.9 -0.188 0.166 
21.8 -0.188 0.166 
21.8 -0.187 0.166 
21.8 -0.187 0.167 
21.8 -0.186 0.166 
21.8 -0.185 0.167 
21.8 -0.185 0.166 
21.8 -0.184 0.167 
21.8 -0.186 0.166 
21.8 -0.195 0.108 
21.8 -0.184 0.166 
21.8 -0.182 0.165 
21.8 -0.182 0.165 
21.8 -0.181 0.164 
21.8 -0.18 0.163 
21.8 -0.18 0.163 
21.8 -0.179 0.163 
21.8 -0.179 0.163 
21.9 -0.178 0.163 
21.9 -0.178 0.163 
21.9 -0.178 0.163 
21.9 -0.178 0.163 
21.9 -0.178 0.162 
21.9 -0.178 0.162 
21.9 -0.178 0.161 
21.9 -0.178 0.162 
21.9 -0.178 0.162 
21.9 -0.178 0.162 
21.9 -0.178 0.163 
21.9 -0.178 0.164 
21.9 -0.178 0.166 
21.9 -0.177 0.167 
21.9 -0.177 0.167 
21.9 -0.176 0.168 
21.9 -0.175 0.17 
21.9 -0.175 0.172 
21.8 -0.173 0.174 
21.8 -0.172 0.176 
21.8 -0.17 0.179 
21.8 -0.169 0.181 
21.8 -0.167 0.182 
21.8 -0.166 0.183 
21.8 -0.164 0.184 
21.8 -0.163 0.184 
21.8 -0.162 0.184 
21.8 -0.162 0.184 
21.8 -0.161 0.185 
21.8 -0.161 0.186 
21.8 -0.16 0.186 
21.8 -0.159 0.186 
21.8 -0.159 0.187 
21.8 -0.158 0.187 
21.7 -0.157 0.187 
21.7 -0.157 0.187 
21.7 -0.155 0.187 
21.7 -0.154 0.186 
21.7 -0.153 0.186 
21.7 -0.152 0.185 
21.7 -0.151 0.184 
21.7 -0.149 0.182 
21.7 -0.149 0.182 
21.7 -0.147 0.18 
21.7 -0.147 0.179 
21.6 -0.146 0.178 
21.6 -0.144 0.177 
21.6 -0.144 0.177 
21.6 -0.144 0.177 
21.6 -0.143 0.177 
21.6 -0.141 0.177 
21.6 -0.142 0.178 
21.7 -0.142 0.179 
21.7 -0.141 0.18 
21.7 -0.142 0.181 
21.7 -0.141 0.182 
21.7 -0.142 0.183 
21.7 -0.141 0.185 
21.7 -0.142 0.185 
21.7 -0.141 0.188 
21.7 -0.141 0.188 
21.7 -0.141 0.19 
21.7 -0.141 0.19 
21.7 -0.141 0.192 
21.7 -0.141 0.193 
21.7 -0.141 0.195 
21.7 -0.141 0.194 
21.7 -0.141 0.195 
21.7 -0.141 0.195 
21.7 -0.14 0.194 
21.7 -0.14 0.194 
21.7 -0.139 0.193 
21.7 -0.139 0.193 
21.7 -0.139 0.192 
21.7 -0.137 0.192 
21.7 -0.137 0.191 
21.7 -0.137 0.191 
21.7 -0.135 0.19 
21.7 -0.135 0.19 
21.7 -0.132 0.188 
21.7 -0.133 0.188 
21.7 -0.131 0.187 
21.7 -0.131 0.187 
21.7 -0.131 0.187 
21.7 -0.129 0.187 
21.7 -0.129 0.187 
21.7 -0.13 0.187 
21.7 -0.128 0.187 
21.7 -0.129 0.187 
21.7 -0.129 0.188 
21.7 -0.127 0.188 
21.7 -0.128 0.189 
21.7 -0.128 0.189 
21.7 -0.132 0.188 
21.7 -0.132 0.188 
21.7 -0.128 0.19 
21.7 -0.129 0.191 
21.7 -0.127 0.192 
21.7 -0.124 0.192 
21.7 -0.124 0.193 
21.7 -0.123 0.194 
21.7 -0.123 0.194 
21.7 -0.122 0.195 
21.7 -0.122 0.195 
21.7 -0.121 0.195 
21.7 -0.121 0.195 
21.7 -0.121 0.196 
21.7 -0.121 0.196 
21.8 -0.122 0.197 
21.8 -0.122 0.197 
21.8 -0.122 0.197 
21.8 -0.122 0.197 
21.8 -0.122 0.196 
21.8 -0.122 0.196 
21.8 -0.121 0.196 
21.8 -0.121 0.195 
21.8 -0.12 0.194 
21.8 -0.12 0.193 
21.8 -0.12 0.191 
21.8 -0.119 0.191 
21.8 -0.118 0.19 
21.8 -0.118 0.19 
21.8 -0.117 0.189 
21.8 -0.117 0.189 
21.8 -0.117 0.189 
21.8 -0.116 0.188 
21.8 -0.115 0.188 
21.8 -0.115 0.188 
21.8 -0.115 0.188 
21.8 -0.115 0.187 
21.8 -0.115 0.187 
21.8 -0.115 0.188 
21.8 -0.115 0.187 
21.8 -0.115 0.187 
21.8 -0.115 0.187 
21.8 -0.115 0.187 
21.8 -0.115 0.187 
21.8 -0.115 0.186 
21.8 -0.115 0.186 
21.8 -0.114 0.185 
21.8 -0.114 0.184 
21.8 -0.113 0.184 
21.8 -0.112 0.184 
21.8 -0.112 0.183 
21.8 -0.112 0.183 
21.8 -0.11 0.183 
21.8 -0.109 0.183 
21.8 -0.108 0.182 
21.8 -0.107 0.182 
21.8 -0.106 0.181 
21.8 -0.106 0.181 
21.8 -0.106 0.181 
21.8 -0.104 0.18 
21.8 -0.104 0.179 
21.8 -0.103 0.178 
21.8 -0.103 0.178 
21.8 -0.102 0.178 
21.8 -0.102 0.177 
21.8 -0.1 0.176 
21.8 -0.1 0.176 
21.8 -0.1 0.176 
21.8 -0.0993 0.175 
21.8 -0.0989 0.175 
21.8 -0.0987 0.176 
21.8 -0.0986 0.176 
21.8 -0.0982 0.176 
21.8 -0.0981 0.176 
21.8 -0.0979 0.176 
21.8 -0.0978 0.176 
21.8 -0.0975 0.177 
21.8 -0.0973 0.177 
21.8 -0.0972 0.177 
21.8 -0.0972 0.177 
21.8 -0.0971 0.176 
21.8 -0.0971 0.176 
21.8 -0.097 0.176 
21.8 -0.097 0.176 
21.8 -0.0972 0.175 
21.8 -0.0973 0.175 
21.8 -0.0972 0.175 
21.8 -0.0971 0.175 
21.8 -0.0969 0.174 
21.8 -0.0967 0.174 
21.8 -0.0966 0.174 
21.8 -0.0965 0.173 
21.8 -0.0967 0.172 
21.8 -0.0967 0.172 
21.8 -0.0969 0.172 
21.8 -0.0966 0.172 
21.8 -0.0966 0.172 
21.8 -0.0965 0.172 
21.8 -0.0965 0.172 
21.8 -0.0963 0.171 
21.7 -0.0963 0.171 
21.7 -0.0965 0.171 
21.7 -0.0967 0.171 
21.7 -0.0969 0.17 
21.7 -0.0969 0.17 
21.7 -0.0968 0.17 
21.7 -0.0975 0.17 
21.7 -0.0973 0.17 
21.7 -0.0976 0.17 
21.7 -0.0975 0.17 
21.7 -0.0974 0.17 
21.7 -0.0984 0.171 
21.7 -0.0985 0.171 
21.7 -0.0986 0.171 
21.7 -0.0985 0.171 
21.7 -0.0984 0.172 
21.8 -0.0972 0.171 
21.8 -0.0972 0.171 
21.8 -0.0972 0.171 
21.8 -0.0973 0.171 
21.8 -0.0978 0.171 
21.8 -0.0976 0.171 
21.8 -0.0978 0.171 
21.8 -0.0979 0.171 
21.8 -0.0981 0.171 
21.8 -0.0974 0.171 
21.8 -0.0975 0.171 
21.7 -0.0977 0.171 
21.7 -0.0981 0.171 
21.7 -0.0981 0.171 
21.7 -0.0982 0.171 
21.7 -0.0987 0.171 
21.7 -0.0984 0.171 
21.7 -0.0984 0.171 
21.7 -0.0984 0.17 
21.7 -0.0984 0.17 
21.7 -0.0983 0.17 
21.7 -0.0983 0.17 
21.7 -0.0983 0.17 
21.7 -0.0982 0.17 
21.7 -0.0982 0.17 
21.7 -0.0982 0.171 
21.7 -0.0983 0.171 
21.7 -0.0983 0.171 
21.7 -0.0982 0.171 
21.7 -0.0983 0.171 
21.7 -0.0984 0.171 
21.7 -0.0984 0.171 
21.7 -0.0983 0.171 
21.7 -0.0983 0.171 
21.7 -0.0983 0.171 
21.7 -0.0978 0.171 
21.7 -0.0973 0.171 
21.7 -0.0972 0.171 
21.7 -0.0972 0.171 
21.7 -0.0971 0.172 
21.7 -0.0971 0.171 
21.7 -0.0968 0.171 
21.7 -0.0967 0.171 
21.7 -0.0966 0.171 
21.7 -0.0966 0.171 
21.7 -0.0943 0.17 
21.7 -0.0926 0.17 
21.7 -0.0925 0.169 
21.7 -0.0911 0.169 
21.7 -0.0911 0.169 
21.7 -0.0898 0.168 
21.7 -0.09 0.168 
21.7 -0.0893 0.167 
21.7 -0.0891 0.167 
21.7 -0.0883 0.167 
21.7 -0.0877 0.166 
21.6 -0.0893 0.163 
21.7 -0.0868 0.165 
21.7 -0.0865 0.165 
21.7 -0.087 0.165 
21.7 -0.0863 0.165 
21.7 -0.086 0.165 
21.7 -0.086 0.165 
21.7 -0.0857 0.165 
21.7 -0.0856 0.165 
21.7 -0.0855 0.165 
21.7 -0.0854 0.165 
21.7 -0.0853 0.165 
21.7 -0.0854 0.165 
21.7 -0.0852 0.165 
21.7 -0.0852 0.165 
21.7 -0.0846 0.165 
21.7 -0.0844 0.165 
21.7 -0.0848 0.165 
21.7 -0.0847 0.165 
21.7 -0.0846 0.165 
21.7 -0.0843 0.165 
21.6 -0.084 0.166 
21.6 -0.0836 0.165 
21.6 -0.0834 0.165 
21.6 -0.0826 0.165 
21.6 -0.082 0.165 
21.6 -0.0817 0.165 
21.6 -0.0814 0.166 
21.6 -0.0813 0.166 
21.6 -0.081 0.166 
21.6 -0.0809 0.166 
21.6 -0.0809 0.166 
21.6 -0.0807 0.167 
21.6 -0.0807 0.167 
21.6 -0.0808 0.167 
21.6 -0.081 0.167 
21.5 -0.0815 0.168 
21.5 -0.0819 0.168 
21.5 -0.0822 0.168 
21.5 -0.0826 0.169 
21.5 -0.083 0.17 
21.5 -0.0828 0.17 
21.4 -0.0828 0.171 
21.4 -0.0827 0.171 
21.4 -0.0826 0.171 
21.4 -0.0825 0.171 
21.4 -0.0828 0.172 
21.4 -0.0829 0.172 
21.4 -0.083 0.172 
21.4 -0.0829 0.171 
21.4 -0.083 0.172 
21.4 -0.0828 0.172 
21.4 -0.0826 0.171 
21.4 -0.083 0.171 
21.4 -0.0832 0.171 
21.4 -0.0834 0.171 
21.4 -0.0833 0.171 
21.4 -0.0835 0.171 
21.4 -0.0835 0.171 
21.4 -0.0838 0.171 
21.4 -0.0837 0.171 
21.4 -0.0836 0.172 
21.4 -0.0835 0.172 
21.4 -0.0839 0.172 
21.4 -0.0839 0.173 
21.4 -0.084 0.173 
21.4 -0.0842 0.173 
21.4 -0.0843 0.173 
21.4 -0.0844 0.174 
21.4 -0.085 0.174 
21.4 -0.0852 0.174 
21.4 -0.0853 0.174 
21.4 -0.0862 0.175 
21.4 -0.0863 0.175 
21.4 -0.0863 0.175 
21.4 -0.0872 0.176 
21.4 -0.0872 0.176 
21.4 -0.0878 0.177 
21.4 -0.0878 0.177 
21.3 -0.0886 0.178 
21.3 -0.0885 0.178 
21.3 -0.0891 0.179 
21.3 -0.0891 0.179 
21.3 -0.0895 0.18 
21.3 -0.0899 0.18 
21.3 -0.09 0.18 
21.3 -0.09 0.18 
21.3 -0.0905 0.18 
21.3 -0.0905 0.18 
21.3 -0.0905 0.179 
21.3 -0.0901 0.179 
21.2 -0.0901 0.179 
21.2 -0.0902 0.178 
21.2 -0.0905 0.178 
21.2 -0.0901 0.178 
21.2 -0.0899 0.178 
21.2 -0.0897 0.178 
21.2 -0.0896 0.178 
21.2 -0.0893 0.178 
21.2 -0.089 0.178 
21.2 -0.089 0.178 
21.2 -0.0888 0.178 
21.2 -0.0885 0.178 
21.2 -0.0879 0.178 
21.2 -0.0879 0.178 
21.2 -0.0876 0.178 
21.2 -0.0871 0.178 
21.2 -0.0871 0.178 
21.2 -0.0868 0.178 
21.2 -0.0865 0.178 
21.2 -0.0859 0.178 
21.2 -0.0859 0.178 
21.2 -0.0856 0.178 
21.2 -0.0855 0.178 
21.2 -0.0853 0.178 
21.2 -0.0853 0.178 
21.2 -0.0848 0.178 
21.2 -0.0847 0.178 
21.2 -0.0848 0.178 
21.2 -0.0847 0.178 
21.2 -0.0845 0.178 
21.2 -0.0838 0.178 
21.2 -0.0836 0.178 
21.2 -0.0836 0.178 
21.1 -0.0832 0.178 
21.1 -0.0833 0.178 
21.1 -0.0832 0.178 
21.1 -0.083 0.178 
21.1 -0.0819 0.178 
21.1 -0.0816 0.178 
21.1 -0.0812 0.178 
21.1 -0.0809 0.178 
21.1 -0.0808 0.178 
21.1 -0.0796 0.178 
21.1 -0.0797 0.178 
21.1 -0.0796 0.178 
21.1 -0.0794 0.178 
21.1 -0.079 0.178 
21.1 -0.079 0.178 
21.1 -0.0789 0.178 
21.1 -0.0787 0.178 
21.1 -0.0784 0.178 
21.1 -0.0782 0.178 
21.1 -0.0779 0.178 
21.1 -0.0775 0.178 
21.1 -0.0771 0.179 
21.1 -0.0767 0.179 
21.1 -0.0764 0.179 
21.1 -0.0764 0.179 
21.1 -0.0756 0.179 
21.1 -0.0756 0.179 
21.1 -0.0755 0.179 
21.1 -0.0754 0.18 
21.1 -0.0751 0.18 
21.1 -0.0752 0.18 
21 -0.0751 0.18 
21 -0.0751 0.18 
21 -0.0746 0.181 
21 -0.0744 0.181 
21 -0.0741 0.181 
21 -0.0738 0.181 
21 -0.0734 0.181 
21 -0.073 0.181 
21 -0.0726 0.181 
21 -0.0723 0.181 
21 -0.0714 0.181 
21 -0.0714 0.181 
21 -0.0712 0.181 
21 -0.0708 0.181 
21 -0.0708 0.181 
21 -0.0706 0.181 
21 -0.0701 0.181 
21 -0.07 0.181 
21 -0.0699 0.181 
21 -0.0701 0.181 
21 -0.0702 0.181 
21 -0.07 0.181 
21 -0.0701 0.181 
21 -0.0702 0.181 
21 -0.0704 0.181 
21 -0.0706 0.181 
21 -0.0709 0.181 
21 -0.071 0.181 
21 -0.0713 0.181 
21 -0.0716 0.181 
21 -0.072 0.181 
21 -0.0731 0.181 
21 -0.0732 0.181 
21 -0.0733 0.181 
21 -0.0735 0.181 
21 -0.0737 0.182 
21 -0.0739 0.182 
20.9 -0.0751 0.182 
21 -0.0749 0.182 
21 -0.075 0.182 
21 -0.0765 0.183 
21 -0.0758 0.182 
21 -0.0759 0.182 
21 -0.076 0.182 
21 -0.0766 0.182 
21 -0.0767 0.182 
21 -0.0774 0.182 
21 -0.0774 0.182 
21 -0.0774 0.182 
21 -0.0778 0.182 
21 -0.0777 0.182 
21 -0.0778 0.182 
21 -0.0782 0.182 
21 -0.0781 0.182 
21 -0.0781 0.182 
21 -0.0781 0.182 
21 -0.078 0.182 
21 -0.0779 0.182 
21 -0.0779 0.182 
21 -0.0779 0.182 
21 -0.0779 0.182 
21 -0.0777 0.182 
21 -0.0777 0.182 
21 -0.0776 0.182 
20.9 -0.0775 0.182 
20.9 -0.0774 0.182 
20.9 -0.0773 0.182 
20.9 -0.0772 0.182 
20.9 -0.0771 0.182 
20.9 -0.0771 0.182 
20.9 -0.077 0.182 
20.9 -0.0768 0.182 
20.9 -0.0768 0.183 
20.9 -0.0768 0.183 
20.9 -0.0767 0.183 
20.9 -0.0767 0.183 
20.9 -0.0767 0.183 
20.9 -0.0767 0.183 
20.9 -0.0768 0.183 
20.9 -0.0768 0.183 
20.9 -0.0768 0.183 
20.9 -0.0768 0.183 
20.9 -0.0767 0.183 
20.9 -0.0768 0.183 
20.9 -0.0766 0.183 
20.9 -0.0766 0.183 
20.9 -0.0766 0.183 
20.9 -0.0765 0.183 
20.9 -0.0763 0.183 
20.9 -0.0763 0.183 
20.9 -0.0763 0.183 
20.9 -0.0763 0.183 
20.9 -0.0763 0.183 
20.9 -0.0764 0.183 
20.9 -0.0765 0.183 
20.9 -0.0766 0.183 
20.9 -0.0767 0.183 
20.9 -0.0769 0.183 
20.9 -0.077 0.183 
20.9 -0.077 0.183 
20.9 -0.0771 0.183 
20.9 -0.0771 0.183 
20.9 -0.0772 0.183 
20.9 -0.0773 0.183 
20.9 -0.0773 0.183 
20.9 -0.0775 0.183 
20.9 -0.0775 0.183 
20.9 -0.0775 0.183 
20.9 -0.0775 0.183 
20.9 -0.0776 0.183 
20.9 -0.0776 0.183 
20.9 -0.0776 0.183 
20.9 -0.0776 0.183 
20.9 -0.0777 0.183 
20.9 -0.0777 0.184 
20.9 -0.0778 0.184 
20.9 -0.0779 0.184 
20.9 -0.078 0.184 
20.9 -0.0781 0.184 
20.9 -0.0785 0.184 
20.9 -0.0785 0.184 
20.8 -0.0785 0.184 
20.8 -0.0786 0.184 
20.8 -0.0785 0.184 
20.8 -0.0785 0.184 
20.8 -0.0784 0.184 
20.8 -0.0783 0.184 
20.8 -0.0781 0.184 
20.8 -0.078 0.184 
20.8 -0.078 0.184 
20.8 -0.0775 0.184 
20.8 -0.0775 0.184 
20.8 -0.0774 0.184 
20.8 -0.0771 0.184 
20.8 -0.0771 0.184 
20.8 -0.0771 0.184 
20.8 -0.0769 0.184 
20.8 -0.077 0.184 
20.4 -0.0891 0.18 
20.8 -0.0768 0.184 
20.8 -0.0769 0.184 
20.8 -0.0771 0.184 
20.8 -0.0771 0.184 
20.8 -0.0771 0.184 
20.8 -0.0771 0.185 
20.8 -0.077 0.185 
20.8 -0.077 0.185 
20.8 -0.077 0.185 
20.8 -0.0772 0.185 
20.8 -0.0772 0.185 
20.8 -0.0772 0.185 
20.8 -0.0773 0.185 
20.8 -0.0966 0.201 
20.7 -0.0702 0.198 
20.8 -0.0774 0.185 
20.8 -0.0774 0.185 
20.8 -0.0773 0.185 
20.8 -0.0773 0.185 
20.8 -0.0773 0.185 
20.8 -0.0775 0.185 
20.8 -0.0774 0.185 
20.8 -0.0774 0.185 
20.8 -0.0775 0.185 
20.8 -0.0778 0.185 
20.8 -0.0788 0.185 
20.8 -0.0611 0.189 
20.8 -0.0788 0.185 
20.8 -0.0776 0.185 
20.8 -0.0789 0.185 
20.8 -0.0788 0.186 
20.8 -0.0789 0.186 
20.7 -0.0789 0.186 
20.8 -0.0789 0.186 
20.7 -0.0789 0.186 
20.7 -0.0789 0.186 
20.7 -0.0789 0.186 
20.7 -0.0787 0.186 
20.7 -0.0789 0.186 
20.7 -0.0789 0.186 
20.7 -0.0789 0.186 
20.7 -0.0789 0.186 
