75.1 -0.338 -0.748 
75.1 -0.345 -0.747 
75.1 -0.34 -0.731 
75.1 -0.317 -0.71 
75.1 -0.312 -0.708 
75.1 -0.313 -0.696 
75.1 -0.318 -0.683 
75.1 -0.345 -0.674 
75.2 -0.365 -0.676 
75.2 -0.387 -0.68 
75.2 -0.408 -0.686 
75.2 -0.411 -0.686 
75.2 -0.415 -0.685 
75.2 -0.416 -0.679 
75.2 -0.415 -0.676 
75.2 -0.413 -0.668 
75.3 -0.412 -0.663 
75.3 -0.411 -0.653 
75.3 -0.411 -0.652 
75.3 -0.405 -0.642 
75.3 -0.405 -0.64 
75.3 -0.407 -0.639 
75.3 -0.408 -0.638 
75.3 -0.413 -0.636 
75.3 -0.413 -0.635 
75.3 -0.418 -0.624 
75.3 -0.42 -0.62 
75.3 -0.426 -0.616 
75.3 -0.429 -0.615 
75.4 -0.434 -0.607 
75.4 -0.436 -0.595 
75.4 -0.437 -0.596 
75.4 -0.441 -0.588 
75.4 -0.441 -0.58 
75.4 -0.445 -0.561 
75.4 -0.447 -0.559 
75.5 -0.451 -0.557 
75.4 -0.454 -0.559 
75.5 -0.457 -0.556 
75.5 -0.461 -0.539 
75.5 -0.459 -0.539 
75.5 -0.462 -0.535 
75.5 -0.463 -0.547 
75.5 -0.465 -0.547 
75.5 -0.467 -0.546 
75.5 -0.469 -0.548 
75.4 -0.473 -0.552 
75.4 -0.477 -0.546 
75.4 -0.476 -0.545 
75.4 -0.478 -0.546 
75.4 -0.48 -0.54 
75.4 -0.481 -0.539 
75.4 -0.479 -0.54 
75.5 -0.477 -0.532 
75.4 -0.475 -0.523 
75.4 -0.471 -0.523 
75.4 -0.468 -0.518 
75.5 -0.465 -0.516 
75.5 -0.462 -0.509 
75.5 -0.459 -0.505 
75.5 -0.455 -0.5 
75.5 -0.45 -0.498 
75.5 -0.451 -0.501 
75.4 -0.448 -0.505 
75.4 -0.447 -0.504 
75.4 -0.444 -0.5 
75.4 -0.445 -0.498 
75.4 -0.445 -0.499 
75.4 -0.444 -0.5 
75.4 -0.443 -0.5 
75.4 -0.443 -0.499 
75.4 -0.44 -0.5 
75.4 -0.44 -0.498 
75.4 -0.44 -0.499 
75.4 -0.437 -0.501 
75.4 -0.438 -0.501 
75.4 -0.439 -0.501 
75.4 -0.437 -0.501 
75.4 -0.437 -0.5 
75.4 -0.436 -0.5 
75.4 -0.431 -0.501 
75.4 -0.43 -0.505 
75.4 -0.429 -0.503 
75.4 -0.425 -0.509 
75.4 -0.427 -0.509 
75.4 -0.43 -0.511 
75.4 -0.428 -0.51 
75.4 -0.426 -0.51 
75.4 -0.427 -0.509 
75.4 -0.428 -0.508 
75.4 -0.428 -0.507 
75.4 -0.431 -0.503 
75.4 -0.432 -0.499 
75.5 -0.437 -0.491 
75.5 -0.438 -0.491 
75.5 -0.438 -0.489 
75.5 -0.443 -0.481 
75.5 -0.441 -0.488 
75.5 -0.441 -0.485 
75.5 -0.443 -0.479 
75.5 -0.441 -0.481 
75.5 -0.439 -0.476 
75.5 -0.438 -0.477 
75.5 -0.436 -0.471 
75.5 -0.436 -0.471 
75.5 -0.435 -0.471 
75.5 -0.434 -0.471 
75.5 -0.433 -0.466 
75.5 -0.434 -0.466 
75.5 -0.436 -0.462 
75.5 -0.435 -0.463 
75.5 -0.433 -0.465 
75.5 -0.432 -0.468 
75.5 -0.429 -0.471 
75.5 -0.428 -0.471 
75.5 -0.427 -0.473 
75.5 -0.425 -0.474 
75.5 -0.424 -0.474 
75.5 -0.422 -0.476 
75.5 -0.42 -0.479 
75.5 -0.417 -0.485 
75.5 -0.413 -0.489 
75.5 -0.411 -0.497 
75.5 -0.409 -0.503 
75.5 -0.407 -0.506 
75.5 -0.408 -0.507 
75.5 -0.409 -0.509 
75.5 -0.412 -0.51 
75.5 -0.413 -0.512 
75.5 -0.413 -0.509 
75.5 -0.414 -0.508 
75.5 -0.416 -0.505 
75.5 -0.415 -0.505 
75.5 -0.416 -0.504 
75.5 -0.416 -0.502 
75.5 -0.415 -0.502 
75.5 -0.415 -0.501 
75.5 -0.414 -0.503 
75.5 -0.415 -0.503 
75.5 -0.415 -0.501 
75.6 -0.416 -0.499 
75.6 -0.415 -0.499 
75.6 -0.415 -0.501 
75.6 -0.414 -0.501 
75.6 -0.413 -0.502 
75.6 -0.413 -0.501 
75.6 -0.413 -0.501 
75.6 -0.412 -0.501 
75.6 -0.411 -0.501 
75.6 -0.411 -0.501 
75.6 -0.41 -0.501 
75.6 -0.408 -0.503 
75.6 -0.408 -0.503 
75.6 -0.408 -0.503 
75.6 -0.407 -0.503 
75.6 -0.406 -0.501 
75.6 -0.406 -0.505 
75.6 -0.405 -0.506 
75.6 -0.405 -0.505 
75.6 -0.404 -0.507 
75.6 -0.403 -0.506 
75.6 -0.401 -0.508 
75.6 -0.401 -0.508 
75.6 -0.399 -0.511 
75.6 -0.399 -0.511 
75.6 -0.397 -0.51 
75.6 -0.394 -0.512 
75.6 -0.393 -0.511 
75.6 -0.392 -0.51 
75.6 -0.389 -0.511 
75.6 -0.389 -0.51 
75.6 -0.388 -0.509 
75.6 -0.387 -0.511 
75.6 -0.386 -0.51 
75.6 -0.384 -0.509 
75.6 -0.381 -0.512 
75.6 -0.381 -0.511 
75.6 -0.379 -0.514 
75.6 -0.379 -0.513 
75.6 -0.378 -0.512 
75.6 -0.378 -0.512 
75.7 -0.378 -0.512 
75.7 -0.377 -0.51 
75.7 -0.377 -0.51 
75.7 -0.376 -0.51 
75.7 -0.375 -0.509 
75.7 -0.375 -0.508 
75.7 -0.375 -0.509 
75.7 -0.375 -0.511 
75.7 -0.375 -0.51 
75.7 -0.374 -0.509 
75.7 -0.374 -0.51 
75.7 -0.374 -0.511 
75.7 -0.374 -0.511 
75.7 -0.374 -0.511 
75.7 -0.374 -0.513 
75.7 -0.375 -0.512 
75.7 -0.374 -0.513 
75.7 -0.375 -0.51 
75.7 -0.375 -0.51 
75.7 -0.375 -0.509 
75.8 -0.375 -0.508 
75.8 -0.375 -0.509 
75.8 -0.375 -0.51 
75.8 -0.375 -0.51 
75.8 -0.375 -0.51 
75.8 -0.375 -0.513 
75.8 -0.375 -0.513 
75.8 -0.375 -0.513 
75.8 -0.374 -0.515 
75.8 -0.374 -0.515 
75.8 -0.374 -0.515 
75.8 -0.373 -0.516 
75.8 -0.373 -0.515 
75.8 -0.372 -0.515 
75.8 -0.371 -0.513 
75.8 -0.371 -0.512 
75.8 -0.372 -0.512 
75.8 -0.371 -0.51 
75.8 -0.371 -0.51 
75.8 -0.371 -0.51 
75.8 -0.371 -0.508 
75.8 -0.371 -0.508 
75.8 -0.37 -0.508 
75.8 -0.37 -0.508 
75.8 -0.37 -0.507 
75.8 -0.37 -0.508 
75.8 -0.369 -0.508 
75.8 -0.369 -0.508 
75.8 -0.369 -0.508 
75.8 -0.369 -0.509 
75.8 -0.369 -0.509 
75.8 -0.369 -0.508 
75.8 -0.368 -0.509 
75.8 -0.368 -0.509 
75.8 -0.368 -0.509 
75.8 -0.368 -0.509 
75.8 -0.368 -0.509 
75.8 -0.368 -0.509 
75.8 -0.369 -0.51 
75.8 -0.368 -0.509 
75.8 -0.368 -0.51 
75.8 -0.369 -0.51 
75.8 -0.368 -0.512 
75.8 -0.368 -0.512 
75.8 -0.369 -0.513 
75.8 -0.369 -0.513 
75.8 -0.369 -0.514 
75.8 -0.369 -0.513 
75.8 -0.37 -0.515 
75.8 -0.37 -0.514 
75.8 -0.371 -0.515 
75.8 -0.371 -0.514 
75.8 -0.371 -0.513 
75.8 -0.37 -0.512 
75.9 -0.371 -0.511 
75.8 -0.371 -0.511 
75.9 -0.371 -0.512 
75.9 -0.371 -0.511 
75.9 -0.371 -0.512 
75.9 -0.371 -0.512 
75.9 -0.371 -0.512 
75.9 -0.371 -0.511 
75.9 -0.371 -0.511 
75.9 -0.371 -0.511 
75.9 -0.371 -0.511 
75.9 -0.371 -0.512 
75.9 -0.371 -0.512 
75.9 -0.371 -0.513 
75.9 -0.371 -0.513 
75.9 -0.371 -0.514 
75.9 -0.371 -0.514 
75.9 -0.371 -0.515 
75.9 -0.371 -0.515 
75.9 -0.371 -0.516 
75.9 -0.371 -0.515 
75.9 -0.372 -0.516 
75.9 -0.372 -0.517 
75.9 -0.372 -0.519 
75.9 -0.372 -0.518 
75.9 -0.373 -0.518 
75.9 -0.373 -0.517 
75.9 -0.373 -0.517 
75.9 -0.373 -0.517 
75.9 -0.373 -0.516 
75.9 -0.373 -0.515 
75.9 -0.373 -0.514 
75.9 -0.374 -0.513 
75.9 -0.374 -0.512 
75.9 -0.374 -0.511 
75.9 -0.374 -0.51 
76 -0.374 -0.509 
76 -0.374 -0.508 
76 -0.374 -0.506 
76 -0.375 -0.506 
76 -0.376 -0.506 
76 -0.377 -0.506 
76 -0.378 -0.507 
76 -0.38 -0.508 
76 -0.381 -0.508 
76 -0.382 -0.508 
76 -0.384 -0.507 
76 -0.385 -0.505 
76 -0.386 -0.502 
76 -0.387 -0.499 
76 -0.388 -0.494 
76.1 -0.388 -0.488 
76.1 -0.389 -0.484 
76.1 -0.388 -0.479 
76.1 -0.386 -0.474 
76.1 -0.384 -0.471 
76.1 -0.383 -0.469 
76.1 -0.38 -0.466 
76.1 -0.379 -0.462 
76.1 -0.378 -0.46 
76.1 -0.378 -0.456 
76.2 -0.377 -0.453 
76.2 -0.374 -0.45 
76.2 -0.374 -0.45 
76.2 -0.371 -0.447 
76.2 -0.37 -0.447 
76.2 -0.366 -0.445 
76.2 -0.367 -0.443 
76.2 -0.364 -0.438 
76.2 -0.365 -0.438 
76.2 -0.364 -0.437 
76.2 -0.365 -0.435 
76.2 -0.361 -0.43 
76.2 -0.361 -0.428 
76.2 -0.362 -0.424 
76.3 -0.36 -0.417 
76.3 -0.361 -0.417 
76.3 -0.361 -0.41 
76.3 -0.36 -0.41 
76.3 -0.358 -0.403 
76.3 -0.359 -0.403 
76.4 -0.36 -0.395 
76.4 -0.36 -0.395 
76.4 -0.362 -0.388 
76.4 -0.362 -0.389 
76.4 -0.361 -0.384 
76.4 -0.361 -0.381 
76.5 -0.358 -0.38 
76.5 -0.354 -0.381 
76.5 -0.35 -0.382 
76.5 -0.344 -0.385 
76.5 -0.338 -0.39 
76.5 -0.333 -0.394 
76.5 -0.327 -0.399 
76.4 -0.197 -0.436 
76.5 -0.317 -0.411 
76.4 -0.31 -0.412 
76.5 -0.307 -0.419 
76.5 -0.299 -0.415 
76.5 -0.293 -0.417 
76.5 -0.289 -0.418 
76.5 -0.284 -0.417 
76.5 -0.288 -0.418 
76.5 -0.287 -0.413 
76.5 -0.277 -0.405 
76.5 -0.276 -0.405 
76.4 -0.273 -0.401 
76.5 -0.274 -0.401 
76.4 -0.27 -0.395 
76.4 -0.27 -0.395 
76.5 -0.269 -0.388 
76.5 -0.27 -0.388 
76.5 -0.272 -0.387 
76.4 -0.273 -0.386 
76.5 -0.274 -0.379 
76.5 -0.274 -0.379 
76.5 -0.275 -0.378 
76.5 -0.275 -0.377 
76.5 -0.276 -0.376 
76.5 -0.279 -0.368 
76.5 -0.278 -0.369 
76.5 -0.277 -0.369 
76.5 -0.278 -0.368 
76.5 -0.278 -0.361 
76.5 -0.278 -0.362 
76.5 -0.277 -0.361 
76.4 -0.275 -0.355 
76.4 -0.276 -0.356 
76.4 -0.276 -0.356 
76.4 -0.274 -0.351 
76.4 -0.275 -0.351 
76.4 -0.275 -0.35 
76.4 -0.275 -0.344 
76.4 -0.275 -0.344 
76.4 -0.272 -0.34 
76.4 -0.273 -0.34 
76.4 -0.271 -0.336 
76.4 -0.27 -0.337 
76.4 -0.268 -0.334 
76.4 -0.269 -0.336 
76.4 -0.268 -0.334 
76.4 -0.268 -0.334 
76.4 -0.268 -0.33 
76.4 -0.268 -0.331 
76.4 -0.266 -0.328 
76.4 -0.266 -0.329 
76.4 -0.266 -0.327 
76.4 -0.266 -0.327 
76.4 -0.265 -0.326 
76.4 -0.26 -0.326 
76.4 -0.257 -0.326 
76.4 -0.252 -0.328 
76.5 -0.249 -0.329 
76.5 -0.249 -0.329 
76.5 -0.246 -0.328 
76.5 -0.242 -0.328 
76.5 -0.242 -0.329 
76.5 -0.239 -0.327 
76.5 -0.241 -0.327 
76.5 -0.24 -0.322 
76.5 -0.24 -0.323 
76.5 -0.239 -0.32 
76.5 -0.239 -0.32 
76.5 -0.24 -0.314 
76.6 -0.239 -0.31 
76.6 -0.238 -0.311 
76.6 -0.239 -0.307 
76.6 -0.238 -0.307 
76.6 -0.238 -0.302 
76.6 -0.238 -0.298 
76.5 -0.237 -0.298 
76.5 -0.237 -0.296 
76.5 -0.234 -0.294 
76.5 -0.233 -0.291 
76.5 -0.232 -0.291 
76.5 -0.23 -0.29 
76.5 -0.231 -0.289 
76.5 -0.23 -0.288 
76.5 -0.23 -0.287 
76.5 -0.23 -0.284 
76.5 -0.23 -0.284 
76.5 -0.23 -0.279 
76.5 -0.23 -0.279 
76.5 -0.229 -0.274 
76.5 -0.228 -0.275 
76.5 -0.229 -0.272 
76.5 -0.229 -0.271 
76.5 -0.229 -0.267 
76.5 -0.228 -0.267 
76.5 -0.229 -0.264 
76.5 -0.229 -0.263 
76.5 -0.229 -0.259 
76.5 -0.229 -0.259 
76.5 -0.229 -0.256 
76.5 -0.229 -0.256 
76.5 -0.227 -0.253 
76.5 -0.227 -0.253 
76.5 -0.226 -0.251 
76.5 -0.225 -0.251 
76.5 -0.224 -0.25 
76.5 -0.223 -0.249 
76.5 -0.223 -0.249 
76.5 -0.223 -0.248 
76.5 -0.222 -0.247 
76.5 -0.222 -0.247 
76.5 -0.222 -0.245 
76.5 -0.222 -0.245 
76.5 -0.222 -0.245 
76.5 -0.221 -0.243 
76.5 -0.22 -0.243 
76.5 -0.219 -0.241 
76.5 -0.219 -0.241 
76.5 -0.219 -0.241 
76.5 -0.219 -0.239 
76.5 -0.219 -0.239 
76.5 -0.219 -0.238 
76.5 -0.22 -0.238 
76.5 -0.219 -0.236 
76.5 -0.219 -0.236 
76.5 -0.22 -0.236 
76.5 -0.22 -0.235 
76.5 -0.221 -0.233 
76.5 -0.222 -0.232 
76.5 -0.222 -0.231 
76.5 -0.223 -0.231 
76.5 -0.223 -0.23 
76.5 -0.223 -0.229 
76.5 -0.224 -0.225 
76.5 -0.224 -0.225 
76.5 -0.224 -0.224 
76.5 -0.225 -0.222 
76.5 -0.226 -0.221 
76.5 -0.226 -0.22 
76.5 -0.227 -0.218 
76.5 -0.227 -0.217 
76.6 -0.228 -0.215 
76.6 -0.228 -0.214 
76.6 -0.229 -0.213 
76.6 -0.23 -0.212 
76.6 -0.23 -0.211 
76.6 -0.23 -0.21 
76.6 -0.231 -0.209 
76.6 -0.231 -0.207 
76.6 -0.231 -0.206 
76.6 -0.231 -0.205 
76.6 -0.231 -0.205 
76.6 -0.231 -0.203 
76.6 -0.232 -0.203 
76.6 -0.231 -0.202 
76.6 -0.231 -0.202 
76.6 -0.231 -0.202 
76.6 -0.231 -0.201 
76.6 -0.229 -0.201 
76.6 -0.229 -0.201 
76.6 -0.227 -0.201 
76.6 -0.225 -0.201 
76.6 -0.225 -0.201 
76.6 -0.224 -0.201 
76.6 -0.225 -0.201 
76.6 -0.227 -0.2 
76.6 -0.228 -0.201 
76.6 -0.216 -0.2 
76.6 -0.23 -0.198 
76.6 -0.23 -0.197 
76.6 -0.23 -0.197 
76.6 -0.23 -0.198 
76.6 -0.23 -0.198 
76.6 -0.23 -0.196 
76.6 -0.23 -0.196 
76.6 -0.222 -0.194 
76.7 -0.232 -0.192 
76.7 -0.234 -0.191 
76.7 -0.235 -0.19 
76.7 -0.236 -0.19 
76.7 -0.238 -0.19 
76.7 -0.239 -0.19 
76.7 -0.241 -0.189 
76.7 -0.241 -0.19 
76.7 -0.242 -0.188 
76.7 -0.243 -0.186 
76.7 -0.236 -0.185 
76.7 -0.245 -0.184 
76.7 -0.247 -0.182 
76.7 -0.249 -0.181 
76.7 -0.251 -0.181 
76.8 -0.253 -0.18 
76.8 -0.255 -0.178 
76.8 -0.257 -0.176 
76.8 -0.258 -0.173 
76.8 -0.259 -0.171 
76.8 -0.259 -0.168 
76.9 -0.258 -0.166 
76.8 -0.258 -0.166 
76.9 -0.255 -0.163 
76.9 -0.255 -0.164 
76.9 -0.253 -0.162 
76.9 -0.253 -0.162 
76.9 -0.252 -0.16 
76.9 -0.251 -0.161 
76.9 -0.25 -0.161 
76.9 -0.249 -0.16 
76.9 -0.249 -0.161 
76.9 -0.249 -0.161 
76.9 -0.248 -0.159 
76.9 -0.248 -0.159 
76.9 -0.247 -0.156 
76.9 -0.247 -0.156 
76.9 -0.245 -0.154 
76.9 -0.246 -0.154 
76.9 -0.246 -0.151 
76.9 -0.247 -0.15 
76.9 -0.249 -0.146 
76.9 -0.251 -0.144 
76.9 -0.253 -0.142 
76.9 -0.254 -0.14 
76.9 -0.255 -0.139 
76.9 -0.257 -0.135 
76.9 -0.258 -0.134 
76.9 -0.26 -0.132 
76.9 -0.261 -0.132 
76.9 -0.262 -0.131 
76.9 -0.264 -0.13 
77 -0.265 -0.128 
77 -0.267 -0.125 
77 -0.268 -0.124 
77 -0.271 -0.121 
77 -0.272 -0.118 
77 -0.274 -0.115 
77 -0.276 -0.112 
77.1 -0.277 -0.109 
77.1 -0.278 -0.107 
77.1 -0.279 -0.104 
77.1 -0.28 -0.103 
77.1 -0.279 -0.103 
77.1 -0.278 -0.103 
77.1 -0.277 -0.104 
77.1 -0.275 -0.103 
77.1 -0.275 -0.103 
77.1 -0.275 -0.103 
77.1 -0.274 -0.102 
77.1 -0.275 -0.103 
77.1 -0.275 -0.102 
77.1 -0.277 -0.1 
77.1 -0.277 -0.1 
77.1 -0.277 -0.1 
77.1 -0.278 -0.099 
77.1 -0.279 -0.0991 
77.1 -0.28 -0.099 
77.1 -0.28 -0.0987 
77.1 -0.281 -0.0981 
77.1 -0.281 -0.098 
77.1 -0.282 -0.0962 
77.1 -0.282 -0.096 
77.1 -0.283 -0.0954 
77.1 -0.283 -0.0963 
77.1 -0.285 -0.0956 
77.1 -0.285 -0.0957 
77.2 -0.287 -0.0945 
77.2 -0.287 -0.0947 
77.2 -0.289 -0.0938 
77.2 -0.29 -0.0924 
77.2 -0.29 -0.0926 
77.2 -0.29 -0.0911 
77.2 -0.29 -0.0909 
77.2 -0.29 -0.0901 
77.2 -0.291 -0.0898 
77.2 -0.291 -0.0883 
77.2 -0.291 -0.0884 
77.2 -0.293 -0.0869 
77.2 -0.292 -0.0873 
77.2 -0.295 -0.0855 
77.2 -0.294 -0.0856 
77.2 -0.295 -0.0845 
77.2 -0.295 -0.084 
77.2 -0.295 -0.0842 
77.2 -0.295 -0.0851 
77.2 -0.294 -0.085 
77.2 -0.295 -0.0854 
77.2 -0.295 -0.0844 
77.2 -0.295 -0.085 
77.2 -0.295 -0.0842 
77.2 -0.294 -0.0848 
77.2 -0.295 -0.0852 
77.2 -0.295 -0.0854 
77.2 -0.295 -0.0844 
77.2 -0.294 -0.084 
77.2 -0.293 -0.0836 
77.2 -0.293 -0.0839 
77.2 -0.292 -0.0832 
77.2 -0.292 -0.0827 
77.2 -0.291 -0.0818 
77.2 -0.291 -0.0819 
77.2 -0.29 -0.0821 
77.2 -0.289 -0.0818 
77.2 -0.289 -0.0816 
77.2 -0.289 -0.0809 
77.2 -0.288 -0.0807 
77.2 -0.288 -0.0812 
77.2 -0.288 -0.0808 
77.2 -0.287 -0.0805 
77.3 -0.286 -0.0801 
77.3 -0.286 -0.0806 
77.3 -0.284 -0.0804 
77.3 -0.284 -0.0807 
77.3 -0.282 -0.0807 
77.3 -0.282 -0.0802 
77.3 -0.282 -0.0806 
77.3 -0.281 -0.0798 
77.3 -0.281 -0.0802 
77.3 -0.28 -0.0803 
77.3 -0.278 -0.0802 
77.3 -0.278 -0.08 
77.3 -0.278 -0.08 
77.3 -0.277 -0.0801 
77.3 -0.278 -0.0802 
77.3 -0.278 -0.0801 
77.3 -0.278 -0.0794 
77.3 -0.277 -0.0805 
77.3 -0.277 -0.0809 
77.3 -0.276 -0.0811 
77.3 -0.276 -0.0812 
77.3 -0.276 -0.0811 
77.3 -0.276 -0.0816 
77.3 -0.276 -0.0821 
77.3 -0.276 -0.082 
77.3 -0.276 -0.0822 
77.3 -0.275 -0.0834 
77.3 -0.275 -0.0828 
77.3 -0.275 -0.0823 
77.3 -0.274 -0.0817 
77.3 -0.276 -0.0824 
77.4 -0.278 -0.0823 
77.4 -0.282 -0.0836 
77.4 -0.283 -0.0835 
77.4 -0.283 -0.0831 
77.4 -0.283 -0.0826 
77.4 -0.283 -0.0835 
77.4 -0.282 -0.0864 
77.4 -0.283 -0.0842 
77.4 -0.281 -0.0845 
77.4 -0.279 -0.0835 
77.4 -0.282 -0.0861 
77.4 -0.282 -0.0876 
77.4 -0.281 -0.0885 
77.4 -0.281 -0.089 
77.4 -0.281 -0.0887 
77.4 -0.281 -0.0888 
77.4 -0.28 -0.0892 
77.4 -0.281 -0.0893 
77.4 -0.28 -0.0902 
77.4 -0.279 -0.0906 
77.4 -0.279 -0.0911 
77.4 -0.279 -0.0911 
77.4 -0.278 -0.0912 
77.4 -0.279 -0.0913 
77.4 -0.279 -0.0914 
77.4 -0.278 -0.0915 
77.4 -0.279 -0.0916 
77.4 -0.279 -0.0916 
77.4 -0.279 -0.0918 
77.4 -0.279 -0.092 
77.4 -0.279 -0.0926 
77.4 -0.279 -0.0928 
77.4 -0.28 -0.0925 
77.4 -0.28 -0.0923 
77.4 -0.28 -0.0925 
77.4 -0.28 -0.0926 
77.4 -0.28 -0.0927 
77.4 -0.28 -0.0928 
77.4 -0.281 -0.0929 
77.4 -0.281 -0.0929 
77.4 -0.282 -0.0932 
77.4 -0.282 -0.0933 
77.4 -0.282 -0.0933 
77.4 -0.282 -0.0935 
77.4 -0.282 -0.0936 
77.4 -0.282 -0.0933 
77.4 -0.282 -0.0934 
77.4 -0.283 -0.0927 
77.4 -0.283 -0.0928 
77.4 -0.283 -0.0924 
77.4 -0.283 -0.0926 
77.4 -0.283 -0.0925 
77.4 -0.283 -0.0925 
77.4 -0.283 -0.0925 
77.4 -0.283 -0.0922 
77.4 -0.283 -0.0923 
77.4 -0.283 -0.0922 
77.4 -0.283 -0.0922 
77.4 -0.283 -0.0916 
77.4 -0.283 -0.0917 
77.4 -0.283 -0.0917 
77.4 -0.283 -0.0917 
77.4 -0.283 -0.0916 
77.4 -0.283 -0.0916 
77.4 -0.283 -0.0916 
77.4 -0.283 -0.0916 
77.4 -0.283 -0.0915 
77.4 -0.283 -0.0915 
77.4 -0.283 -0.0914 
77.4 -0.284 -0.0909 
77.4 -0.283 -0.0911 
77.4 -0.283 -0.091 
77.4 -0.283 -0.091 
77.4 -0.283 -0.091 
77.5 -0.283 -0.091 
77.5 -0.283 -0.091 
77.5 -0.283 -0.0909 
77.5 -0.284 -0.0905 
77.5 -0.284 -0.0905 
77.5 -0.284 -0.0905 
77.5 -0.284 -0.0905 
77.5 -0.284 -0.0909 
77.5 -0.284 -0.0909 
77.5 -0.285 -0.0909 
77.5 -0.285 -0.0909 
77.5 -0.285 -0.0909 
77.5 -0.285 -0.0909 
77.5 -0.286 -0.0909 
77.5 -0.285 -0.0908 
77.5 -0.286 -0.0909 
77.5 -0.285 -0.0904 
77.5 -0.285 -0.0905 
77.5 -0.285 -0.0892 
77.5 -0.285 -0.0893 
77.5 -0.285 -0.0903 
77.5 -0.285 -0.0904 
77.5 -0.285 -0.0904 
77.5 -0.285 -0.0904 
77.5 -0.286 -0.0904 
77.5 -0.286 -0.0903 
77.5 -0.286 -0.0903 
77.5 -0.287 -0.0901 
77.5 -0.287 -0.0901 
77.5 -0.287 -0.0896 
77.5 -0.287 -0.09 
77.5 -0.287 -0.09 
77.5 -0.286 -0.0896 
77.5 -0.286 -0.0897 
77.5 -0.286 -0.0897 
77.5 -0.286 -0.0898 
77.5 -0.286 -0.0897 
77.5 -0.286 -0.0897 
77.5 -0.286 -0.0896 
77.5 -0.286 -0.0897 
77.5 -0.285 -0.0884 
77.5 -0.285 -0.0897 
77.5 -0.285 -0.0896 
77.5 -0.285 -0.0897 
77.5 -0.285 -0.0895 
77.5 -0.285 -0.0896 
77.5 -0.285 -0.0899 
77.5 -0.285 -0.09 
77.5 -0.284 -0.0899 
77.5 -0.284 -0.0898 
77.5 -0.284 -0.0898 
77.5 -0.284 -0.0897 
77.5 -0.284 -0.0896 
77.5 -0.283 -0.0894 
77.6 -0.283 -0.0894 
77.6 -0.283 -0.0894 
77.6 -0.287 -0.0867 
77.6 -0.283 -0.0889 
77.6 -0.283 -0.0889 
77.6 -0.283 -0.089 
77.6 -0.283 -0.0891 
77.6 -0.283 -0.0891 
77.6 -0.283 -0.0891 
77.6 -0.283 -0.0891 
77.6 -0.283 -0.0897 
77.6 -0.283 -0.0899 
77.6 -0.283 -0.0899 
77.6 -0.283 -0.0897 
77.6 -0.283 -0.0896 
77.6 -0.283 -0.0894 
77.6 -0.282 -0.0891 
77.6 -0.282 -0.0891 
77.6 -0.282 -0.0891 
77.6 -0.282 -0.0891 
77.6 -0.282 -0.0893 
77.6 -0.282 -0.0894 
77.6 -0.283 -0.0894 
77.6 -0.283 -0.0891 
77.6 -0.283 -0.0891 
77.6 -0.283 -0.0891 
77.6 -0.283 -0.0891 
77.6 -0.283 -0.0891 
77.6 -0.283 -0.089 
77.6 -0.283 -0.089 
77.6 -0.283 -0.089 
77.6 -0.283 -0.089 
77.6 -0.283 -0.0888 
77.6 -0.283 -0.0889 
77.6 -0.283 -0.0889 
77.6 -0.283 -0.0894 
77.6 -0.283 -0.0894 
77.6 -0.283 -0.0888 
77.6 -0.283 -0.0887 
77.6 -0.282 -0.0923 
77.6 -0.282 -0.0924 
77.6 -0.283 -0.0901 
77.6 -0.283 -0.0887 
77.6 -0.283 -0.0879 
77.6 -0.283 -0.0879 
77.6 -0.283 -0.0879 
77.6 -0.283 -0.0875 
77.6 -0.283 -0.0875 
77.6 -0.283 -0.0876 
77.6 -0.283 -0.0883 
77.6 -0.283 -0.0877 
77.6 -0.283 -0.0878 
77.6 -0.283 -0.0879 
77.6 -0.283 -0.0879 
77.6 -0.283 -0.088 
77.6 -0.283 -0.088 
77.6 -0.283 -0.0881 
77.6 -0.283 -0.0882 
77.6 -0.283 -0.0883 
77.6 -0.283 -0.0884 
77.6 -0.283 -0.0884 
77.6 -0.283 -0.0884 
77.6 -0.283 -0.0885 
77.6 -0.283 -0.0885 
77.6 -0.283 -0.0885 
77.6 -0.283 -0.0885 
77.6 -0.283 -0.0886 
77.6 -0.283 -0.0888 
77.6 -0.283 -0.0889 
77.6 -0.283 -0.0891 
77.6 -0.283 -0.0892 
77.6 -0.283 -0.0893 
77.6 -0.283 -0.0895 
77.6 -0.283 -0.0895 
77.6 -0.283 -0.0894 
77.6 -0.283 -0.0896 
77.6 -0.283 -0.0897 
77.6 -0.283 -0.0898 
77.6 -0.283 -0.0898 
77.6 -0.283 -0.0899 
77.6 -0.283 -0.0899 
77.6 -0.283 -0.0899 
77.6 -0.283 -0.0899 
77.6 -0.283 -0.0899 
77.7 -0.283 -0.0899 
77.7 -0.283 -0.09 
77.7 -0.284 -0.09 
77.7 -0.284 -0.0901 
77.7 -0.284 -0.09 
77.7 -0.284 -0.0901 
77.7 -0.284 -0.0904 
77.7 -0.284 -0.0904 
77.7 -0.284 -0.0904 
77.7 -0.284 -0.0909 
77.7 -0.284 -0.091 
77.7 -0.284 -0.0909 
77.7 -0.284 -0.0907 
77.7 -0.284 -0.0907 
77.7 -0.284 -0.0906 
77.7 -0.284 -0.0908 
77.7 -0.284 -0.0909 
77.8 -0.284 -0.0907 
77.8 -0.284 -0.0907 
77.8 -0.284 -0.091 
77.8 -0.284 -0.091 
77.8 -0.284 -0.0913 
77.8 -0.284 -0.0913 
77.8 -0.284 -0.0916 
77.8 -0.284 -0.0915 
77.8 -0.285 -0.0917 
77.8 -0.285 -0.0916 
77.8 -0.285 -0.0916 
77.8 -0.285 -0.0917 
77.8 -0.285 -0.0916 
77.8 -0.286 -0.0916 
77.8 -0.286 -0.0916 
77.8 -0.286 -0.0915 
77.8 -0.287 -0.0915 
77.8 -0.287 -0.0913 
77.8 -0.286 -0.0912 
77.8 -0.286 -0.0912 
77.8 -0.286 -0.0914 
77.8 -0.286 -0.0913 
77.8 -0.286 -0.0916 
77.8 -0.286 -0.0913 
77.8 -0.285 -0.091 
77.9 -0.284 -0.0909 
77.9 -0.283 -0.091 
77.9 -0.282 -0.091 
77.9 -0.282 -0.0912 
77.9 -0.282 -0.0914 
77.9 -0.282 -0.0919 
77.9 -0.282 -0.0911 
77.9 -0.282 -0.0911 
77.9 -0.282 -0.0913 
77.9 -0.282 -0.0913 
77.9 -0.282 -0.0912 
77.9 -0.282 -0.0913 
77.9 -0.282 -0.0913 
77.9 -0.283 -0.0914 
77.9 -0.283 -0.0913 
77.9 -0.283 -0.0913 
77.9 -0.282 -0.092 
77.9 -0.283 -0.0919 
77.9 -0.281 -0.092 
77.9 -0.281 -0.0925 
77.9 -0.28 -0.0933 
77.9 -0.28 -0.0936 
77.9 -0.28 -0.0939 
77.9 -0.28 -0.0939 
77.9 -0.28 -0.0938 
77.9 -0.279 -0.094 
77.9 -0.279 -0.0945 
77.9 -0.28 -0.0945 
77.9 -0.28 -0.0946 
77.9 -0.28 -0.0913 
77.9 -0.279 -0.0946 
77.9 -0.278 -0.0943 
77.9 -0.278 -0.0942 
77.9 -0.278 -0.0936 
77.9 -0.278 -0.0933 
77.9 -0.279 -0.0931 
77.9 -0.279 -0.093 
77.9 -0.278 -0.0935 
77.9 -0.279 -0.0931 
77.9 -0.279 -0.0935 
77.9 -0.279 -0.0928 
77.9 -0.279 -0.0929 
77.9 -0.28 -0.0931 
77.9 -0.28 -0.093 
77.9 -0.279 -0.0929 
77.9 -0.28 -0.0933 
77.9 -0.28 -0.0935 
77.9 -0.28 -0.0933 
77.9 -0.28 -0.0936 
77.9 -0.28 -0.0932 
77.9 -0.281 -0.0931 
77.9 -0.281 -0.0931 
77.9 -0.281 -0.0931 
77.9 -0.281 -0.0931 
77.9 -0.281 -0.0932 
77.9 -0.281 -0.0933 
77.9 -0.281 -0.0936 
77.9 -0.281 -0.0937 
77.9 -0.281 -0.0938 
77.9 -0.28 -0.094 
77.9 -0.28 -0.0941 
77.9 -0.28 -0.0942 
77.8 -0.281 -0.0951 
77.8 -0.281 -0.095 
77.8 -0.281 -0.0951 
77.8 -0.281 -0.0952 
77.8 -0.281 -0.0949 
77.8 -0.281 -0.095 
77.8 -0.281 -0.095 
77.8 -0.281 -0.0951 
77.8 -0.281 -0.0952 
77.8 -0.281 -0.0953 
77.8 -0.281 -0.0955 
77.8 -0.282 -0.0956 
77.8 -0.282 -0.0956 
77.8 -0.282 -0.0957 
77.8 -0.281 -0.0951 
77.8 -0.281 -0.0954 
77.8 -0.281 -0.0954 
77.8 -0.281 -0.0956 
77.8 -0.281 -0.0958 
77.8 -0.281 -0.0961 
77.8 -0.281 -0.0961 
77.8 -0.281 -0.0958 
77.8 -0.279 -0.0959 
77.8 -0.279 -0.0961 
77.8 -0.279 -0.097 
77.8 -0.278 -0.0965 
77.8 -0.278 -0.0971 
77.8 -0.275 -0.0969 
77.8 -0.275 -0.097 
77.8 -0.275 -0.0955 
77.8 -0.275 -0.0958 
77.8 -0.273 -0.0948 
77.8 -0.273 -0.0949 
77.8 -0.273 -0.0934 
77.8 -0.273 -0.0935 
77.8 -0.272 -0.0924 
77.8 -0.272 -0.0923 
77.8 -0.271 -0.0904 
77.9 -0.27 -0.0875 
77.9 -0.269 -0.0855 
77.9 -0.268 -0.0847 
77.9 -0.266 -0.086 
77.9 -0.263 -0.0829 
77.9 -0.261 -0.0792 
77.9 -0.261 -0.0794 
77.9 -0.257 -0.0761 
78 -0.254 -0.0736 
78 -0.25 -0.0686 
78 -0.246 -0.0671 
78 -0.242 -0.0656 
78 -0.238 -0.0655 
78.1 -0.233 -0.0657 
78.1 -0.229 -0.0652 
78.1 -0.225 -0.0626 
78.1 -0.22 -0.0642 
78.1 -0.217 -0.0617 
78.1 -0.215 -0.0596 
78.1 -0.214 -0.0573 
78.1 -0.212 -0.0544 
78.1 -0.209 -0.0535 
78.2 -0.208 -0.0516 
78.2 -0.207 -0.0486 
78.2 -0.205 -0.0517 
78.2 -0.203 -0.0522 
78.2 -0.202 -0.0531 
78.2 -0.2 -0.0534 
78.2 -0.2 -0.0536 
78.2 -0.198 -0.0539 
78.2 -0.196 -0.0537 
78.2 -0.195 -0.0545 
78.2 -0.194 -0.0555 
78.2 -0.193 -0.0559 
78.2 -0.192 -0.0575 
78.2 -0.195 -0.0553 
78.2 -0.19 -0.058 
78.2 -0.189 -0.0602 
78 -0.202 -0.191 
78.2 -0.198 -0.0578 
78.2 -0.188 -0.059 
78.2 -0.188 -0.0598 
78.2 -0.188 -0.0596 
78.2 -0.188 -0.0596 
78.2 -0.186 -0.0589 
78.2 -0.185 -0.0583 
78.2 -0.184 -0.0581 
78.2 -0.185 -0.0602 
78.2 -0.185 -0.0599 
78.2 -0.184 -0.0583 
78.2 -0.185 -0.0587 
78.1 -0.157 -0.0253 
78.2 -0.181 -0.0615 
78.2 -0.183 -0.0591 
78.2 -0.182 -0.0599 
78.2 -0.181 -0.0609 
78.2 -0.181 -0.0615 
78.2 -0.181 -0.0614 
78.2 -0.181 -0.0605 
78.1 -0.18 -0.0606 
78.1 -0.181 -0.0604 
78.1 -0.181 -0.0604 
78.1 -0.18 -0.0603 
78.1 -0.164 -0.0122 
78.1 -0.177 -0.0616 
78.1 -0.181 -0.0597 
78.1 -0.18 -0.0588 
78.1 -0.18 -0.0597 
78.1 -0.179 -0.0597 
78.1 -0.179 -0.0597 
78.1 -0.178 -0.0597 
78.1 -0.178 -0.0601 
78.1 -0.178 -0.0603 
78.1 -0.177 -0.0602 
78.1 -0.18 -0.0756 
78.1 -0.18 -0.0689 
78.1 -0.179 -0.0663 
78.1 -0.177 -0.0662 
78.1 -0.174 -0.0607 
78.1 -0.174 -0.0611 
78.1 -0.173 -0.0614 
78.1 -0.172 -0.0615 
78.1 -0.171 -0.0616 
78.1 -0.17 -0.062 
78.1 -0.17 -0.0617 
78.1 -0.17 -0.0617 
78.1 -0.171 -0.0615 
78.2 -0.171 -0.0615 
78.2 -0.171 -0.0613 
78.2 -0.17 -0.0619 
78.2 -0.17 -0.0616 
78.2 -0.171 -0.0607 
78.2 -0.171 -0.0604 
78.2 -0.17 -0.0597 
78.2 -0.17 -0.0582 
78.2 -0.17 -0.0582 
78.2 -0.17 -0.0576 
78.2 -0.17 -0.0569 
78.2 -0.17 -0.0567 
78.2 -0.17 -0.0548 
78.2 -0.169 -0.053 
78.1 -0.168 -0.0511 
78.1 -0.168 -0.0483 
78.1 -0.167 -0.0461 
78.1 -0.166 -0.0439 
78.1 -0.165 -0.0431 
78.1 -0.164 -0.0418 
78.1 -0.164 -0.0412 
78.1 -0.163 -0.0411 
78.1 -0.163 -0.0409 
78.1 -0.163 -0.0402 
78.1 -0.163 -0.0395 
78.1 -0.162 -0.0411 
78.1 -0.162 -0.0408 
78 -0.161 -0.0408 
78 -0.16 -0.0405 
78 -0.159 -0.0407 
78 -0.159 -0.0406 
78 -0.159 -0.0408 
78 -0.158 -0.0409 
78 -0.157 -0.0415 
78 -0.157 -0.042 
78 -0.156 -0.0429 
78 -0.155 -0.0434 
77.9 -0.154 -0.045 
77.9 -0.153 -0.0457 
77.9 -0.152 -0.0472 
77.9 -0.152 -0.0478 
77.9 -0.152 -0.0485 
77.9 -0.15 -0.0499 
77.9 -0.151 -0.05 
77.9 -0.15 -0.0503 
77.9 -0.149 -0.0512 
77.9 -0.15 -0.0504 
77.9 -0.15 -0.0496 
77.9 -0.151 -0.049 
77.9 -0.151 -0.0481 
77.9 -0.151 -0.0477 
77.9 -0.151 -0.0467 
77.9 -0.151 -0.0463 
77.9 -0.151 -0.0448 
77.9 -0.151 -0.0445 
78 -0.151 -0.0431 
78 -0.151 -0.0428 
78 -0.151 -0.0419 
78 -0.151 -0.0417 
78 -0.152 -0.0403 
78 -0.152 -0.0398 
78 -0.153 -0.0389 
78 -0.153 -0.0392 
78 -0.153 -0.0391 
78 -0.153 -0.0392 
78 -0.151 -0.04 
78 -0.151 -0.0403 
78 -0.151 -0.0412 
78 -0.151 -0.0416 
78 -0.15 -0.0419 
78 -0.15 -0.0429 
78 -0.15 -0.0432 
78 -0.149 -0.0435 
78 -0.148 -0.0441 
78 -0.148 -0.0445 
77.9 -0.147 -0.0456 
77.9 -0.148 -0.0458 
77.9 -0.148 -0.0461 
77.9 -0.146 -0.0469 
77.9 -0.146 -0.0469 
77.9 -0.146 -0.047 
77.9 -0.146 -0.0474 
77.9 -0.146 -0.0474 
77.9 -0.146 -0.0474 
77.9 -0.145 -0.0477 
77.9 -0.145 -0.0475 
77.9 -0.145 -0.0475 
77.9 -0.144 -0.047 
77.9 -0.145 -0.0469 
77.9 -0.145 -0.0468 
77.9 -0.148 -0.0494 
77.9 -0.144 -0.0457 
77.9 -0.143 -0.0454 
77.9 -0.143 -0.0446 
77.9 -0.142 -0.0444 
77.9 -0.142 -0.0442 
78 -0.142 -0.0439 
78 -0.142 -0.043 
78 -0.142 -0.0425 
78 -0.142 -0.0419 
78 -0.142 -0.0413 
78 -0.142 -0.0412 
78 -0.143 -0.0407 
78 -0.143 -0.0403 
78 -0.143 -0.0397 
78 -0.143 -0.0396 
78 -0.143 -0.0395 
78 -0.143 -0.0395 
78 -0.143 -0.0397 
78 -0.142 -0.0399 
78 -0.142 -0.0401 
78 -0.142 -0.0404 
78 -0.142 -0.0407 
78 -0.141 -0.0412 
78 -0.141 -0.0416 
78 -0.14 -0.0423 
78 -0.139 -0.0422 
78 -0.138 -0.0427 
78 -0.138 -0.0429 
78 -0.138 -0.0431 
78 -0.138 -0.0428 
78 -0.137 -0.0426 
78 -0.136 -0.0426 
78 -0.137 -0.0427 
78 -0.136 -0.0426 
78 -0.136 -0.0427 
78 -0.136 -0.0427 
78 -0.137 -0.0426 
78 -0.137 -0.0425 
78 -0.137 -0.0425 
78 -0.138 -0.0424 
78 -0.137 -0.0423 
78 -0.138 -0.0418 
78 -0.137 -0.0422 
78 -0.137 -0.0424 
78 -0.137 -0.0424 
78 -0.136 -0.0427 
78 -0.136 -0.0426 
78 -0.136 -0.0424 
78 -0.135 -0.0423 
78 -0.135 -0.0422 
78 -0.134 -0.0422 
78 -0.133 -0.0422 
78 -0.132 -0.0423 
78 -0.132 -0.0426 
78 -0.132 -0.0426 
78 -0.131 -0.043 
78 -0.13 -0.0434 
78 -0.129 -0.0445 
78 -0.128 -0.0447 
78 -0.127 -0.0453 
78 -0.127 -0.0458 
78 -0.127 -0.0464 
78 -0.126 -0.0466 
77.9 -0.126 -0.0468 
77.9 -0.126 -0.0476 
77.9 -0.125 -0.0478 
77.9 -0.125 -0.0482 
77.9 -0.124 -0.0482 
77.9 -0.124 -0.048 
78 -0.123 -0.0486 
78 -0.123 -0.0486 
78 -0.122 -0.0483 
78 -0.122 -0.0481 
78 -0.123 -0.0477 
78 -0.122 -0.0478 
78 -0.122 -0.0477 
78 -0.122 -0.0477 
78 -0.122 -0.0478 
78 -0.122 -0.0479 
78 -0.122 -0.0477 
78 -0.122 -0.0478 
78 -0.122 -0.0479 
78 -0.122 -0.0477 
77.9 -0.122 -0.0483 
77.9 -0.122 -0.0485 
77.9 -0.122 -0.0488 
77.9 -0.121 -0.049 
77.9 -0.121 -0.0492 
77.9 -0.121 -0.0495 
77.9 -0.121 -0.0497 
77.9 -0.121 -0.0499 
77.9 -0.121 -0.0498 
77.9 -0.121 -0.0499 
77.9 -0.121 -0.0499 
77.9 -0.121 -0.0499 
77.9 -0.121 -0.05 
77.9 -0.121 -0.0499 
77.9 -0.121 -0.0501 
77.9 -0.121 -0.0502 
77.9 -0.121 -0.0502 
77.9 -0.121 -0.0505 
77.9 -0.121 -0.0508 
77.9 -0.122 -0.051 
77.9 -0.122 -0.0511 
77.9 -0.122 -0.051 
77.9 -0.121 -0.0514 
77.9 -0.121 -0.0517 
77.9 -0.121 -0.0517 
77.9 -0.121 -0.0517 
77.9 -0.122 -0.0513 
77.9 -0.121 -0.0513 
77.9 -0.122 -0.0508 
77.9 -0.121 -0.0506 
77.9 -0.121 -0.0505 
77.9 -0.121 -0.0506 
77.9 -0.12 -0.0507 
77.9 -0.12 -0.0506 
77.9 -0.121 -0.0505 
77.9 -0.121 -0.0501 
77.9 -0.12 -0.0504 
77.9 -0.121 -0.0504 
77.9 -0.121 -0.0504 
77.9 -0.121 -0.0504 
77.9 -0.122 -0.05 
77.9 -0.121 -0.0503 
77.9 -0.121 -0.0504 
77.9 -0.122 -0.05 
77.9 -0.122 -0.0501 
77.9 -0.122 -0.0501 
77.8 -0.123 -0.05 
77.8 -0.123 -0.0502 
77.8 -0.123 -0.0502 
77.8 -0.123 -0.0502 
77.8 -0.123 -0.0502 
77.8 -0.123 -0.0501 
77.8 -0.122 -0.0502 
77.8 -0.122 -0.0502 
77.8 -0.122 -0.0501 
77.8 -0.123 -0.0497 
77.8 -0.122 -0.0497 
77.8 -0.122 -0.0496 
77.8 -0.122 -0.0496 
77.8 -0.122 -0.0495 
77.8 -0.123 -0.0491 
77.8 -0.123 -0.0491 
77.9 -0.123 -0.0491 
77.8 -0.123 -0.0491 
77.8 -0.123 -0.0485 
77.8 -0.123 -0.0486 
77.8 -0.123 -0.0485 
77.8 -0.123 -0.0484 
77.9 -0.123 -0.0484 
77.9 -0.123 -0.048 
77.9 -0.123 -0.0482 
77.9 -0.123 -0.048 
77.9 -0.123 -0.0477 
77.9 -0.123 -0.0478 
77.8 -0.124 -0.0472 
77.8 -0.124 -0.0472 
77.8 -0.124 -0.0469 
77.9 -0.123 -0.0473 
77.9 -0.123 -0.0475 
77.8 -0.124 -0.0475 
77.8 -0.124 -0.0475 
77.8 -0.123 -0.048 
77.8 -0.124 -0.0478 
77.8 -0.125 -0.0477 
77.8 -0.124 -0.0477 
77.9 -0.125 -0.0476 
77.7 -0.175 -0.0415 
77.7 -0.154 -0.0403 
77.7 -0.171 -0.0465 
77.9 -0.188 -0.0424 
77.8 -0.171 -0.0419 
77.8 -0.116 -0.043 
77.9 -0.126 -0.048 
77.9 -0.126 -0.0472 
77.9 -0.126 -0.0468 
77.9 -0.127 -0.0465 
77.9 -0.127 -0.0465 
77.9 -0.127 -0.0465 
77.9 -0.126 -0.0463 
77.9 -0.126 -0.0462 
77.9 -0.126 -0.0463 
77.9 -0.125 -0.0464 
77.9 -0.125 -0.0463 
77.9 -0.125 -0.0461 
77.9 -0.125 -0.046 
77.9 -0.125 -0.0458 
77.8 -0.125 -0.0456 
77.8 -0.125 -0.0452 
77.8 -0.125 -0.0452 
77.8 -0.124 -0.0454 
77.8 -0.124 -0.0454 
77.8 -0.123 -0.0458 
77.8 -0.123 -0.0461 
77.8 -0.123 -0.046 
77.8 -0.123 -0.0462 
77.8 -0.123 -0.0462 
77.8 -0.123 -0.0462 
77.8 -0.123 -0.0457 
77.8 -0.123 -0.0452 
77.8 -0.123 -0.0447 
77.8 -0.124 -0.0441 
77.8 -0.124 -0.0438 
77.8 -0.125 -0.0433 
77.7 -0.125 -0.0428 
77.7 -0.126 -0.0421 
77.7 -0.127 -0.0416 
77.7 -0.127 -0.0408 
77.7 -0.128 -0.0397 
77.7 -0.127 -0.0395 
77.6 -0.128 -0.0389 
77.6 -0.127 -0.0389 
77.6 -0.127 -0.0385 
77.6 -0.127 -0.0385 
77.6 -0.127 -0.0383 
77.6 -0.127 -0.0385 
77.6 -0.127 -0.0384 
77.6 -0.127 -0.0385 
77.6 -0.127 -0.0383 
77.6 -0.127 -0.0384 
77.6 -0.127 -0.0389 
77.6 -0.127 -0.0391 
77.6 -0.127 -0.0391 
77.6 -0.127 -0.0399 
77.6 -0.127 -0.0399 
77.6 -0.127 -0.0401 
77.6 -0.127 -0.0401 
77.6 -0.127 -0.0397 
77.6 -0.128 -0.0394 
77.6 -0.128 -0.039 
77.6 -0.128 -0.0389 
77.6 -0.128 -0.0385 
77.6 -0.128 -0.0384 
77.6 -0.128 -0.0382 
77.7 -0.128 -0.0376 
77.7 -0.128 -0.0374 
77.7 -0.129 -0.0373 
77.7 -0.129 -0.0367 
77.7 -0.129 -0.0365 
77.7 -0.129 -0.0363 
77.7 -0.13 -0.0361 
77.7 -0.13 -0.0361 
77.7 -0.13 -0.0358 
77.7 -0.131 -0.0352 
77.7 -0.131 -0.035 
77.7 -0.131 -0.0345 
77.6 -0.132 -0.0341 
77.6 -0.132 -0.0335 
77.6 -0.132 -0.0333 
77.6 -0.132 -0.0332 
77.6 -0.132 -0.0332 
77.6 -0.132 -0.0329 
77.6 -0.132 -0.0328 
77.6 -0.132 -0.0333 
77.6 -0.132 -0.0337 
77.6 -0.132 -0.0342 
77.6 -0.132 -0.0345 
77.6 -0.131 -0.0351 
77.6 -0.131 -0.0355 
77.6 -0.131 -0.036 
77.6 -0.131 -0.0364 
77.6 -0.131 -0.0378 
77.6 -0.126 -0.037 
77.6 -0.133 0.0172 
77.6 -0.128 -0.0373 
77.6 -0.131 -0.0371 
77.6 -0.131 -0.0371 
77.6 -0.131 -0.037 
77.6 -0.131 -0.0371 
77.6 -0.131 -0.037 
77.6 -0.13 -0.037 
77.6 -0.13 -0.0371 
77.6 -0.13 -0.037 
77.5 -0.13 -0.0371 
77.5 -0.129 -0.0372 
77.5 -0.129 -0.0372 
77.5 -0.129 -0.0373 
77.5 -0.129 -0.0374 
77.5 -0.128 -0.0375 
77.5 -0.128 -0.0375 
77.5 -0.128 -0.0376 
77.5 -0.128 -0.0376 
77.5 -0.128 -0.0376 
77.5 -0.128 -0.0375 
77.5 -0.128 -0.0375 
77.5 -0.127 -0.0376 
77.5 -0.128 -0.0376 
77.5 -0.127 -0.0375 
77.5 -0.127 -0.0374 
77.5 -0.127 -0.0373 
77.5 -0.127 -0.0373 
77.5 -0.127 -0.0372 
77.5 -0.126 -0.0373 
77.5 -0.126 -0.0373 
77.5 -0.126 -0.0373 
77.5 -0.126 -0.0373 
77.5 -0.125 -0.0372 
77.5 -0.125 -0.0374 
77.5 -0.125 -0.0375 
77.5 -0.125 -0.0374 
77.5 -0.125 -0.0373 
77.5 -0.124 -0.0374 
77.5 -0.124 -0.0373 
77.5 -0.124 -0.0372 
77.5 -0.124 -0.0372 
77.5 -0.124 -0.0373 
77.5 -0.124 -0.0372 
77.5 -0.124 -0.037 
77.5 -0.124 -0.0368 
77.5 -0.124 -0.0367 
77.5 -0.124 -0.0365 
77.4 -0.124 -0.0364 
77.4 -0.123 -0.0362 
77.4 -0.123 -0.0362 
77.4 -0.123 -0.036 
77.4 -0.123 -0.0359 
77.4 -0.123 -0.0358 
77.4 -0.122 -0.0357 
77.4 -0.122 -0.0356 
77.4 -0.122 -0.0354 
77.4 -0.122 -0.0352 
77.4 -0.122 -0.0346 
77.4 -0.122 -0.0346 
77.4 -0.122 -0.0343 
77.4 -0.122 -0.0341 
77.4 -0.122 -0.0336 
77.4 -0.122 -0.0336 
77.4 -0.122 -0.0333 
77.4 -0.122 -0.0333 
77.4 -0.121 -0.0332 
77.4 -0.121 -0.0331 
77.3 -0.121 -0.033 
77.3 -0.121 -0.033 
77.3 -0.12 -0.033 
77.3 -0.12 -0.033 
77.3 -0.12 -0.033 
77.3 -0.119 -0.0333 
77.3 -0.119 -0.0333 
77.3 -0.119 -0.0333 
77.3 -0.119 -0.0331 
77.3 -0.119 -0.0331 
77.3 -0.119 -0.0331 
77.3 -0.119 -0.0332 
77.3 -0.119 -0.0332 
77.3 -0.119 -0.0334 
77.3 -0.119 -0.0333 
77.3 -0.119 -0.0333 
77.3 -0.119 -0.0332 
77.3 -0.12 -0.033 
77.3 -0.119 -0.033 
77.3 -0.119 -0.0331 
77.3 -0.12 -0.033 
77.3 -0.12 -0.0329 
77.3 -0.12 -0.0328 
77.3 -0.121 -0.0323 
77.3 -0.121 -0.0324 
77.3 -0.122 -0.0322 
77.3 -0.122 -0.0322 
77.3 -0.122 -0.0322 
77.3 -0.122 -0.0321 
77.3 -0.122 -0.0318 
77.3 -0.122 -0.032 
77.3 -0.123 -0.032 
77.3 -0.122 -0.0306 
77.3 -0.123 -0.0315 
77.3 -0.123 -0.0315 
77.3 -0.124 -0.0316 
77.3 -0.124 -0.0314 
77.3 -0.124 -0.0315 
77.3 -0.125 -0.0314 
77.3 -0.125 -0.0314 
77.3 -0.125 -0.0314 
77.3 -0.125 -0.0312 
77.3 -0.125 -0.0312 
77.3 -0.125 -0.0313 
77.3 -0.126 -0.0311 
77.3 -0.126 -0.0311 
77.3 -0.126 -0.0311 
77.3 -0.126 -0.0311 
77.3 -0.126 -0.0311 
77.3 -0.126 -0.0309 
77.3 -0.126 -0.0309 
77.3 -0.126 -0.0309 
77.3 -0.126 -0.0309 
77.3 -0.126 -0.0308 
77.3 -0.126 -0.0308 
77.3 -0.126 -0.0308 
77.3 -0.126 -0.0309 
77.3 -0.126 -0.0308 
77.3 -0.126 -0.0308 
77.3 -0.125 -0.0311 
77.3 -0.125 -0.0311 
77.3 -0.125 -0.0311 
77.3 -0.125 -0.031 
77.3 -0.125 -0.031 
77.3 -0.125 -0.0309 
77.3 -0.125 -0.0307 
77.3 -0.125 -0.0306 
77.3 -0.125 -0.0306 
77.3 -0.125 -0.0304 
77.3 -0.125 -0.0304 
77.3 -0.125 -0.0305 
77.3 -0.125 -0.0304 
77.3 -0.125 -0.0305 
77.3 -0.125 -0.0307 
77.3 -0.125 -0.0307 
77.3 -0.125 -0.0305 
77.3 -0.126 -0.0304 
77.3 -0.126 -0.0303 
77.3 -0.126 -0.0303 
77.3 -0.126 -0.0302 
77.3 -0.126 -0.0304 
77.3 -0.126 -0.0304 
77.3 -0.126 -0.0304 
77.3 -0.126 -0.0304 
77.3 -0.126 -0.0303 
77.3 -0.126 -0.0302 
77.3 -0.126 -0.0299 
77.3 -0.126 -0.0298 
77.3 -0.126 -0.0298 
77.3 -0.127 -0.0293 
77.3 -0.127 -0.0292 
77.3 -0.127 -0.0292 
77.3 -0.127 -0.0292 
77.3 -0.127 -0.0291 
77.3 -0.127 -0.029 
77.2 -0.127 -0.029 
77.2 -0.128 -0.0289 
77.2 -0.128 -0.0288 
77.2 -0.128 -0.0287 
77.2 -0.128 -0.0286 
77.2 -0.128 -0.0286 
77.2 -0.128 -0.0284 
77.2 -0.128 -0.0283 
77.2 -0.128 -0.028 
77.2 -0.128 -0.0279 
77.2 -0.128 -0.0279 
77.2 -0.128 -0.0278 
77.2 -0.128 -0.0278 
77.2 -0.128 -0.0277 
77.2 -0.129 -0.0277 
77.2 -0.129 -0.0277 
77.2 -0.129 -0.0272 
77.2 -0.129 -0.0272 
77.2 -0.129 -0.0271 
77.2 -0.129 -0.0272 
77.2 -0.129 -0.0272 
77.2 -0.129 -0.027 
77.2 -0.129 -0.027 
77.2 -0.129 -0.027 
77.2 -0.128 -0.0272 
77.2 -0.128 -0.0273 
77.2 -0.128 -0.0273 
77.2 -0.128 -0.0272 
77.2 -0.128 -0.0272 
77.2 -0.128 -0.0272 
77.2 -0.127 -0.0271 
77.2 -0.127 -0.0271 
77.1 -0.131 -0.0276 
77.2 -0.127 -0.0268 
77.2 -0.127 -0.0271 
77.1 -0.13 -0.0307 
77.2 -0.127 -0.0267 
77.2 -0.127 -0.0268 
77.2 -0.127 -0.0267 
77.2 -0.127 -0.0267 
77.2 -0.127 -0.0266 
77.2 -0.127 -0.0265 
77.2 -0.127 -0.0264 
77.2 -0.127 -0.0263 
77.2 -0.127 -0.0263 
77.2 -0.127 -0.0261 
77.2 -0.127 -0.0261 
77.2 -0.127 -0.026 
77.2 -0.128 -0.0259 
77.2 -0.127 -0.0261 
77.2 -0.127 -0.0261 
77.2 -0.127 -0.026 
77.2 -0.127 -0.026 
77.2 -0.127 -0.0261 
77.2 -0.127 -0.0261 
77.2 -0.127 -0.0261 
77.2 -0.128 -0.0258 
77.2 -0.128 -0.0254 
77.2 -0.127 -0.0254 
77.2 -0.127 -0.0255 
77.2 -0.127 -0.0257 
77.2 -0.127 -0.0259 
77.2 -0.127 -0.0257 
77.2 -0.127 -0.0257 
77.2 -0.127 -0.0257 
77.2 -0.127 -0.0256 
77.2 -0.127 -0.0257 
77.2 -0.128 -0.0255 
77.2 -0.127 -0.0258 
77.2 -0.127 -0.0258 
77.2 -0.127 -0.0258 
77.2 -0.127 -0.0258 
77.2 -0.127 -0.0257 
77.2 -0.127 -0.0257 
77.2 -0.127 -0.0257 
77.2 -0.127 -0.0256 
77.2 -0.127 -0.0256 
77.2 -0.127 -0.0255 
